Gender,Age,Height,Weight,family_history_with_overweight,FAVC,FCVC,NCP,CAEC,CH2O,SCC,FAF,TUE,CALC,NObeyesdad,BMI
1,24,169,8166,1,1,2,2,2,276,0,0,58,1,6,2.86
0,18,156,5700,1,1,2,3,1,200,0,1,60,2,1,2.34
0,18,171,5016,1,1,1,1,2,191,0,0,100,2,0,1.72
0,20,171,13127,1,1,3,3,2,167,0,1,46,1,4,4.49
1,31,191,9379,1,1,2,1,2,197,0,1,55,1,6,2.57
1,18,174,5155,1,1,2,3,2,213,0,1,60,1,0,1.7
1,29,175,11272,1,1,1,3,2,200,0,0,41,1,3,3.68
1,29,175,11820,1,1,1,3,2,200,0,0,0,1,3,3.86
1,17,170,7000,0,1,2,3,2,300,1,1,60,2,5,2.42
0,26,163,11127,1,1,3,3,2,263,0,0,13,1,4,4.19
0,20,165,6500,1,1,3,3,2,300,0,1,0,1,5,2.39
1,22,170,7000,1,0,2,3,3,200,0,2,60,2,1,2.42
1,18,181,10825,1,1,2,2,2,253,0,1,33,2,2,3.3
0,21,172,13152,1,1,3,3,2,195,0,1,56,1,4,4.45
0,20,157,4900,0,0,2,1,2,100,0,3,120,2,1,1.99
1,28,170,10259,1,1,2,3,2,100,0,1,55,1,3,3.55
0,34,170,8000,1,0,3,3,0,200,0,0,0,2,6,2.77
0,18,156,5000,0,1,3,3,2,100,0,1,0,1,1,2.05
1,22,170,8000,1,1,1,3,2,200,0,0,60,2,6,2.77
1,25,177,11447,1,1,1,3,2,123,0,1,37,1,3,3.65
0,22,167,8000,1,1,2,1,2,200,0,2,60,1,6,2.87
0,19,165,6400,1,1,2,3,2,100,0,1,0,1,1,2.35
0,25,166,11257,1,1,3,3,2,272,0,0,4,1,4,4.09
0,29,150,7792,1,1,2,1,2,100,0,0,0,1,2,3.46
1,18,175,5205,1,1,2,3,2,207,0,0,75,2,0,1.7
1,41,185,9607,1,1,2,3,2,300,0,2,0,0,2,2.81
0,26,161,11195,1,1,3,3,2,260,0,0,4,1,4,4.32
0,26,168,11121,1,1,3,3,2,248,0,0,15,1,4,3.94
0,20,155,4500,0,1,3,3,2,200,0,2,0,2,1,1.87
0,23,155,8000,1,0,2,3,2,200,0,1,0,2,6,3.33
1,23,185,11984,1,1,2,2,2,285,0,1,0,1,3,3.5
1,23,170,9700,1,0,2,3,2,300,0,3,0,2,2,3.36
0,26,164,11194,1,1,3,3,2,263,0,0,13,1,4,4.16
1,26,171,8646,1,1,2,3,2,172,0,0,27,1,6,2.96
1,29,175,11911,1,1,2,3,2,293,0,1,49,1,3,3.89
0,18,169,7969,0,1,1,1,2,100,0,1,42,1,5,2.79
1,20,170,8000,1,1,2,3,2,300,0,2,60,1,6,2.77
0,21,175,13380,1,1,3,3,2,286,0,1,55,1,4,4.37
0,27,170,7804,1,0,2,3,2,100,0,0,0,2,6,2.7
0,22,164,4960,1,1,2,3,1,143,0,2,60,2,0,1.84
0,21,157,4500,0,1,3,3,1,300,0,1,0,1,1,1.83
1,21,179,10500,1,1,2,1,2,300,0,1,60,1,2,3.28
1,21,165,8500,1,1,2,3,2,237,0,1,0,2,2,3.12
0,25,167,10737,1,1,3,3,2,150,0,0,52,1,4,3.85
1,19,174,7800,1,0,3,3,2,200,0,1,0,2,6,2.58
0,21,155,6800,0,1,2,3,1,200,0,2,60,1,5,2.83
1,30,183,12099,1,1,2,2,2,210,0,1,0,2,3,3.61
0,26,162,11194,1,1,3,3,2,277,0,0,5,1,4,4.27
0,37,150,8000,1,1,2,3,2,200,0,0,0,1,2,3.56
0,26,166,11194,1,1,3,3,2,278,0,0,25,1,4,4.06
1,22,184,12104,1,1,2,2,2,193,0,1,0,1,3,3.58
1,21,162,7000,0,0,2,1,3,300,0,1,0,2,5,2.67
0,19,159,4284,0,1,3,2,1,116,0,0,0,1,0,1.69
0,21,162,6900,1,0,2,3,1,100,0,1,120,2,5,2.63
0,25,164,11067,1,1,3,3,2,173,0,0,46,1,4,4.11
1,18,174,5483,1,1,2,2,2,272,0,0,0,2,0,1.81
1,55,170,8000,1,1,3,3,2,200,0,0,92,2,6,2.77
0,18,170,7800,1,1,3,3,1,100,0,1,60,1,6,2.7
0,21,156,6300,1,1,3,3,2,200,0,1,0,1,1,2.59
0,20,159,4459,0,1,3,3,1,244,1,1,0,2,0,1.76
0,22,170,5017,1,1,2,3,1,264,0,1,0,2,0,1.74
1,22,170,9735,1,1,2,1,2,200,0,0,74,1,2,3.37
0,26,161,11193,1,1,3,3,2,262,0,0,28,1,4,4.32
1,22,180,6500,0,1,3,3,2,200,0,2,0,2,1,2.01
1,23,176,11738,1,1,2,2,2,200,0,1,37,1,3,3.79
0,18,163,5000,0,0,3,4,1,200,0,2,60,1,0,1.88
0,22,162,8200,1,1,1,1,2,216,0,0,18,1,2,3.12
1,17,180,9100,1,1,2,3,2,200,0,1,60,1,6,2.81
1,29,183,8531,1,1,2,3,2,211,0,1,0,1,5,2.55
1,22,169,8171,1,1,2,2,2,174,0,0,0,1,6,2.86
1,23,180,9500,1,1,2,3,2,300,0,0,60,1,2,2.93
0,21,179,8812,1,1,3,1,2,300,0,1,0,2,2,2.75
0,18,174,13367,1,1,3,3,2,286,0,1,37,1,4,4.42
1,24,170,8301,1,1,2,2,2,200,0,0,27,1,6,2.87
0,25,163,10494,1,1,3,3,2,161,0,0,34,1,4,3.95
0,18,179,5000,1,1,3,3,2,100,0,1,0,1,0,1.56
0,21,163,7000,0,1,3,1,3,200,0,0,60,1,5,2.63
1,34,175,8786,1,1,2,3,2,300,0,2,56,2,6,2.87
1,21,160,6700,1,1,2,3,2,100,1,1,0,1,5,2.62
1,22,176,10500,0,1,3,1,2,200,0,2,60,1,2,3.39
0,38,156,8000,1,1,2,1,2,187,0,1,0,1,2,3.29
1,25,183,11775,1,1,2,3,2,211,0,1,2,1,3,3.52
1,23,170,5000,0,1,2,3,1,272,0,1,0,2,0,1.73
1,38,175,7500,1,1,3,3,1,200,0,2,0,1,5,2.45
1,37,177,11736,1,1,2,3,2,177,0,0,0,1,2,3.75
0,36,168,8332,1,1,2,3,2,251,0,0,0,2,6,2.95
0,26,164,11194,1,1,3,3,2,263,0,0,5,1,4,4.16
1,20,182,12087,1,1,2,3,2,139,0,0,45,1,3,3.65
0,26,164,11193,1,1,3,3,2,263,0,0,9,1,4,4.16
1,25,177,11413,1,1,2,3,2,215,0,1,44,1,3,3.64
0,43,169,7735,1,1,2,3,2,185,0,1,0,1,2,2.71
0,26,162,11040,1,1,3,3,2,269,0,0,28,1,4,4.21
0,16,171,6500,1,1,2,1,2,113,1,0,78,1,5,2.22
0,18,170,5000,1,1,1,3,1,200,0,0,120,1,0,1.73
1,25,178,11448,1,1,2,2,2,200,0,1,0,1,3,3.61
1,18,170,7500,1,1,2,3,2,163,0,1,27,2,5,2.6
1,25,182,12015,1,1,2,3,2,215,0,1,0,1,3,3.63
1,19,162,7000,0,1,2,3,2,100,0,1,0,1,5,2.67
0,26,164,11081,1,1,3,3,2,270,0,0,26,1,4,4.12
1,18,174,9500,1,1,2,3,2,200,0,2,120,2,2,3.14
0,38,150,6000,0,1,2,3,2,100,0,0,60,1,5,2.67
1,18,180,5000,1,1,2,4,1,200,0,2,60,1,0,1.54
1,30,183,12281,1,1,2,3,2,194,0,0,0,1,3,3.67
1,32,165,9000,1,1,2,1,2,300,0,1,0,2,2,3.31
0,26,162,11000,1,1,3,3,2,270,0,0,40,1,4,4.19
0,25,160,10236,1,1,3,3,2,105,0,0,32,1,4,4.0
0,26,162,11126,1,1,3,3,2,260,0,0,15,1,4,4.24
1,17,170,5600,0,1,2,3,0,200,0,1,60,1,1,1.94
0,20,175,13783,1,1,3,3,2,283,0,1,50,1,4,4.5
1,24,175,11240,1,1,2,3,2,200,0,0,0,2,3,3.67
1,22,180,9500,1,1,2,3,2,300,0,3,120,1,2,2.93
1,20,170,7200,1,1,2,3,2,200,0,3,0,2,1,2.49
0,18,163,5900,0,1,3,3,2,200,0,2,0,2,1,2.22
0,18,165,5100,1,1,3,3,2,200,0,1,60,1,0,1.87
1,18,176,5700,1,1,3,3,1,200,0,0,120,2,0,1.84
1,32,174,7600,1,1,3,3,1,100,0,0,0,1,5,2.51
1,19,179,10831,1,1,2,1,2,243,0,1,85,1,2,3.38
0,26,162,11092,1,1,3,3,2,267,0,0,16,1,4,4.23
0,18,172,13303,1,1,3,3,2,283,0,1,37,1,4,4.5
1,23,182,5800,0,1,2,3,2,100,0,1,60,2,1,1.75
0,38,174,8600,1,1,2,3,1,200,0,2,0,2,6,2.84
0,26,163,11191,1,1,3,3,2,271,0,0,5,1,4,4.21
0,21,163,6806,1,1,1,3,3,183,0,0,5,1,5,2.56
0,31,167,7271,1,1,2,3,2,200,0,0,60,1,6,2.61
1,22,176,9687,1,1,2,2,2,200,0,0,69,2,6,3.13
0,19,152,4200,0,0,3,1,1,152,1,0,51,1,0,1.82
1,18,182,7100,1,1,3,3,1,200,0,2,60,2,1,2.14
0,37,166,8099,1,1,2,3,2,165,0,0,47,1,2,2.94
0,21,163,6600,1,1,3,3,2,200,0,0,120,1,1,2.48
1,24,187,12124,1,1,2,2,2,154,0,0,0,1,3,3.47
1,19,184,6137,1,1,2,3,2,245,0,2,23,1,0,1.81
0,19,152,4200,0,1,2,3,1,161,1,1,25,1,0,1.82
1,23,175,12092,1,1,2,3,2,208,0,1,11,1,3,3.95
0,25,162,10990,1,1,3,3,2,143,0,0,37,1,4,4.19
1,18,178,10800,1,1,2,3,2,200,0,1,60,1,2,3.41
0,21,162,6898,1,1,1,3,3,219,0,0,9,1,5,2.63
0,21,174,7500,1,1,2,3,2,100,0,2,0,1,5,2.48
1,21,169,7500,0,1,2,3,2,100,0,1,0,1,5,2.63
0,21,170,7888,1,1,2,1,2,200,0,0,104,0,5,2.73
0,19,150,7160,1,0,3,3,2,200,0,1,60,2,6,3.18
0,21,181,15121,1,1,3,3,2,230,0,1,45,1,4,4.62
1,22,162,7000,0,1,2,1,2,200,0,1,0,1,5,2.67
1,17,169,6000,0,1,1,3,1,200,0,0,0,1,1,2.1
1,20,179,10502,1,1,2,3,2,300,0,2,95,1,2,3.28
1,25,177,11416,1,1,1,3,2,204,0,1,5,1,3,3.64
1,20,185,9100,1,1,2,3,1,200,0,1,60,1,6,2.66
1,20,165,10318,1,1,2,3,2,197,0,0,93,2,2,3.79
1,23,168,6000,0,1,2,3,2,100,0,0,60,2,1,2.13
0,21,171,13366,1,1,3,3,2,282,0,1,55,1,4,4.57
0,21,165,6200,0,1,2,3,2,100,1,1,0,2,1,2.28
1,24,177,12015,1,0,2,3,2,236,0,1,3,1,3,3.84
1,24,180,10050,1,1,2,1,2,100,0,1,60,2,3,3.1
0,24,160,4800,1,1,3,3,1,200,0,1,0,1,1,1.87
1,21,170,6500,1,1,2,3,1,200,0,1,60,1,1,2.25
0,21,168,7700,1,1,3,3,1,100,0,1,0,2,6,2.73
0,18,169,9000,1,1,2,1,2,200,0,1,60,1,2,3.15
1,30,193,12000,1,0,2,3,2,300,0,0,60,1,3,3.22
1,30,177,12000,1,1,2,3,2,200,0,0,79,1,3,3.83
0,26,164,11188,1,1,3,3,2,289,0,0,5,1,4,4.16
1,23,180,6650,1,1,2,3,2,300,0,3,120,2,1,2.05
1,18,170,7000,1,1,2,3,2,200,0,1,60,1,1,2.42
1,23,169,7500,1,0,2,3,2,300,0,1,60,1,6,2.63
0,30,156,5300,1,1,2,3,2,200,0,2,60,2,1,2.18
0,23,168,8000,1,1,2,2,2,197,0,0,116,1,6,2.83
0,21,160,7000,1,1,3,1,2,300,0,1,0,1,5,2.73
1,24,176,12002,1,1,2,3,2,183,0,1,4,1,3,3.87
0,25,160,10287,1,1,2,3,2,100,0,0,64,2,2,4.02
0,18,170,5000,0,1,2,3,2,100,0,1,60,1,0,1.73
0,17,171,6500,1,1,2,3,2,200,0,1,60,1,5,2.22
0,18,168,9000,1,1,2,3,2,149,0,0,0,1,2,3.19
1,27,170,7800,1,1,3,3,1,200,0,0,60,0,6,2.7
0,21,170,6200,1,1,3,3,2,200,0,2,0,1,1,2.15
1,17,183,8999,1,1,2,2,2,200,0,0,7,1,5,2.69
1,22,181,10535,1,1,2,2,2,251,0,2,108,1,2,3.22
0,19,155,6233,0,1,2,2,2,117,1,0,116,1,5,2.59
1,26,181,12104,1,1,2,2,2,185,0,1,0,1,3,3.69
1,17,171,9953,1,1,2,2,2,200,0,0,47,2,2,3.4
1,21,162,7000,0,0,3,1,3,300,0,1,0,1,5,2.67
0,16,160,6800,1,0,2,3,1,200,0,1,0,2,1,2.66
0,21,173,13361,1,1,3,3,2,131,0,1,44,1,4,4.46
0,19,171,5000,1,1,1,3,1,132,0,0,0,1,0,1.71
1,21,165,8800,1,1,2,3,2,200,0,0,60,2,2,3.23
1,21,160,10024,1,1,2,1,2,300,0,1,102,1,2,3.92
0,22,183,13348,1,1,3,3,2,286,0,1,51,1,4,3.99
1,24,175,12009,1,1,2,3,2,253,0,1,21,1,3,3.92
0,19,170,7800,1,1,3,1,1,300,0,1,60,1,6,2.7
1,21,165,8300,1,1,2,3,2,300,0,3,60,2,6,3.05
1,18,180,8600,0,1,3,3,2,200,0,2,60,1,5,2.65
0,26,163,11080,1,1,3,3,2,273,0,0,22,1,4,4.17
0,25,162,10476,1,1,3,3,2,268,0,0,37,1,4,3.99
0,42,166,9000,1,1,2,3,2,174,0,0,0,1,2,3.27
0,34,163,7726,1,1,2,1,2,232,0,0,23,2,6,2.91
1,21,175,7500,1,0,2,3,1,200,0,3,60,1,1,2.45
0,22,169,6500,1,1,2,3,1,200,0,0,120,1,1,2.28
1,21,170,6500,0,1,2,3,1,200,0,2,60,1,1,2.25
0,23,156,5100,1,1,2,4,1,100,0,0,120,0,1,2.1
1,27,170,7100,1,1,3,3,1,100,0,1,60,1,1,2.46
1,23,177,11510,1,1,2,3,2,215,0,0,84,1,3,3.67
1,25,183,12099,1,1,2,3,2,213,0,1,11,1,3,3.61
1,22,184,12128,1,1,3,2,2,154,0,0,67,1,3,3.58
1,25,161,10206,1,1,2,1,2,100,0,1,0,2,3,3.94
1,19,180,8000,1,1,2,3,2,200,0,2,60,1,5,2.47
0,19,180,16063,1,1,3,3,2,218,0,1,33,1,4,4.96
0,35,174,9000,1,1,3,3,2,297,0,1,0,1,6,2.97
1,19,170,7000,0,1,2,3,3,200,0,2,60,1,5,2.42
1,22,183,12064,1,1,2,2,2,293,0,1,49,1,3,3.6
1,31,186,12015,1,1,2,3,2,221,0,1,33,1,3,3.47
1,22,176,11920,1,1,1,3,2,201,0,1,43,1,3,3.85
1,31,176,11944,1,1,2,3,2,201,0,0,41,1,3,3.86
1,23,170,9954,1,1,2,1,2,200,0,1,0,2,3,3.44
1,26,186,12188,1,1,2,3,2,235,0,0,5,1,3,3.52
0,26,163,11193,1,1,3,3,2,261,0,0,32,1,4,4.21
1,25,177,11248,1,1,1,3,2,211,0,1,0,1,3,3.59
0,17,158,6500,1,1,2,1,2,300,1,1,60,2,5,2.6
0,19,165,6300,0,1,3,3,2,300,0,3,60,1,1,2.31
0,18,158,5362,0,1,2,3,2,100,0,0,60,1,5,2.15
0,21,176,13390,1,1,3,3,2,286,0,1,44,1,4,4.32
1,23,182,10642,1,1,2,3,2,264,0,0,60,1,2,3.21
1,18,182,5228,0,1,2,3,2,200,0,1,44,1,0,1.58
0,27,150,6389,1,1,2,3,2,127,0,0,0,1,5,2.84
0,22,175,5493,1,1,3,3,1,200,0,1,37,2,0,1.79
0,20,174,12649,1,1,3,3,2,127,0,1,54,1,4,4.18
1,33,169,8319,1,1,2,1,2,219,0,2,0,1,6,2.91
0,18,172,13368,1,1,3,3,2,205,0,1,38,1,4,4.52
0,18,160,5000,0,1,1,3,2,200,0,1,60,1,0,1.95
0,26,164,11186,1,1,3,3,2,263,0,0,10,1,4,4.16
1,31,176,11826,1,1,2,3,2,211,0,0,0,1,3,3.82
0,20,175,13390,1,1,3,3,2,186,0,1,42,1,4,4.37
1,23,172,7800,1,1,2,3,2,300,0,1,0,0,6,2.64
1,23,172,7800,1,1,3,3,2,200,0,1,0,2,6,2.64
1,18,171,5089,0,1,2,3,2,177,0,0,60,1,0,1.74
0,26,162,11163,1,1,3,3,2,270,0,0,5,1,4,4.25
0,26,165,11193,1,1,3,3,2,273,0,0,4,1,4,4.11
1,17,178,11040,1,1,2,3,2,200,0,0,96,2,2,3.48
0,23,161,6400,1,1,3,3,2,200,0,0,0,1,1,2.47
0,18,158,5300,1,1,2,3,2,200,0,2,60,1,1,2.12
1,17,185,8500,1,1,2,3,2,200,0,1,60,1,1,2.48
1,24,179,8983,1,1,1,2,2,200,0,0,44,1,6,2.8
1,18,172,6500,1,1,2,3,2,200,0,1,60,1,1,2.2
0,29,159,4900,1,1,2,3,2,100,0,0,0,1,1,1.94
0,21,152,4200,0,1,3,1,2,100,0,0,0,1,0,1.82
0,19,168,6890,0,1,1,1,2,166,0,0,97,1,5,2.44
1,22,170,9671,1,1,2,3,2,285,0,1,33,2,2,3.35
0,34,168,7720,1,0,3,2,2,200,0,1,56,1,6,2.74
0,21,152,5600,1,1,2,3,0,200,0,1,60,2,1,2.42
0,26,162,11194,1,1,3,3,2,272,0,0,5,1,4,4.27
0,38,170,7500,1,0,3,3,1,100,0,0,0,0,5,2.6
1,21,171,7500,1,1,3,3,1,200,0,1,0,1,5,2.56
0,26,158,11054,1,1,3,3,2,270,0,0,16,1,4,4.43
0,26,163,11194,1,1,3,3,2,264,0,0,27,1,4,4.21
0,21,172,13376,1,1,3,3,2,166,0,1,52,1,4,4.52
0,21,170,7800,1,0,3,1,2,200,0,1,0,0,2,2.7
1,26,180,8700,0,1,2,3,3,300,0,2,0,1,5,2.69
0,25,165,10495,1,1,3,3,2,191,0,0,0,1,4,3.85
0,19,152,4200,0,0,3,1,1,100,0,0,0,2,0,1.82
0,20,160,6500,1,1,3,3,2,200,0,1,0,1,5,2.54
0,25,173,10479,1,1,3,3,2,255,0,0,34,1,4,3.5
1,18,160,4800,1,1,2,3,1,200,0,1,60,2,1,1.87
0,21,165,5800,1,1,2,3,2,200,1,1,60,2,1,2.13
1,31,175,11227,1,1,2,3,2,144,0,0,23,1,3,3.67
1,22,178,12015,1,1,2,2,2,271,0,1,36,1,3,3.79
1,29,178,12919,1,1,2,3,2,100,0,1,0,1,3,4.08
0,34,167,7743,1,1,2,1,2,125,0,1,0,2,6,2.78
1,18,175,5233,1,1,2,3,2,200,0,0,89,1,0,1.71
1,28,170,7805,1,1,3,3,2,280,0,1,0,0,6,2.7
0,19,166,4983,0,1,1,3,2,104,0,2,60,1,0,1.81
0,21,172,13187,1,1,3,3,2,114,0,1,56,1,4,4.46
1,26,176,11843,1,1,2,3,2,222,0,0,0,1,3,3.82
0,26,162,10669,1,1,3,3,2,256,0,0,32,1,4,4.07
0,41,150,8000,1,1,2,1,2,100,0,1,0,2,2,3.56
0,22,180,10540,1,1,3,3,2,262,0,1,32,1,2,3.25
1,32,168,10202,1,1,2,2,2,100,0,1,0,2,3,3.61
1,18,175,7000,0,1,2,4,2,200,0,1,60,1,1,2.29
1,30,175,11838,1,1,2,3,2,220,0,1,62,1,3,3.87
1,18,184,5600,1,1,2,3,2,200,0,2,60,1,0,1.65
0,18,156,5300,1,1,3,3,1,200,0,0,120,1,1,2.18
1,32,169,10281,1,1,2,2,2,100,0,0,60,2,3,3.6
0,32,168,7488,1,1,2,2,2,184,0,0,0,1,5,2.65
0,18,171,8227,1,1,2,3,2,127,0,0,0,2,2,2.81
1,21,170,7500,0,1,2,3,2,200,0,2,60,1,5,2.6
0,41,153,6200,1,1,2,1,2,200,0,0,0,2,5,2.65
0,25,162,10498,1,1,3,3,2,165,0,0,32,1,4,4.0
0,19,167,4966,0,1,2,4,2,115,0,2,60,1,0,1.78
0,26,163,11121,1,1,3,3,2,277,0,0,10,1,4,4.19
1,27,191,12936,1,1,2,3,2,128,0,1,0,1,3,3.55
0,21,160,6500,1,1,2,3,2,300,0,1,60,1,5,2.54
0,26,164,11191,1,1,3,3,2,253,0,0,27,1,4,4.16
0,25,161,10481,1,1,3,3,2,107,0,0,43,1,4,4.04
0,22,164,8240,1,1,2,2,2,235,0,2,75,1,2,3.06
1,23,170,8000,1,1,2,2,2,200,0,2,0,1,6,2.77
1,30,176,10998,1,1,2,3,2,100,0,1,0,2,3,3.55
0,18,162,5000,0,1,3,3,1,200,0,1,60,2,0,1.91
1,17,181,5929,1,1,2,3,2,200,0,2,10,2,0,1.81
0,22,162,8285,1,1,1,3,2,200,0,0,37,1,2,3.16
1,18,165,8500,1,1,2,3,2,200,0,1,60,1,6,3.12
0,23,163,5300,1,1,2,3,2,200,1,2,120,2,1,1.99
0,18,160,5600,0,1,2,1,2,200,0,1,0,1,1,2.19
0,19,175,4200,0,1,3,2,2,270,0,1,0,1,0,1.37
1,31,182,12034,1,1,2,3,2,231,0,1,81,1,3,3.63
0,19,165,6000,1,1,2,3,1,200,0,1,60,1,1,2.2
1,17,180,8500,1,1,2,3,2,300,0,3,60,1,5,2.62
1,29,177,12060,1,1,2,3,2,214,0,0,85,1,3,3.85
0,23,155,6000,1,1,3,4,1,200,0,1,0,1,1,2.5
1,31,180,9105,1,1,1,2,2,200,0,0,10,1,6,2.81
1,33,172,8300,1,1,2,1,2,200,0,3,60,1,6,2.81
0,39,155,8000,1,1,2,3,2,100,0,0,0,1,2,3.33
1,19,180,8000,1,1,3,3,1,300,0,2,60,2,5,2.47
0,20,176,13345,1,1,3,3,2,142,0,1,53,1,4,4.31
1,40,163,11135,1,1,2,2,2,100,0,0,10,2,3,4.19
0,25,160,10491,1,1,3,3,2,132,0,0,40,1,4,4.1
0,44,158,8055,1,1,2,1,2,200,0,1,0,1,5,3.23
1,30,176,11853,1,1,2,3,2,279,0,0,66,1,3,3.83
0,37,154,8000,1,1,2,2,2,200,0,0,0,1,2,3.37
0,26,161,10492,1,1,3,3,2,258,0,0,24,1,4,4.05
1,20,165,8000,1,1,2,3,2,200,0,1,60,2,6,2.94
1,31,165,9000,1,1,2,3,2,200,0,0,60,2,3,3.31
1,19,180,8526,1,1,2,3,2,251,0,1,8,1,5,2.63
1,22,180,9500,1,1,2,3,2,200,0,1,60,1,6,2.93
1,18,170,5000,1,1,2,3,1,200,0,1,60,2,1,1.73
1,23,170,8328,0,1,2,1,2,248,0,0,28,1,2,2.88
1,22,175,11659,1,1,1,3,1,200,0,0,95,2,2,3.81
1,17,170,5924,1,1,2,3,2,200,0,2,60,2,0,2.05
0,17,156,4900,0,1,2,3,2,200,0,2,60,1,0,2.01
0,26,162,11195,1,1,3,3,2,261,0,0,4,1,4,4.27
0,22,160,4500,0,0,3,3,1,200,0,3,0,2,0,1.76
0,19,163,6000,1,0,2,3,1,100,0,0,60,1,1,2.26
0,21,159,4437,0,0,2,1,1,191,0,0,0,2,0,1.76
1,23,172,8200,1,1,3,1,1,200,0,0,120,1,5,2.77
1,18,179,5233,0,1,2,3,2,127,0,0,113,1,0,1.63
0,18,170,8285,1,1,2,3,2,218,0,1,118,1,6,2.87
0,18,162,6825,1,1,2,3,2,131,0,0,97,1,5,2.6
1,19,171,5000,1,1,2,3,2,108,0,0,120,1,0,1.71
0,26,164,11194,1,1,3,3,2,273,0,0,2,1,4,4.16
0,18,170,5000,0,1,1,3,1,100,0,1,120,1,0,1.73
1,29,178,11512,1,1,2,3,2,204,0,1,85,1,3,3.63
0,22,163,8200,1,1,1,1,2,200,0,0,18,2,2,3.09
0,25,162,10999,1,1,3,3,2,239,0,0,28,1,4,4.19
0,26,163,11172,1,1,3,3,2,262,0,0,8,1,4,4.2
0,26,163,11172,1,1,3,3,2,171,0,0,55,1,4,4.2
1,18,182,7100,0,1,3,3,2,200,0,1,60,2,1,2.14
0,25,162,10481,1,1,3,3,2,152,0,0,25,1,4,3.99
0,26,164,11188,1,1,3,3,2,262,0,0,10,1,4,4.16
1,21,167,7500,0,1,3,3,2,200,0,1,60,1,5,2.69
1,35,175,8500,1,1,3,3,1,300,0,1,0,0,6,2.78
1,37,175,11866,1,1,2,3,2,210,0,0,0,1,2,3.87
0,26,162,11193,1,1,3,3,2,262,0,0,5,1,4,4.26
0,18,165,5600,1,1,2,3,2,200,0,3,0,1,1,2.06
1,17,176,6800,1,1,2,3,1,200,0,2,60,2,1,2.2
1,30,172,12967,1,1,3,3,2,183,0,0,60,1,3,4.38
0,21,154,4200,0,1,3,3,1,200,0,1,0,1,0,1.77
1,17,180,5900,1,1,2,3,2,200,0,2,60,1,0,1.82
0,20,163,5900,1,1,3,3,2,200,0,2,60,2,1,2.22
1,21,162,5800,0,1,2,3,2,200,1,1,0,1,1,2.21
0,29,162,7300,1,0,2,3,2,100,0,1,0,2,6,2.78
1,22,168,8980,1,1,2,1,2,200,0,0,0,1,2,3.18
1,23,165,9500,1,1,2,3,1,300,0,3,60,2,2,3.49
0,25,167,10470,1,1,3,3,2,123,0,0,35,1,4,3.75
0,20,158,4800,0,1,1,1,2,100,0,0,0,1,1,1.92
0,21,171,13140,1,1,3,3,2,165,0,1,54,1,4,4.49
0,18,162,5300,0,1,2,1,2,100,0,1,60,2,1,2.02
0,26,164,11155,1,1,3,3,2,241,0,0,7,1,4,4.15
1,33,177,9000,1,1,2,3,2,200,0,1,0,1,2,2.87
0,16,150,5600,1,1,3,3,2,200,0,0,0,2,1,2.49
0,20,173,13294,1,1,3,3,2,183,0,1,55,1,4,4.44
0,20,160,12993,1,1,3,3,2,153,0,0,43,1,4,5.08
0,35,165,8099,1,1,2,2,2,100,0,0,51,2,6,2.97
1,21,172,8000,1,1,2,3,2,100,0,0,120,1,6,2.7
1,25,187,10500,1,1,3,3,2,100,0,0,60,2,3,3.0
1,23,184,12124,1,1,2,2,2,182,0,0,0,1,3,3.58
0,20,169,6500,1,1,2,1,1,200,0,1,60,1,1,2.28
0,26,163,11067,1,1,3,3,2,263,0,0,26,1,4,4.17
1,23,183,6700,1,1,2,3,2,300,0,1,60,1,1,2.0
1,17,180,8560,1,0,1,2,2,200,0,0,42,1,6,2.64
1,22,177,10513,1,1,2,3,2,213,0,0,108,1,2,3.36
0,30,173,7866,1,1,2,3,2,139,0,0,0,0,6,2.63
1,24,184,11729,1,1,1,2,2,200,0,1,37,1,3,3.46
1,21,176,10500,1,1,2,3,2,100,0,1,0,1,2,3.39
0,25,168,10432,1,1,3,3,2,144,0,0,60,1,4,3.7
0,26,163,11185,1,1,3,3,2,278,0,0,5,1,4,4.21
0,22,150,6410,1,0,2,1,2,200,0,2,119,2,6,2.85
0,22,165,8000,1,1,2,1,1,300,0,1,120,2,6,2.94
0,26,162,11016,1,1,3,3,2,270,0,0,37,1,4,4.2
0,19,176,4912,0,0,2,3,1,198,0,1,0,1,0,1.59
1,17,180,5980,1,1,2,4,1,200,0,2,60,1,0,1.85
1,20,180,8500,0,1,2,3,2,300,0,2,60,1,5,2.62
1,20,172,5205,1,1,2,3,1,200,0,0,4,2,0,1.76
0,22,165,6700,1,1,3,1,2,200,0,1,120,1,5,2.46
1,22,181,10500,1,1,2,3,2,276,0,1,0,2,2,3.21
0,26,162,11186,1,1,3,3,2,268,0,0,13,1,4,4.26
0,23,176,6000,0,1,2,3,2,200,0,2,0,1,1,1.94
0,26,162,11026,1,1,3,3,2,260,0,0,11,1,4,4.2
0,22,173,9409,1,1,2,2,2,200,0,0,120,2,2,3.14
1,21,174,6800,0,0,2,3,1,200,0,0,60,2,1,2.25
1,33,184,8400,1,1,3,3,2,200,0,3,120,1,1,2.48
0,24,172,11234,1,1,3,3,2,279,0,0,10,1,4,3.8
0,25,164,10482,1,1,3,3,2,160,0,0,39,1,4,3.9
0,25,162,10810,1,1,3,3,2,148,0,0,15,1,4,4.12
0,38,167,8624,1,1,2,1,2,207,0,1,0,2,2,3.09
1,34,171,8474,1,1,2,3,2,200,0,2,0,1,6,2.9
0,20,158,4391,0,0,2,1,1,197,0,0,0,2,0,1.76
1,24,176,11210,1,1,1,3,2,200,0,1,0,1,3,3.62
0,21,165,8000,1,1,2,3,2,200,0,2,60,1,6,2.94
0,18,170,8500,1,1,2,3,1,200,0,2,60,0,2,2.94
0,18,155,5500,1,1,2,3,2,100,0,1,60,2,1,2.29
0,26,164,11183,1,1,3,3,2,253,0,0,16,1,4,4.16
1,21,170,12000,1,1,2,3,2,200,0,1,60,2,2,4.15
1,23,171,7500,1,1,2,3,2,200,0,1,120,0,5,2.56
1,24,175,12000,1,1,2,3,2,200,0,1,22,1,3,3.92
1,23,176,12128,1,1,2,2,2,196,0,1,50,1,3,3.92
1,21,173,9694,1,1,2,3,2,200,0,0,80,2,2,3.24
0,21,154,4206,0,0,3,2,1,100,0,0,12,1,0,1.77
0,25,166,10990,1,1,3,3,2,155,0,0,48,1,4,3.99
0,21,174,13346,1,1,3,3,2,183,0,1,53,1,4,4.41
0,27,154,4900,1,1,2,3,2,100,0,2,60,1,1,2.07
0,21,162,6800,0,1,2,1,2,100,0,1,0,2,1,2.59
1,26,180,7200,0,1,3,3,2,200,0,2,0,1,1,2.22
1,19,170,6500,0,0,3,3,2,100,0,1,60,1,1,2.25
0,19,155,4500,0,1,2,3,2,200,1,2,0,1,0,1.87
1,24,160,5600,1,1,2,3,1,200,0,0,0,1,1,2.19
0,20,171,13157,1,1,3,3,2,288,0,1,3,1,4,4.5
0,37,155,7713,1,1,2,3,2,100,0,0,0,1,2,3.21
0,20,178,4910,1,0,2,3,1,294,0,2,75,2,0,1.55
0,25,162,10999,1,1,3,3,2,208,0,0,40,1,4,4.19
0,26,162,11187,1,1,3,3,2,277,0,0,9,1,4,4.26
0,18,161,8203,1,1,2,3,2,154,0,0,0,1,2,3.16
0,17,160,5300,0,1,2,3,2,297,0,2,105,1,0,2.07
1,18,179,10801,1,1,2,1,2,200,0,0,93,2,2,3.37
0,20,150,4200,0,1,2,1,1,100,0,0,0,1,0,1.87
0,21,173,13376,1,1,3,3,2,194,0,1,55,1,4,4.47
1,26,176,11833,1,1,2,3,2,235,0,0,82,1,3,3.82
1,25,170,8300,1,1,3,1,2,200,0,2,120,1,6,2.87
1,27,178,11733,1,1,2,3,2,117,0,0,53,1,3,3.7
1,21,178,11820,1,1,2,3,2,200,0,0,108,1,2,3.73
0,26,162,11054,1,1,3,3,2,270,0,0,14,1,4,4.21
0,18,170,5800,1,1,2,3,1,100,0,1,0,1,1,2.01
1,20,170,7500,0,1,2,3,2,213,0,0,7,0,5,2.6
1,30,175,11239,1,1,1,3,2,211,0,0,41,1,3,3.67
0,23,170,5600,0,1,3,3,1,200,0,0,120,1,1,1.94
1,33,169,8341,1,1,2,1,2,273,0,2,0,2,6,2.92
0,19,170,7700,1,1,3,3,1,100,0,2,60,0,6,2.66
0,26,162,11071,1,1,3,3,2,276,0,0,34,1,4,4.22
0,26,163,10569,1,1,3,3,2,262,0,0,28,1,4,3.98
0,19,165,4900,1,1,3,3,2,100,0,1,60,2,0,1.8
1,31,189,8843,1,1,2,2,2,196,0,0,0,1,6,2.48
0,24,150,4500,1,1,1,3,2,100,0,0,60,2,1,2.0
1,22,187,12104,1,1,2,2,2,264,0,1,26,1,3,3.46
0,21,166,5800,1,1,2,1,0,100,0,0,60,2,1,2.1
1,21,179,8975,1,1,2,3,2,130,0,0,57,1,5,2.8
0,17,168,6000,1,1,1,3,2,200,0,0,60,2,1,2.13
1,24,177,11836,1,1,2,3,2,283,0,0,0,1,3,3.78
1,30,182,12372,1,1,2,2,2,131,0,1,62,1,3,3.74
1,19,170,7500,1,1,3,3,1,200,0,2,60,0,5,2.6
0,26,163,11188,1,1,3,3,2,255,0,0,22,1,4,4.21
1,33,170,10366,1,1,2,2,2,195,0,1,0,2,6,3.59
0,18,174,13376,1,1,3,3,2,283,0,1,44,1,4,4.42
1,17,180,6500,0,1,3,3,1,200,0,2,60,1,1,2.01
1,31,182,8998,1,1,2,3,2,178,0,1,59,1,5,2.72
0,18,174,13366,1,1,3,3,2,284,0,1,51,1,4,4.41
1,23,175,7800,1,1,3,3,2,200,0,1,120,1,6,2.55
0,18,174,13384,1,1,3,3,2,283,0,1,46,1,4,4.42
1,33,185,9700,1,1,3,3,2,200,0,2,60,2,6,2.83
1,23,170,8400,1,1,2,3,2,200,0,2,0,1,2,2.91
0,26,162,11067,1,1,3,3,2,270,0,0,20,1,4,4.22
0,26,163,11092,1,1,3,3,2,265,0,0,27,1,4,4.17
0,26,164,11193,1,1,3,3,2,247,0,0,7,1,4,4.16
1,33,170,8300,1,1,3,1,2,200,0,0,0,2,6,2.87
1,22,179,8965,1,1,1,2,2,200,0,0,80,1,2,2.8
1,19,172,7000,0,1,2,1,2,200,0,1,60,1,1,2.37
0,26,163,11172,1,1,3,3,2,270,0,0,15,1,4,4.2
0,23,170,7500,1,1,2,3,1,100,0,0,60,1,5,2.6
1,32,170,8370,1,0,2,3,2,149,0,1,0,2,6,2.9
1,21,162,6957,0,1,2,1,3,200,1,1,60,1,5,2.65
0,41,156,8105,1,1,2,3,2,100,0,0,0,1,2,3.33
1,25,176,11545,1,1,1,3,2,282,0,1,4,1,3,3.73
0,24,176,11277,1,1,3,3,2,270,0,2,10,1,4,3.64
1,21,167,7500,1,1,2,3,2,167,0,1,0,1,5,2.69
1,18,187,5200,0,1,2,3,2,200,0,2,60,2,0,1.49
0,27,150,6200,0,1,3,1,2,100,0,0,0,1,5,2.76
1,30,191,12999,1,1,2,3,2,129,0,1,0,1,3,3.56
1,18,169,9000,1,1,2,2,2,195,0,1,51,2,2,3.15
0,25,165,12104,1,1,3,3,2,293,0,0,0,1,4,4.45
1,26,177,11995,1,1,1,3,2,208,0,1,8,1,3,3.83
1,21,170,9800,1,1,2,3,2,200,0,1,120,2,2,3.39
1,23,172,9784,1,1,2,3,2,300,0,3,73,1,2,3.31
0,21,173,13187,1,1,3,3,2,132,0,1,56,1,4,4.41
0,26,164,11193,1,1,3,3,2,261,0,0,6,1,4,4.16
0,23,177,13345,1,1,3,3,2,263,0,1,53,1,4,4.26
1,18,183,10500,1,1,2,3,2,300,0,0,60,1,2,3.14
1,30,178,12054,1,1,2,3,2,235,0,1,32,1,3,3.8
1,25,184,12064,1,1,2,3,2,235,0,1,0,1,3,3.56
0,37,156,8000,1,1,2,1,2,100,0,1,0,2,2,3.29
1,18,171,7500,1,1,2,3,2,200,0,1,60,2,5,2.56
0,21,153,5300,0,1,2,1,2,100,0,1,0,1,5,2.26
1,20,167,6500,1,1,2,3,1,100,0,1,60,2,1,2.33
1,17,180,8500,0,1,3,3,2,200,0,3,0,2,5,2.62
0,21,151,6410,1,0,2,1,2,100,0,0,0,2,6,2.81
0,37,150,6300,1,1,3,3,2,200,0,0,120,0,5,2.8
0,19,155,6300,0,1,2,3,1,100,0,2,60,1,5,2.62
1,19,185,8843,1,1,2,3,2,266,0,1,9,1,5,2.58
1,23,182,6318,1,1,2,3,2,200,0,0,0,1,0,1.91
1,24,184,9795,1,1,2,1,2,200,0,0,60,1,3,2.89
1,34,174,7300,0,0,2,3,2,200,0,2,60,1,1,2.41
0,21,150,4200,0,1,3,1,1,100,0,0,0,1,0,1.87
0,21,174,13367,1,1,3,3,2,283,0,1,52,1,4,4.42
0,17,161,6777,1,1,2,1,2,292,1,0,110,2,5,2.61
0,25,164,10470,1,1,3,3,2,263,0,0,15,1,4,3.89
1,22,184,12142,1,1,2,3,2,159,0,1,0,1,3,3.59
0,25,166,10457,1,1,3,3,2,135,0,0,32,1,4,3.79
1,17,170,5000,0,1,2,4,1,200,0,2,60,1,0,1.73
0,19,152,4200,0,1,3,1,1,183,0,1,4,1,0,1.82
0,43,158,7916,1,1,2,3,2,108,0,0,0,1,2,3.17
1,18,173,5149,1,1,1,3,2,135,0,0,116,1,0,1.72
0,19,169,4971,0,0,2,3,2,200,1,1,60,1,0,1.74
0,22,161,8203,1,1,2,1,2,200,0,0,120,1,2,3.16
0,26,164,11187,1,1,3,3,2,262,0,0,16,1,4,4.16
0,21,165,8000,1,1,2,1,2,200,0,2,0,1,5,2.94
0,38,161,7934,1,1,3,3,2,262,0,0,27,1,2,3.06
0,40,156,8000,1,1,2,1,2,162,0,0,5,1,2,3.29
0,25,162,10502,1,1,3,3,2,152,0,0,32,1,4,4.0
0,20,176,13104,1,1,3,3,2,172,0,1,51,1,4,4.23
1,41,175,9500,0,1,2,3,2,300,0,2,0,1,2,3.1
1,21,170,7500,1,1,3,3,2,200,0,1,60,1,5,2.6
0,18,167,9000,1,1,2,3,2,100,0,1,0,2,2,3.23
0,22,173,5000,1,1,3,3,1,100,0,2,60,2,0,1.67
1,27,178,12092,1,1,2,3,2,231,0,0,0,1,3,3.82
0,18,174,12511,1,1,3,3,2,154,0,0,27,1,4,4.13
0,43,164,8449,1,1,2,3,2,200,0,0,0,2,2,3.14
1,18,181,5894,1,1,2,3,2,200,0,1,60,1,0,1.8
1,18,175,5143,1,1,3,3,2,204,0,2,112,1,0,1.68
0,19,160,5100,1,1,2,4,2,300,1,2,0,1,1,1.99
1,17,171,5800,1,1,3,4,1,300,0,2,60,2,0,1.98
0,25,162,10998,1,1,3,3,2,221,0,0,33,1,4,4.19
0,21,158,4400,0,1,3,1,1,200,0,1,0,1,0,1.76
0,18,174,13366,1,1,3,3,2,286,0,1,56,1,4,4.41
0,22,150,5600,1,1,2,1,2,200,0,0,0,1,1,2.49
0,17,166,5800,1,1,3,3,2,200,0,1,60,2,1,2.1
0,18,168,6400,1,1,3,3,2,100,0,2,0,2,1,2.27
1,31,170,9000,1,1,2,3,2,200,0,1,0,1,2,3.11
0,21,150,7800,1,1,2,1,2,200,0,2,0,1,2,3.47
1,21,172,7500,0,1,3,1,2,300,0,2,0,1,5,2.54
1,17,170,5000,0,1,1,3,2,200,0,2,60,1,0,1.73
0,17,160,5600,0,1,3,3,1,200,0,1,60,1,1,2.19
0,19,160,4500,0,0,2,4,1,248,1,2,47,1,0,1.76
1,21,180,6500,1,0,2,4,1,200,1,2,120,2,1,2.01
1,31,175,11829,1,1,2,3,2,210,0,0,0,1,3,3.86
1,20,189,8000,1,1,3,3,1,300,0,2,0,1,1,2.24
1,26,180,8700,1,1,2,3,2,200,0,1,0,1,5,2.69
0,21,167,7735,1,0,2,1,2,217,0,1,58,1,6,2.77
1,34,183,9900,1,1,2,1,2,200,0,1,0,2,6,2.96
1,25,181,11448,1,1,2,3,2,214,0,1,40,1,3,3.49
1,30,176,11839,1,1,3,3,2,211,0,0,105,1,3,3.82
0,26,164,11155,1,1,3,3,2,260,0,0,5,1,4,4.15
1,21,170,7100,0,1,3,3,2,100,0,1,60,1,1,2.46
0,21,171,13226,1,1,3,3,2,177,0,1,49,1,4,4.52
1,18,170,7800,0,0,2,3,2,200,0,1,60,2,6,2.7
0,18,160,8300,1,1,2,3,2,105,0,1,0,2,2,3.24
1,24,170,9919,1,1,2,1,2,100,0,1,6,1,3,3.43
0,18,171,13316,1,1,3,3,2,279,0,1,54,1,4,4.55
1,25,174,7200,1,1,2,3,2,200,1,0,0,1,1,2.38
0,18,160,5000,1,1,2,3,2,100,0,1,0,2,1,1.95
0,19,160,4500,0,1,3,4,1,200,1,2,0,1,0,1.76
0,26,163,11188,1,1,3,3,2,261,0,0,8,1,4,4.21
0,22,154,5000,0,1,2,3,2,300,0,2,60,1,1,2.11
0,20,180,15141,1,1,3,3,2,230,0,1,55,1,4,4.67
1,21,170,7500,1,1,3,3,1,200,0,0,120,1,5,2.6
0,28,156,7172,1,1,3,3,2,200,0,2,60,1,5,2.95
0,20,180,15587,1,1,3,3,2,241,0,0,56,1,4,4.81
1,18,184,10889,1,1,2,1,2,245,0,1,60,2,2,3.22
1,21,162,7000,1,1,2,1,2,200,0,1,0,2,5,2.67
1,21,171,7505,1,1,2,3,2,117,0,1,0,1,5,2.57
1,18,177,10812,1,1,2,1,2,202,0,0,120,2,2,3.45
1,21,179,10558,1,1,2,3,2,177,0,0,60,1,2,3.3
0,23,163,8301,1,1,2,1,2,298,0,0,0,2,2,3.12
1,25,184,11840,1,1,2,2,2,200,0,1,0,1,3,3.5
0,18,161,5100,0,1,3,1,2,100,0,1,0,2,1,1.97
0,20,173,13384,1,1,3,3,2,284,0,1,55,1,4,4.47
1,26,175,8000,1,0,2,3,2,200,1,2,0,1,5,2.61
0,18,173,5000,0,1,2,3,2,200,0,1,62,1,0,1.67
0,26,162,11060,1,1,3,3,2,265,0,0,27,1,4,4.21
1,24,179,12099,1,1,3,3,2,300,0,1,6,1,3,3.78
1,22,172,7500,0,1,2,3,1,200,0,1,60,1,5,2.54
1,21,171,9829,1,1,2,1,2,200,0,0,120,2,2,3.36
0,55,163,8000,1,1,2,3,2,200,0,0,0,2,2,3.01
1,30,169,10268,1,1,3,3,2,100,0,0,120,2,3,3.6
1,43,177,7500,1,1,2,3,1,100,0,1,0,0,2,2.39
0,18,180,13803,1,1,3,3,2,250,0,1,48,1,4,4.26
0,25,160,10295,1,1,3,3,2,104,0,0,43,1,4,4.02
1,23,176,7000,1,1,3,4,1,100,1,0,120,1,1,2.26
0,18,174,13301,1,1,3,3,2,267,0,1,44,1,4,4.39
0,26,163,11193,1,1,3,3,2,273,0,0,33,1,4,4.21
1,24,170,7800,1,1,3,3,2,300,0,1,120,0,6,2.7
0,21,169,7800,1,1,3,1,2,200,0,2,0,1,5,2.73
0,28,170,7800,1,1,2,3,1,100,0,1,60,1,6,2.7
1,33,175,11811,1,1,2,3,2,113,0,1,0,1,3,3.86
1,17,180,6000,1,1,2,3,0,200,0,0,60,1,1,1.85
0,25,162,10485,1,1,3,3,2,265,0,0,49,1,4,4.0
0,20,172,13294,1,1,3,3,2,185,0,1,53,1,4,4.49
0,19,167,4998,1,1,2,3,1,179,0,2,50,2,0,1.79
1,20,181,6900,0,1,2,3,0,300,0,3,0,1,1,2.11
1,18,170,8500,1,0,3,3,2,200,0,1,0,1,6,2.94
1,26,185,10571,1,1,2,3,2,300,0,2,95,1,2,3.09
0,18,176,7500,1,1,2,3,2,116,0,0,113,2,5,2.42
0,21,175,7800,1,1,2,3,2,239,0,1,57,1,5,2.55
0,26,163,11188,1,1,3,3,2,267,0,0,8,1,4,4.21
1,19,183,8200,1,1,3,3,0,300,1,3,0,1,5,2.45
1,30,169,10281,1,1,2,1,2,100,0,1,0,2,3,3.6
1,20,163,8300,0,1,2,1,2,200,0,1,0,1,2,3.12
1,19,181,6141,0,1,3,3,2,139,0,2,49,1,0,1.87
1,29,176,12976,1,1,2,3,2,192,0,0,0,1,3,4.19
0,26,162,10481,1,1,3,3,2,274,0,0,32,1,4,3.99
1,28,170,8000,1,0,2,3,1,200,0,2,60,0,6,2.77
0,26,163,11188,1,1,3,3,2,263,0,0,12,1,4,4.21
0,26,160,6500,1,1,2,3,2,255,0,0,12,1,5,2.54
1,19,175,5499,1,1,2,3,2,297,0,1,24,2,0,1.8
1,38,176,11840,1,1,2,3,2,213,0,0,0,1,3,3.82
1,24,175,11600,1,1,1,3,1,300,0,0,60,1,3,3.79
0,21,171,12826,1,1,3,3,2,197,0,1,46,1,4,4.39
0,18,167,5000,1,1,3,3,1,200,0,1,120,2,0,1.79
0,22,171,5498,1,1,2,3,1,200,0,1,60,2,0,1.88
0,21,160,7500,1,1,3,3,2,200,0,1,0,1,5,2.93
1,18,175,5112,1,1,2,3,2,200,0,0,94,1,0,1.67
1,18,175,9636,1,1,2,3,2,200,0,0,92,2,2,3.15
1,29,175,11820,1,1,2,2,2,194,0,1,0,1,3,3.86
0,21,155,4200,0,1,3,1,2,200,0,0,0,1,0,1.75
1,21,184,10649,1,1,2,1,2,200,0,1,60,2,2,3.15
1,19,171,5000,0,1,1,3,2,124,0,0,79,1,0,1.71
1,22,170,8400,1,1,2,3,2,200,0,3,0,2,1,2.91
0,23,160,6000,1,1,2,3,0,200,0,1,0,1,1,2.34
1,33,168,8356,1,1,2,3,2,200,0,0,118,2,6,2.96
1,21,166,9857,1,1,2,1,2,276,0,0,97,2,2,3.58
0,25,161,10255,1,1,3,3,2,143,0,0,27,1,4,3.96
1,30,164,10301,1,1,2,2,2,100,0,1,0,2,3,3.83
0,17,156,5500,0,1,3,3,2,100,0,1,60,1,1,2.26
0,26,162,11193,1,1,3,3,2,265,0,0,5,1,4,4.26
1,23,170,6600,0,0,3,3,2,200,0,0,0,1,1,2.28
1,30,181,12081,1,1,2,3,2,235,0,0,81,1,3,3.69
0,21,167,6200,0,1,3,3,2,200,0,1,0,0,1,2.22
1,22,187,12127,1,1,2,2,2,197,0,1,60,1,3,3.47
1,21,170,8000,1,1,2,1,2,122,0,0,60,2,6,2.77
1,17,175,9800,1,1,2,3,2,300,0,3,0,2,2,3.2
0,17,160,4900,0,1,3,4,2,200,0,2,60,1,0,1.91
0,25,162,10995,1,1,3,3,2,267,0,0,28,1,4,4.19
0,23,166,6000,1,1,2,1,2,200,0,1,60,1,1,2.18
1,18,179,7800,1,0,2,3,2,200,0,2,0,2,1,2.43
1,24,175,6400,0,1,2,3,2,200,0,2,60,1,1,2.09
1,28,170,8132,1,1,2,1,2,161,0,1,111,1,6,2.81
1,28,176,11833,1,1,2,2,2,177,0,1,0,1,3,3.82
1,24,170,8434,1,1,2,3,2,200,0,0,37,1,6,2.92
1,23,181,10500,1,1,2,3,2,162,0,0,32,1,2,3.21
0,19,185,8710,1,1,2,3,2,200,0,0,87,1,6,2.54
0,23,164,5492,1,0,2,3,1,200,0,0,95,2,0,2.04
1,24,175,6900,0,0,2,3,2,200,0,2,120,1,1,2.25
1,23,170,7500,1,1,2,3,2,248,1,0,110,1,5,2.6
1,21,158,7000,0,1,2,1,3,271,0,1,0,1,5,2.8
1,25,182,11739,1,1,2,1,2,200,0,1,0,1,3,3.54
0,26,162,11081,1,1,3,3,2,272,0,0,16,1,4,4.22
0,23,166,8045,1,1,2,2,2,236,0,0,90,2,6,2.92
0,21,154,6300,0,1,3,4,1,200,0,1,0,2,5,2.66
0,21,176,12790,1,1,3,3,2,141,0,0,0,1,4,4.13
0,41,154,7700,1,1,2,3,2,100,0,0,0,1,6,3.25
0,20,158,8000,1,1,2,3,2,161,0,2,0,2,2,3.2
0,16,150,4200,0,1,3,1,2,100,1,0,27,2,0,1.87
0,39,169,8000,1,1,3,3,2,200,0,1,0,1,6,2.8
1,22,179,10500,1,1,2,3,2,230,0,0,0,1,2,3.28
0,21,174,13388,1,1,3,3,2,181,0,1,57,1,4,4.42
0,21,165,4500,0,0,3,3,1,100,1,1,60,2,0,1.65
0,26,162,11188,1,1,3,3,2,270,0,0,12,1,4,4.26
1,55,170,8011,1,1,2,1,2,200,0,0,0,2,6,2.77
0,21,155,6300,1,0,2,1,2,200,1,1,0,1,5,2.62
0,26,162,11185,1,1,3,3,2,257,0,0,26,1,4,4.26
0,21,171,13779,1,1,3,3,2,215,0,1,56,1,4,4.71
1,25,175,11538,1,1,2,3,2,215,0,1,4,1,3,3.77
1,31,177,11908,1,1,2,3,2,217,0,1,106,1,3,3.8
0,19,150,4500,0,1,1,3,1,100,0,1,0,2,0,2.0
0,21,167,4981,1,1,3,3,1,296,0,1,15,2,0,1.79
1,17,170,6000,1,1,2,4,2,200,0,2,60,1,1,2.08
1,22,184,12165,1,1,2,2,2,171,0,0,0,1,3,3.59
1,34,173,10384,1,1,2,2,2,100,0,0,0,2,3,3.47
1,21,166,9445,1,1,2,2,2,200,0,0,76,2,2,3.43
1,30,170,8240,1,1,2,2,2,161,0,0,60,1,6,2.85
1,19,179,8986,0,1,1,3,2,200,0,3,113,1,5,2.8
1,21,170,8000,1,1,2,3,1,200,0,3,60,1,1,2.77
0,25,173,11081,1,1,3,3,2,255,0,0,28,1,4,3.7
0,33,160,9000,1,1,2,1,2,300,0,1,0,2,2,3.52
1,19,170,6500,1,1,2,3,2,200,0,2,60,2,1,2.25
0,18,174,13373,1,1,3,3,2,284,0,1,55,1,4,4.42
1,19,175,8506,1,1,2,3,2,261,0,1,58,1,5,2.78
1,18,175,7000,1,1,2,3,2,200,0,1,0,2,1,2.29
0,19,153,4200,0,1,3,1,1,200,0,0,60,2,0,1.79
1,19,165,7500,0,1,2,3,2,200,0,2,0,2,6,2.75
0,26,160,6000,1,1,1,3,1,100,0,1,0,1,1,2.34
1,23,168,6500,0,0,2,3,2,200,0,0,60,0,1,2.3
0,18,170,5000,0,1,3,3,2,200,0,1,120,1,0,1.73
1,18,170,8000,1,0,2,2,2,200,0,1,60,2,6,2.77
0,21,169,13334,1,1,3,3,2,282,0,1,56,1,4,4.67
0,25,161,10498,1,1,3,3,2,281,0,0,37,1,4,4.05
1,21,161,6650,0,1,2,3,2,200,0,3,0,1,5,2.57
0,18,160,9000,1,1,2,1,2,200,0,0,0,2,2,3.52
1,18,172,7000,0,1,3,3,1,200,0,0,60,1,1,2.37
0,37,156,7609,1,1,2,3,2,163,0,0,0,1,2,3.13
0,25,162,10217,1,1,3,3,2,141,0,0,27,1,4,3.89
1,18,175,5208,1,1,3,3,2,200,0,0,110,1,0,1.7
0,26,162,10500,1,1,3,3,2,247,0,0,32,1,4,4.0
1,32,165,7443,1,1,2,1,2,200,0,1,0,1,5,2.73
1,20,175,5369,1,1,2,3,2,186,0,2,120,1,0,1.75
1,25,167,7982,1,1,2,2,2,300,0,0,0,1,5,2.86
1,30,178,12090,1,1,2,3,2,251,0,0,71,1,3,3.82
0,21,175,13377,1,1,3,3,2,181,0,1,51,1,4,4.37
1,25,175,11220,1,1,2,3,2,201,0,1,1,1,3,3.66
0,39,154,8000,1,1,2,3,2,200,0,0,0,1,2,3.37
1,24,178,11789,1,1,1,2,2,275,0,1,0,1,3,3.72
0,31,166,7350,1,1,2,3,2,295,0,0,16,1,5,2.67
1,31,182,12039,1,1,2,3,2,216,0,0,0,1,3,3.63
0,21,168,13187,1,1,3,3,2,179,0,1,55,1,4,4.67
1,26,165,11194,1,1,1,3,2,271,0,0,7,1,3,4.11
0,21,173,13304,1,1,3,3,2,282,0,1,50,1,4,4.45
0,16,179,4993,0,1,3,3,2,166,0,1,55,1,0,1.56
0,20,161,6400,1,1,3,3,2,200,0,3,0,2,1,2.47
0,19,168,4500,1,1,3,3,2,100,1,1,0,1,0,1.59
0,18,178,13785,1,1,3,3,2,274,0,1,49,1,4,4.35
1,17,171,5158,0,1,2,2,2,200,0,0,118,1,0,1.76
1,23,172,9500,1,1,2,3,2,200,0,0,120,2,2,3.21
1,27,180,8780,0,0,3,3,2,300,0,1,0,2,5,2.71
1,22,145,6289,0,0,2,2,2,113,0,0,27,1,5,2.99
0,21,155,6221,1,1,2,1,2,300,0,1,0,1,5,2.59
0,26,162,10558,1,1,3,3,2,235,0,0,28,1,4,4.02
1,21,170,7000,0,1,2,1,3,300,0,1,0,1,5,2.42
1,28,191,12901,1,1,2,3,2,100,0,1,0,1,3,3.54
1,23,170,5188,1,1,2,3,2,185,0,0,95,1,0,1.8
0,22,159,4500,0,1,3,3,1,200,1,2,60,1,0,1.78
1,21,165,7000,1,1,2,3,2,300,1,3,0,2,5,2.57
1,18,180,10892,1,1,2,2,2,193,0,1,91,2,2,3.36
1,22,170,7562,1,1,2,3,2,187,0,0,60,1,5,2.62
1,29,190,12985,1,1,2,3,2,100,0,1,0,1,3,3.6
0,17,160,5500,1,1,2,4,2,200,0,1,120,0,1,2.15
1,23,172,6200,0,1,3,3,2,200,0,0,60,1,1,2.1
1,29,182,10830,1,1,2,3,2,203,0,1,93,1,3,3.27
0,21,173,13534,1,1,3,3,2,272,0,1,52,1,4,4.52
0,19,153,3937,0,1,1,3,2,198,0,2,60,1,0,1.68
1,30,187,11187,1,1,2,3,2,205,0,0,8,1,3,3.2
1,21,168,7500,1,1,2,3,2,100,0,1,0,1,5,2.66
1,18,175,9300,1,1,3,1,2,100,0,0,120,0,2,3.04
0,22,171,5159,1,1,2,3,1,100,0,0,60,2,0,1.76
0,21,172,5000,0,1,3,4,2,300,0,1,0,1,0,1.69
0,23,157,5000,1,1,2,3,2,100,0,2,120,1,1,2.03
0,26,164,11120,1,1,3,3,2,231,0,0,38,1,4,4.13
0,21,170,5000,0,1,3,3,2,100,0,1,0,1,0,1.73
0,26,165,11194,1,1,3,3,2,273,0,0,2,1,4,4.11
0,19,154,5800,0,1,2,3,2,100,0,2,0,2,1,2.45
0,18,162,8252,1,1,1,2,2,132,0,0,0,2,2,3.14
0,18,181,14255,1,1,3,3,2,289,0,1,48,1,4,4.35
0,18,173,13303,1,1,3,3,2,283,0,1,35,1,4,4.44
0,18,181,15247,1,1,3,3,2,215,0,1,57,1,4,4.65
0,18,153,4122,0,1,2,1,2,149,0,1,33,1,0,1.76
0,21,173,13252,1,1,3,3,2,177,0,1,55,1,4,4.43
1,25,177,11448,1,1,2,3,2,201,0,1,0,1,3,3.65
0,21,173,7500,1,1,1,3,2,107,0,1,0,1,5,2.51
0,26,164,11193,1,1,3,3,2,191,0,0,5,1,4,4.16
1,22,178,7000,1,0,2,4,2,200,0,1,60,2,1,2.21
0,26,164,11193,1,1,3,3,2,277,0,0,10,1,4,4.16
1,24,180,6300,1,1,2,3,2,200,0,1,0,2,1,1.94
0,19,160,4500,0,1,3,3,2,200,1,1,0,2,0,1.76
0,40,157,8000,1,1,2,3,2,200,0,0,0,2,2,3.25
0,30,167,7966,1,1,2,3,2,102,0,0,0,2,6,2.86
1,22,183,9500,1,0,2,3,2,200,0,1,76,1,6,2.84
1,18,174,7200,1,1,3,3,2,100,0,3,120,1,1,2.38
0,25,161,6100,0,1,3,3,2,100,0,0,0,1,1,2.35
1,24,176,11320,1,1,2,3,2,202,0,0,0,1,3,3.65
0,17,158,5350,1,1,2,1,1,200,0,1,0,1,1,2.14
0,26,163,10494,1,1,3,3,2,255,0,0,31,1,4,3.95
1,22,184,12173,1,1,2,2,2,164,0,1,0,1,3,3.6
0,23,167,8000,1,1,2,3,2,200,0,1,120,1,6,2.87
1,19,180,6000,1,1,2,3,2,100,0,1,0,1,1,1.85
0,21,185,12165,1,1,3,3,2,173,0,0,44,1,4,3.55
0,22,160,8200,1,1,3,3,2,174,0,0,30,2,2,3.2
1,21,177,9607,1,1,2,2,2,281,0,1,0,2,2,3.07
1,24,175,11793,1,1,2,3,2,217,0,1,0,1,3,3.85
0,18,176,5100,0,1,2,3,2,100,0,1,60,1,0,1.65
0,26,162,11081,1,1,3,3,2,270,0,0,55,1,4,4.22
0,19,175,13334,1,1,3,3,2,286,0,1,37,1,4,4.35
1,20,191,10295,1,1,2,3,2,100,0,0,0,1,2,2.82
1,30,174,11228,1,1,2,3,2,201,0,0,66,1,3,3.71
1,21,163,8300,1,1,2,1,2,142,0,1,0,2,6,3.12
1,27,167,8000,0,1,3,3,2,100,0,1,60,2,6,2.87
1,22,178,10500,1,1,2,3,2,200,0,1,60,1,2,3.31
0,25,164,10495,1,1,3,3,2,281,0,0,27,1,4,3.9
1,23,171,7100,1,0,2,3,2,200,0,3,60,1,1,2.43
1,19,178,11081,1,1,2,4,2,300,0,2,0,2,2,3.5
1,25,175,11763,1,1,2,3,2,253,0,1,0,1,3,3.84
0,22,166,11447,1,1,3,3,2,231,0,0,56,1,4,4.15
0,26,162,11080,1,1,3,3,2,270,0,0,19,1,4,4.22
0,16,161,6400,0,0,2,3,2,100,0,0,60,1,1,2.47
1,21,179,9588,1,1,2,3,2,210,0,3,100,2,2,2.99
0,39,164,8000,1,1,2,3,2,198,0,1,0,1,2,2.97
0,25,158,10295,1,1,3,3,2,102,0,0,60,1,4,4.12
1,23,174,7500,0,1,3,3,2,200,0,3,0,1,5,2.48
1,30,165,11194,1,1,1,3,2,100,0,0,3,1,3,4.11
0,23,164,9479,1,1,2,3,2,149,0,0,60,2,2,3.52
0,23,164,5980,1,0,2,3,2,200,0,1,0,2,1,2.22
1,19,170,7000,0,1,2,3,2,200,0,2,60,2,1,2.42
0,18,165,5000,1,1,1,3,2,200,0,1,60,1,1,1.84
0,35,161,8609,1,1,2,2,2,297,0,1,0,1,2,3.32
1,20,165,8000,0,1,2,3,2,300,0,2,60,2,6,2.94
1,26,184,12020,1,1,2,3,2,281,0,0,0,1,3,3.55
0,22,172,5000,1,1,3,3,2,300,0,2,60,1,1,1.69
1,21,178,6400,1,1,3,3,2,200,0,2,60,1,1,2.02
1,30,190,12985,1,1,2,3,2,122,0,1,106,1,3,3.6
1,21,182,7200,1,1,2,3,2,200,0,1,60,2,1,2.17
0,18,173,5000,0,1,3,4,1,200,0,1,0,1,0,1.67
1,37,170,10213,1,1,2,1,2,100,0,1,0,1,2,3.53
0,25,162,10496,1,1,3,3,2,222,0,0,32,1,4,4.0
1,18,175,10374,1,1,2,2,2,270,0,1,60,2,2,3.39
1,23,187,6600,1,1,2,3,2,300,0,3,0,1,1,1.89
1,18,170,5000,0,1,2,3,1,200,0,1,60,1,0,1.73
0,33,167,7700,1,1,3,3,1,300,0,2,0,2,6,2.76
0,21,168,7800,1,1,2,1,2,300,0,2,0,1,6,2.76
1,21,175,11616,1,1,1,2,2,200,0,0,118,1,2,3.79
0,19,160,4500,0,0,3,3,1,276,1,1,0,1,0,1.76
0,18,160,8200,1,1,1,3,2,200,0,1,60,2,2,3.2
1,21,183,10569,1,1,2,3,2,300,0,0,96,1,2,3.16
1,19,181,8500,1,1,2,1,2,217,0,1,47,1,5,2.59
1,20,180,6000,0,1,3,3,2,200,0,2,0,1,1,1.85
0,18,169,5000,0,1,2,1,2,100,0,0,0,2,5,1.75
0,18,164,8328,1,1,2,3,2,199,0,0,118,2,2,3.1
1,31,186,12131,1,1,2,3,2,185,0,0,0,1,3,3.51
0,25,161,10710,1,1,3,3,2,285,0,0,48,1,4,4.13
0,25,169,10483,1,1,3,3,2,160,0,0,40,1,4,3.67
1,25,179,12042,1,1,2,3,2,271,0,1,53,1,3,3.76
1,18,179,10896,1,1,2,1,2,200,0,1,60,2,2,3.4
0,18,159,5300,0,1,2,3,1,200,0,0,120,1,1,2.1
1,17,175,4500,0,1,2,3,1,200,0,2,87,1,0,1.47
0,25,166,10474,1,1,3,3,2,289,0,0,36,1,4,3.8
0,39,158,8000,1,1,2,3,2,300,0,1,0,1,2,3.2
1,19,185,15587,1,1,3,3,2,300,0,3,0,1,2,4.55
0,26,164,11100,1,1,3,3,2,270,0,0,19,1,4,4.13
0,25,160,6800,0,1,3,3,2,200,0,1,0,2,5,2.66
1,24,184,12165,1,1,2,2,2,200,0,1,0,1,3,3.59
1,19,180,6000,1,1,3,4,2,200,0,2,0,1,0,1.85
0,18,165,9100,1,1,1,3,2,100,0,1,60,1,2,3.34
1,21,170,8000,1,1,3,1,2,200,0,1,0,1,6,2.77
1,27,180,11866,1,1,2,3,2,220,0,0,25,1,3,3.66
1,34,170,8300,1,1,3,1,2,300,0,1,0,1,6,2.87
0,25,161,10292,1,1,3,3,2,102,0,0,60,1,4,3.97
0,26,162,11122,1,1,3,3,2,260,0,0,5,1,4,4.24
1,27,165,9970,1,1,2,1,2,200,0,1,23,2,3,3.66
0,18,155,8000,0,1,2,3,2,100,0,1,60,2,2,3.33
1,18,170,5160,0,1,1,3,2,245,0,0,100,1,0,1.79
0,21,165,8090,1,1,2,3,2,200,0,1,0,2,6,2.97
0,22,163,6612,1,1,3,3,2,245,0,1,7,1,5,2.49
1,19,169,6000,0,1,2,4,2,200,0,2,60,2,1,2.1
1,34,179,8472,1,1,2,3,2,245,0,0,0,2,6,2.64
0,21,165,8812,1,1,2,1,2,300,0,0,97,2,2,3.24
0,28,152,7962,1,1,2,3,2,200,0,1,0,2,2,3.45
1,25,173,8500,1,1,2,1,2,233,0,0,57,1,6,2.84
1,21,170,8000,1,1,2,3,2,200,0,0,120,2,6,2.77
0,21,169,7888,1,1,3,2,2,196,0,0,75,2,6,2.76
0,25,164,10474,1,1,3,3,2,263,0,0,26,1,4,3.89
0,34,167,8480,1,1,2,1,2,107,0,1,0,2,2,3.04
0,18,170,5000,1,1,3,3,1,200,0,2,60,2,0,1.73
0,19,157,6000,1,0,2,3,2,200,0,0,0,1,1,2.43
0,26,165,11193,1,1,3,3,2,277,0,0,14,1,4,4.11
1,22,175,9500,1,1,2,3,2,200,0,3,120,2,2,3.1
0,42,156,7500,1,1,3,1,2,100,0,0,0,1,2,3.08
0,21,173,13152,1,1,3,3,2,167,0,1,51,1,4,4.39
1,17,178,6000,1,1,3,1,2,200,0,3,0,1,1,1.89
0,21,160,13366,1,1,3,3,2,103,0,1,35,1,4,5.22
1,30,175,12000,1,1,2,3,2,217,0,0,81,1,3,3.92
0,22,162,7000,1,1,2,1,1,200,0,1,0,1,5,2.67
0,18,169,7180,1,0,3,1,2,300,0,0,117,2,5,2.51
0,18,170,5000,1,1,3,3,1,100,0,1,60,1,0,1.73
0,18,170,5000,0,1,1,3,2,100,0,2,60,1,0,1.73
1,18,178,10800,1,0,2,3,2,200,0,0,60,2,2,3.41
1,22,175,5800,0,1,2,4,2,200,0,2,0,2,0,1.89
0,23,156,4800,1,1,3,3,2,200,0,2,0,1,1,1.97
0,26,163,10544,1,1,3,3,2,265,0,0,22,1,4,3.97
0,21,176,13395,1,1,3,3,2,286,0,1,54,1,4,4.32
0,19,151,4500,1,1,2,3,2,100,1,1,0,1,1,1.97
0,26,162,11100,1,1,3,3,2,270,0,0,19,1,4,4.23
0,22,171,5110,1,1,2,3,1,265,0,0,60,2,0,1.75
1,32,188,9000,1,1,2,3,2,100,0,0,60,1,6,2.55
0,19,152,4200,0,1,3,3,1,181,0,0,7,1,0,1.82
0,18,155,4500,1,1,3,4,1,200,0,1,60,1,1,1.87
1,23,186,12124,1,1,2,2,2,196,0,1,0,1,3,3.5
1,20,175,7500,1,1,2,3,2,200,0,2,60,1,1,2.45
1,27,182,12080,1,1,2,3,2,215,0,0,23,1,3,3.65
1,20,170,7000,1,1,2,3,1,300,1,2,60,1,1,2.42
0,18,158,3969,0,1,2,3,2,200,0,2,60,1,0,1.59
0,18,160,8259,1,1,2,3,2,188,0,0,47,2,2,3.23
1,30,160,10006,1,1,1,1,2,100,0,0,62,2,3,3.91
1,18,181,10815,1,1,2,1,2,279,0,1,55,2,2,3.3
1,22,178,12165,1,1,2,2,2,198,0,1,0,1,3,3.84
1,20,179,10501,1,1,2,3,2,229,0,0,0,1,2,3.28
0,26,164,11163,1,1,3,3,2,277,0,0,43,1,4,4.15
1,19,172,6700,0,1,2,3,1,200,0,1,0,2,1,2.26
0,25,161,10998,1,1,3,3,2,267,0,0,45,1,4,4.24
1,23,175,7500,1,1,2,3,1,300,1,3,0,1,1,2.45
0,18,181,15272,1,1,3,3,2,247,0,1,57,1,4,4.66
0,26,167,6300,0,1,3,4,1,200,0,0,0,2,1,2.26
0,26,163,11123,1,1,3,3,2,272,0,0,21,1,4,4.19
0,20,169,8000,1,1,2,1,2,200,0,1,80,2,6,2.8
1,30,160,10255,1,1,2,3,2,109,0,1,0,1,3,4.01
0,26,163,11081,1,1,3,3,2,262,0,0,13,1,4,4.17
1,25,177,8867,1,1,1,3,2,200,0,0,32,1,6,2.83
0,19,155,4170,0,1,2,1,2,163,0,0,100,1,0,1.74
1,17,180,5800,1,1,2,3,2,200,0,2,60,1,0,1.79
1,23,183,12127,1,1,2,2,2,247,0,0,0,1,3,3.62
0,23,163,6000,1,1,3,3,2,200,0,1,60,1,1,2.26
1,22,172,8000,1,1,2,2,2,187,0,2,60,1,6,2.7
0,29,161,6946,1,1,2,3,2,200,0,1,0,1,5,2.68
0,26,164,11183,1,1,3,3,2,270,0,0,12,1,4,4.16
1,18,170,5000,0,1,2,3,1,213,1,0,60,1,0,1.73
1,25,176,11763,1,1,1,3,2,200,0,1,37,1,3,3.8
0,23,158,4800,1,1,2,3,1,100,0,1,120,2,1,1.92
1,20,178,10400,1,1,2,3,2,300,0,2,60,2,2,3.28
1,23,175,11800,1,1,2,3,0,200,0,1,120,2,3,3.85
1,24,170,9920,1,1,2,1,2,200,0,1,44,1,6,3.43
1,20,172,5300,1,1,2,3,2,200,0,3,120,1,0,1.79
1,25,176,11414,1,1,1,3,2,200,0,1,4,1,3,3.68
0,18,152,4500,1,1,3,3,2,100,0,0,120,1,0,1.95
1,18,173,6500,0,1,3,3,2,200,0,1,60,2,1,2.17
1,21,171,5362,1,1,2,3,1,242,0,2,2,2,0,1.83
1,24,185,12131,1,1,2,3,2,243,0,1,21,1,3,3.54
1,27,170,7800,1,1,1,3,1,300,0,1,60,0,6,2.7
0,21,156,4200,0,1,3,1,1,159,0,0,0,1,0,1.73
1,15,175,7200,1,1,2,3,2,200,0,3,0,1,1,2.35
0,20,173,12811,1,1,3,3,2,179,0,1,55,1,4,4.28
0,17,175,5700,1,1,2,3,0,200,0,2,0,2,1,1.86
0,33,160,6000,0,0,3,3,2,100,0,3,0,1,5,2.34
1,33,170,10370,1,1,2,1,2,100,0,1,0,2,3,3.59
1,21,170,6900,1,0,2,3,1,200,0,1,60,2,1,2.39
1,45,170,8000,1,1,2,3,2,200,0,1,0,2,6,2.77
1,22,179,12183,1,1,2,2,2,184,0,0,18,1,3,3.8
0,19,159,4200,0,0,3,3,2,197,0,2,0,1,0,1.66
0,39,158,8000,1,1,2,1,2,100,0,1,0,1,2,3.2
1,25,181,9163,1,1,1,3,2,195,0,0,60,1,2,2.8
0,25,161,10483,1,1,3,3,2,143,0,0,35,1,4,4.04
1,18,180,6000,0,1,2,3,2,200,0,1,0,1,1,1.85
0,18,165,6400,1,1,3,3,1,200,0,1,60,0,1,2.35
1,25,172,11789,1,1,1,3,2,200,0,1,91,1,3,3.98
1,18,165,9782,1,1,2,3,2,235,0,1,87,1,2,3.59
1,19,180,8500,1,1,3,3,2,200,0,1,0,1,5,2.62
1,24,170,8400,1,1,3,3,2,200,0,1,0,1,6,2.91
1,33,175,9700,1,0,2,3,1,200,0,1,0,2,2,3.17
0,16,160,4500,0,1,2,3,2,200,0,3,60,2,0,1.76
0,25,166,11062,1,1,3,3,2,283,0,0,26,1,4,4.01
0,25,160,10287,1,1,3,3,2,106,0,0,37,1,4,4.02
1,20,175,10497,1,1,2,3,2,200,0,0,60,2,2,3.43
0,25,162,10999,1,1,3,3,2,286,0,0,4,1,4,4.19
0,55,165,8000,1,1,3,3,2,200,0,0,0,1,6,2.94
0,25,164,10232,1,1,3,3,2,102,0,0,41,1,4,3.8
1,26,180,9000,0,0,3,3,2,300,0,3,60,2,2,2.78
1,20,162,7000,0,1,3,1,2,300,1,1,0,1,5,2.67
0,40,157,8000,1,1,2,3,2,100,0,0,0,1,2,3.25
1,25,175,11757,1,1,2,3,2,211,0,0,41,1,3,3.84
0,21,169,13374,1,1,3,3,2,243,0,1,50,1,4,4.68
1,22,170,7500,1,1,3,3,1,200,0,2,0,1,5,2.6
0,26,165,11193,1,1,3,3,2,183,0,0,15,1,4,4.11
0,23,157,4491,0,1,3,1,1,200,0,1,0,2,0,1.82
0,21,160,5800,1,1,2,3,2,300,0,2,0,2,1,2.27
0,27,170,7800,1,0,3,3,0,200,0,2,0,0,6,2.7
0,18,166,6000,1,0,3,3,2,200,0,0,0,1,1,2.18
0,21,162,5800,1,1,2,3,2,200,0,1,0,2,1,2.21
0,17,170,8400,0,0,3,3,2,200,0,3,0,2,6,2.91
1,19,180,9700,1,1,3,3,0,100,0,0,60,2,6,2.99
0,25,160,10494,1,1,3,3,2,143,0,0,56,1,4,4.1
0,25,162,10642,1,1,3,3,2,289,0,0,33,1,4,4.06
0,21,184,4960,1,1,3,3,1,265,0,2,60,2,0,1.47
1,21,171,9541,1,1,2,3,2,300,0,1,0,2,2,3.26
1,20,162,10505,1,1,2,3,2,165,0,0,30,1,2,4.0
1,30,177,12060,1,1,2,3,2,214,0,1,23,1,3,3.85
1,21,170,8037,1,1,2,3,2,200,0,0,0,2,6,2.78
1,17,174,8332,1,1,3,3,2,243,0,1,0,1,6,2.75
1,33,170,8472,1,1,2,2,2,200,0,2,0,2,5,2.93
1,24,169,8000,1,1,2,3,1,300,1,0,120,2,6,2.8
1,26,170,10500,1,1,3,3,0,300,0,0,0,1,2,3.63
0,19,160,4500,0,0,3,3,2,200,1,1,0,2,0,1.76
1,23,170,8000,1,1,2,3,2,200,0,0,120,2,6,2.77
1,26,182,12099,1,1,3,3,2,200,0,1,0,1,3,3.65
1,32,170,10200,1,1,2,1,2,199,0,1,0,2,3,3.53
0,21,161,6400,1,1,3,3,2,200,0,0,60,2,1,2.47
0,21,156,6000,1,1,2,3,2,200,0,0,60,1,5,2.47
0,26,165,11193,1,1,3,3,2,277,0,0,5,1,4,4.11
0,18,173,5121,1,1,1,3,2,200,0,0,60,1,0,1.71
0,23,171,5007,1,1,3,3,1,200,0,0,120,2,0,1.71
1,20,183,9758,1,1,2,3,2,300,1,0,46,1,6,2.91
1,20,169,10483,1,1,2,1,2,120,0,0,72,2,3,3.67
0,23,167,7774,1,1,2,3,2,204,0,0,0,1,6,2.79
0,25,164,10494,1,1,3,3,2,283,0,0,37,1,4,3.9
0,21,170,7500,0,1,3,3,1,100,1,1,60,1,5,2.6
0,26,162,10479,1,1,3,3,2,258,0,0,27,1,4,3.99
1,21,165,9400,1,1,2,3,0,300,0,3,0,2,2,3.45
1,20,182,10500,1,1,2,3,2,300,0,1,0,1,2,3.17
1,30,164,10227,1,1,2,2,2,197,0,1,0,2,3,3.8
0,25,160,10503,1,1,3,3,2,165,0,0,30,1,4,4.1
0,22,162,8204,1,1,1,1,2,182,0,0,84,1,2,3.13
0,18,166,6000,0,1,2,3,2,100,0,1,60,2,1,2.18
1,30,170,10327,1,1,2,2,2,100,0,1,0,2,3,3.57
1,33,170,8332,1,1,2,2,2,292,0,1,0,0,6,2.88
0,21,160,6500,0,0,2,3,3,300,1,1,0,1,5,2.54
1,30,176,11287,1,1,1,3,2,168,0,1,41,2,3,3.64
1,28,170,7800,1,1,2,1,2,100,0,1,0,2,6,2.7
1,27,179,12081,1,1,2,3,2,245,0,1,0,1,3,3.77
1,30,176,11826,1,1,2,3,2,245,0,1,0,1,3,3.82
1,23,170,7500,1,1,2,3,1,200,0,3,120,1,5,2.6
1,19,185,8707,1,1,2,3,2,237,0,2,59,1,5,2.54
0,23,164,5800,1,1,3,3,0,100,0,0,120,1,1,2.16
0,21,161,6898,1,1,2,1,3,300,0,0,9,2,5,2.66
0,19,162,8200,1,1,2,3,2,100,0,1,0,1,2,3.12
0,19,160,4200,0,1,3,1,2,100,0,3,0,0,0,1.64
1,30,184,11838,1,1,2,3,2,255,0,1,0,1,3,3.5
1,24,175,12091,1,1,2,2,2,129,0,1,60,1,3,3.95
0,21,178,13776,1,1,3,3,2,274,0,1,52,1,4,4.35
0,18,153,4193,0,1,2,1,2,100,0,0,118,1,0,1.79
0,20,167,5800,0,0,3,3,1,200,0,2,0,2,1,2.08
1,23,177,12202,1,1,3,2,2,212,0,0,63,1,3,3.89
0,22,170,5131,1,1,2,3,1,165,0,0,42,2,0,1.78
0,19,152,4200,0,1,3,1,1,124,0,0,22,1,0,1.82
0,22,162,8200,1,1,1,1,2,213,0,0,7,2,2,3.12
1,23,169,9474,1,1,2,3,2,229,0,0,105,2,2,3.32
0,19,152,4500,0,1,3,3,1,200,0,1,0,1,0,1.95
1,24,163,10054,1,1,2,3,2,100,0,1,5,2,3,3.78
1,22,181,12141,1,1,2,2,2,281,0,0,0,1,3,3.71
0,26,164,11172,1,1,3,3,2,261,0,0,54,1,4,4.15
0,26,164,11186,1,1,3,3,2,255,0,0,10,1,4,4.16
1,20,178,10303,1,1,2,3,2,208,0,2,96,2,2,3.25
0,31,164,7480,1,1,2,3,2,197,0,0,0,1,5,2.78
1,31,175,12077,1,1,2,3,2,232,0,0,75,1,3,3.94
1,33,185,8500,0,0,2,3,2,300,0,3,0,1,5,2.48
0,26,162,11080,1,1,3,3,2,270,0,0,17,1,4,4.22
1,18,175,5300,1,1,2,3,1,200,0,1,120,2,0,1.73
0,21,160,5700,0,1,1,3,2,300,0,1,60,2,0,2.23
0,22,170,7954,1,1,3,3,1,200,0,1,120,2,6,2.75
1,21,160,7000,0,1,2,3,3,200,0,1,0,1,5,2.73
1,39,178,10477,1,1,2,3,2,251,0,0,0,2,2,3.31
0,18,155,3937,0,1,2,3,2,163,0,0,76,2,0,1.64
0,18,170,5000,1,1,3,3,1,100,0,2,60,2,0,1.73
0,21,170,7800,1,1,2,3,2,200,0,1,60,1,6,2.7
1,24,184,12114,1,1,3,2,2,273,0,0,0,1,3,3.58
0,26,164,11193,1,1,3,3,2,268,0,0,14,1,4,4.16
1,26,176,11880,1,1,2,3,2,219,0,0,0,1,3,3.84
0,16,160,4500,0,1,2,3,2,200,0,1,60,1,0,1.76
0,23,165,9389,1,1,2,3,2,194,0,0,81,2,2,3.45
0,21,165,6600,1,1,3,1,2,200,0,1,60,1,5,2.42
0,21,159,4400,0,0,3,3,1,100,0,1,0,2,0,1.74
1,19,183,7500,1,1,3,3,2,100,0,0,0,1,1,2.24
1,23,170,8079,1,1,2,2,2,200,0,0,49,2,6,2.8
1,21,165,8800,1,1,2,1,2,300,0,1,0,1,6,3.23
1,16,180,6000,1,1,2,4,2,200,0,2,60,2,1,1.85
0,18,172,5251,0,1,2,3,1,100,0,0,80,1,0,1.77
1,27,176,12060,1,1,2,3,2,271,0,0,12,1,3,3.89
1,21,175,8000,1,1,2,3,3,100,0,1,0,2,1,2.61
0,21,152,4200,1,1,3,1,1,200,0,0,0,1,0,1.82
0,26,165,11194,1,1,3,3,2,273,0,0,5,1,4,4.11
0,26,162,11168,1,1,3,3,2,282,0,0,16,1,4,4.26
1,25,179,11521,1,1,3,3,2,211,0,1,11,1,3,3.6
1,23,183,8980,1,1,2,3,2,200,0,0,60,1,6,2.68
0,19,153,4200,0,1,3,1,1,104,0,0,54,1,0,1.79
0,23,166,5300,1,1,2,3,1,200,0,3,120,1,0,1.92
1,40,174,10995,1,1,2,2,2,100,0,1,0,2,3,3.63
1,29,191,12919,1,1,3,3,2,198,0,0,0,1,3,3.54
0,20,154,4132,0,1,2,1,1,100,0,0,78,1,0,1.74
1,29,175,10900,0,0,3,3,2,100,0,1,0,0,3,3.56
1,26,180,11833,1,1,2,3,2,233,0,0,28,1,3,3.65
0,19,175,7800,0,1,2,3,2,100,0,1,0,1,5,2.55
0,23,165,8814,1,1,2,1,2,300,0,1,114,1,2,3.24
1,23,172,7200,1,1,2,3,0,200,1,1,60,0,1,2.43
0,25,163,6700,1,1,3,3,2,100,0,2,0,2,1,2.52
0,21,156,5100,1,1,3,3,0,200,0,2,0,2,1,2.1
0,25,165,10498,1,1,3,3,2,100,0,0,43,1,4,3.86
1,18,160,6100,0,1,3,3,2,200,1,2,60,1,1,2.38
0,21,174,13378,1,1,3,3,2,284,0,1,52,1,4,4.42
0,21,150,5500,1,0,2,3,2,300,0,3,60,2,1,2.44
1,26,165,6300,1,1,2,3,2,200,0,2,0,1,1,2.31
0,34,156,4500,0,0,2,3,0,100,0,0,0,1,1,1.85
0,26,163,11191,1,1,3,3,2,261,0,0,16,1,4,4.21
0,40,162,7969,1,1,2,2,2,100,0,0,6,1,2,3.04
1,24,185,12124,1,1,2,2,2,205,0,1,0,1,3,3.54
0,25,162,10477,1,1,3,3,2,277,0,0,55,1,4,3.99
1,24,174,6400,1,1,3,3,1,200,0,0,0,2,0,2.11
1,24,170,8500,1,1,3,3,1,200,0,0,120,1,6,2.94
0,26,162,11193,1,1,3,3,2,277,0,0,20,1,4,4.26
1,24,180,11874,1,1,2,2,2,208,0,0,0,1,3,3.66
0,19,162,4500,0,1,3,3,1,200,0,1,0,1,0,1.71
1,32,174,12281,1,1,2,2,2,185,0,0,0,1,3,4.06
0,18,156,5000,0,1,2,3,2,200,0,1,0,1,1,2.05
1,31,177,11920,1,1,2,3,2,250,0,1,52,1,3,3.8
0,21,165,8000,1,1,2,1,2,200,0,2,0,2,5,2.94
0,26,163,11192,1,1,3,3,2,262,0,0,17,1,4,4.21
1,32,161,10374,1,1,2,1,2,100,0,0,54,2,3,4.0
0,18,157,4196,0,1,2,3,2,196,0,0,96,1,0,1.7
1,25,170,8400,0,1,2,3,2,200,0,1,0,0,6,2.91
1,23,179,6000,0,1,2,3,1,200,0,3,0,1,1,1.87
1,18,178,10800,0,1,2,3,2,200,0,1,60,2,2,3.41
1,21,169,9844,1,1,2,2,2,200,0,1,120,2,2,3.45
0,18,171,13395,1,1,3,3,2,283,0,1,55,1,4,4.58
0,34,148,6000,1,0,2,1,2,100,0,0,0,1,6,2.74
1,21,171,5000,1,1,2,3,1,132,0,0,5,2,0,1.71
0,23,166,6000,1,0,2,3,2,200,0,1,0,1,1,2.18
1,30,174,7800,1,0,3,3,2,200,0,0,0,2,6,2.58
0,23,174,13348,1,1,3,3,2,261,0,1,48,1,4,4.41
0,18,156,4500,1,1,2,3,1,100,0,1,0,1,1,1.85
0,18,169,8099,1,1,2,1,2,253,0,0,0,1,6,2.84
1,21,185,12500,1,0,2,1,2,300,0,1,0,1,2,3.65
0,39,170,8171,1,1,2,3,2,100,0,0,79,2,2,2.83
1,24,175,11200,1,0,1,3,2,200,1,1,120,2,3,3.66
1,27,191,12993,1,1,2,3,2,292,0,1,0,1,3,3.56
1,18,181,5209,1,1,3,3,2,200,0,0,60,1,0,1.59
1,19,175,8220,1,1,1,2,2,200,0,1,58,1,5,2.68
1,26,182,11967,1,1,2,3,2,273,0,0,0,1,3,3.61
0,18,172,12870,1,1,3,3,2,241,0,1,44,1,4,4.35
0,30,155,7900,1,1,2,3,2,100,0,0,0,1,2,3.29
0,24,163,11327,1,1,3,3,2,270,0,0,9,1,4,4.26
0,23,156,5200,0,1,3,3,2,200,0,0,0,1,1,2.14
0,26,165,11182,1,1,3,3,2,267,0,0,14,1,4,4.11
0,18,170,8000,0,1,3,3,2,200,0,2,60,1,5,2.77
1,23,167,8900,1,1,2,3,2,300,0,2,0,2,2,3.19
1,18,180,7500,0,1,3,4,1,200,0,3,60,1,5,2.31
0,17,165,5600,1,1,2,3,2,100,0,0,60,1,1,2.06
0,23,162,5100,1,0,2,3,1,200,0,0,60,1,1,1.94
0,18,178,8300,1,1,3,3,2,200,0,1,0,1,1,2.62
1,20,173,5492,1,1,2,3,1,284,0,1,120,1,0,1.84
0,18,156,5800,1,1,2,3,2,100,0,1,60,1,1,2.38
0,22,169,8200,1,1,1,1,2,200,0,0,18,2,2,2.87
0,19,160,4500,0,1,3,3,1,200,0,1,120,1,0,1.76
1,26,162,5300,1,1,3,3,2,200,0,1,0,1,1,2.02
0,19,152,4230,0,1,3,3,1,100,1,1,0,1,0,1.83
0,24,161,11255,1,1,3,3,2,262,0,0,26,1,4,4.34
1,25,177,11227,1,1,1,3,2,211,0,0,4,1,3,3.58
0,26,162,11079,1,1,3,3,2,272,0,0,17,1,4,4.22
0,23,160,5000,1,1,3,3,1,200,0,1,60,1,1,1.95
1,22,186,12168,1,1,3,2,2,265,0,0,0,1,3,3.52
1,18,175,5493,1,1,3,3,2,200,0,1,59,1,0,1.79
0,18,155,4200,0,1,3,1,1,100,0,0,60,1,0,1.75
0,21,174,13384,1,1,3,3,2,272,0,1,42,1,4,4.42
1,18,182,10874,1,1,2,3,2,249,0,0,104,2,2,3.28
0,21,171,5113,1,1,3,3,2,180,0,0,0,1,0,1.75
0,18,180,15524,1,1,3,3,2,215,0,0,51,1,4,4.79
0,26,164,11186,1,1,3,3,2,267,0,0,11,1,4,4.16
1,25,178,10503,1,1,3,3,2,273,0,1,4,1,2,3.31
0,17,170,5600,1,1,3,3,2,200,0,2,0,1,0,1.94
1,18,177,5233,0,1,2,3,2,200,0,0,60,1,0,1.67
1,18,171,5000,0,1,2,3,2,106,0,0,60,1,0,1.71
0,26,162,11093,1,1,3,3,2,247,0,0,22,1,4,4.23
0,25,162,10483,1,1,3,3,2,265,0,0,55,1,4,3.99
0,21,164,6885,1,1,1,1,2,200,0,0,0,1,5,2.56
1,21,172,7000,0,1,2,3,2,300,0,1,0,1,5,2.37
1,18,174,9400,1,0,2,3,1,200,0,1,120,1,2,3.1
0,25,166,10485,1,1,3,3,2,152,0,0,45,1,4,3.8
1,35,175,8530,1,1,2,2,2,100,0,0,57,1,6,2.79
1,19,175,5483,1,1,2,3,2,200,0,0,120,1,0,1.79
0,18,168,12641,1,1,3,3,2,129,0,0,54,1,4,4.48
1,28,183,10318,1,1,2,3,2,209,0,1,0,0,6,3.08
1,22,184,6600,1,1,2,3,2,200,0,1,120,1,1,1.95
1,29,182,10801,1,1,2,1,2,200,0,1,0,2,2,3.26
1,30,166,10268,1,1,2,3,2,100,0,1,0,2,3,3.73
0,22,164,5600,1,1,3,3,2,200,0,2,60,1,1,2.08
1,39,176,9954,1,1,2,2,2,283,0,1,0,2,2,3.21
1,17,170,6800,0,1,2,3,2,200,0,1,60,1,1,2.35
1,23,178,7500,0,1,3,3,1,300,0,2,0,1,1,2.37
1,27,170,7800,1,0,3,3,2,200,0,1,0,0,6,2.7
1,21,169,7500,1,1,2,3,2,100,0,2,60,1,5,2.63
0,21,165,7727,1,1,2,2,2,185,0,0,47,2,6,2.84
0,21,170,7888,1,1,2,3,2,200,0,0,60,0,6,2.73
0,37,154,7700,1,1,2,2,2,100,0,0,0,1,2,3.25
1,21,171,7592,1,1,2,3,2,229,0,0,80,1,5,2.6
0,18,165,5200,1,1,3,3,1,200,0,1,0,2,1,1.91
0,21,173,13257,1,1,3,3,2,247,0,1,51,1,4,4.43
1,23,175,12000,1,1,3,3,2,100,0,1,120,1,3,3.92
1,22,170,7000,1,0,2,3,3,200,0,0,0,2,1,2.42
0,18,170,5000,0,1,1,3,1,100,0,0,60,1,0,1.73
1,29,180,11210,1,1,1,2,2,201,0,1,0,1,3,3.46
0,24,174,13280,1,1,3,3,2,272,0,1,35,1,4,4.39
1,29,178,11234,1,1,1,3,2,283,0,0,20,1,3,3.55
0,19,164,4965,0,1,2,3,2,154,0,2,60,1,0,1.85
0,26,163,11181,1,1,3,3,2,255,0,0,16,1,4,4.21
0,21,162,8055,1,1,2,1,2,200,0,1,0,1,5,3.07
0,22,157,5800,0,0,3,3,2,100,0,2,60,2,1,2.35
0,17,171,5000,0,1,1,4,1,100,0,2,60,2,0,1.71
0,26,162,11100,1,1,3,3,2,244,0,0,13,1,4,4.23
0,21,174,13336,1,1,3,3,2,171,0,1,42,1,4,4.4
1,21,180,8000,1,1,2,3,2,200,0,3,0,2,1,2.47
0,21,175,13361,1,1,3,3,2,288,0,1,49,1,4,4.36
1,30,181,11836,1,1,2,3,2,217,0,1,65,1,3,3.61
0,18,170,6000,1,1,3,4,1,200,0,0,60,2,0,2.08
1,29,172,9000,1,1,2,3,2,200,0,2,0,1,2,3.04
0,25,161,10497,1,1,3,3,2,123,0,0,33,1,4,4.05
1,30,175,11210,1,1,1,3,2,229,0,0,55,1,3,3.66
0,33,165,7727,1,1,2,1,2,100,0,0,0,2,6,2.84
0,26,164,11192,1,1,3,3,2,277,0,0,9,1,4,4.16
1,21,170,7500,0,0,3,3,3,300,0,3,0,1,5,2.6
0,18,174,13367,1,1,3,3,2,176,0,1,43,1,4,4.42
1,24,181,12087,1,1,2,3,2,235,0,0,38,1,3,3.69
1,18,178,10831,1,1,2,1,2,273,0,1,26,1,2,3.42
0,26,162,11080,1,1,3,3,2,247,0,0,24,1,4,4.22
0,20,166,11448,1,1,3,3,2,149,0,0,37,1,4,4.15
1,22,170,8000,1,1,2,3,2,200,0,0,108,1,6,2.77
1,28,178,11217,1,1,1,3,2,202,0,1,0,1,3,3.54
1,18,168,8000,1,1,1,1,2,200,0,2,60,2,6,2.83
0,21,157,5500,0,1,2,1,2,100,0,0,60,1,1,2.23
0,20,174,13355,1,1,3,3,2,170,0,1,43,1,4,4.41
1,23,175,8000,1,1,2,3,2,200,0,0,120,2,5,2.61
1,18,170,6500,0,1,2,3,2,200,0,3,60,2,1,2.25
0,23,159,4500,0,0,3,3,1,200,1,1,60,2,0,1.78
1,23,180,11908,1,1,2,3,2,200,0,1,10,1,3,3.68
0,26,164,11194,1,1,3,3,2,284,0,0,5,1,4,4.16
1,21,172,7500,1,1,2,3,2,300,0,1,120,2,5,2.54
1,26,182,12039,1,1,2,3,2,256,0,1,41,1,3,3.63
0,25,168,10470,1,1,3,3,2,115,0,0,53,1,4,3.71
1,19,170,8000,0,0,2,3,2,200,0,2,0,2,6,2.77
0,21,174,13157,1,1,3,3,2,151,0,1,55,1,4,4.35
0,23,160,4800,1,0,2,3,2,200,0,0,0,1,1,1.87
1,22,186,12168,1,1,2,2,2,198,0,1,0,1,3,3.52
0,21,173,13814,1,1,3,3,2,221,0,0,56,1,4,4.62
0,26,164,11188,1,1,3,3,2,261,0,0,8,1,4,4.16
0,21,172,13187,1,1,3,3,2,141,0,1,55,1,4,4.46
0,32,154,6526,1,1,2,1,2,167,0,0,42,1,6,2.75
0,34,167,7797,1,1,2,2,2,187,0,0,42,1,6,2.8
1,21,170,8000,1,1,2,2,2,200,0,0,84,1,6,2.77
0,21,173,7548,1,1,2,3,2,162,0,0,0,1,5,2.52
1,30,178,6900,1,0,2,3,2,100,0,1,0,2,1,2.18
1,27,177,12015,1,1,2,3,2,209,0,1,0,1,3,3.84
1,30,181,12034,1,1,2,2,2,281,0,1,37,1,3,3.67
0,43,164,8191,1,1,2,1,2,152,0,0,0,1,6,3.05
0,21,164,7400,0,0,3,3,2,300,0,3,0,1,5,2.75
1,23,184,8400,1,0,3,3,2,300,1,3,0,2,2,2.48
1,19,175,7966,1,1,2,1,2,179,0,1,0,1,5,2.6
1,18,175,5570,1,1,2,3,2,200,0,0,100,1,0,1.82
0,22,168,8252,1,1,2,2,2,252,0,2,53,2,2,2.92
0,25,160,10255,1,1,3,3,2,107,0,0,43,1,4,4.01
1,21,180,9700,1,1,2,1,2,300,0,2,60,2,2,2.99
0,23,159,4464,0,1,2,1,1,103,0,0,58,2,0,1.77
0,26,169,11194,1,1,3,3,2,262,0,0,9,1,4,3.92
0,25,172,6600,1,1,2,3,2,200,0,0,0,1,1,2.23
1,31,175,7300,1,1,2,3,2,200,1,3,0,1,1,2.38
1,26,182,12098,1,1,2,3,2,200,0,0,9,1,3,3.65
1,22,184,12165,1,1,2,2,2,179,0,0,0,1,3,3.59
1,17,169,5205,1,1,1,3,2,200,0,0,100,1,0,1.82
0,26,162,11116,1,1,3,3,2,270,0,0,22,1,4,4.24
1,19,170,8500,1,1,2,3,1,200,0,1,60,0,6,2.94
0,22,150,4200,0,0,3,1,2,200,0,0,0,2,0,1.87
1,19,183,8500,1,1,2,3,2,200,0,2,60,2,6,2.54
1,34,180,9600,1,1,2,3,2,100,0,1,0,1,6,2.96
1,20,171,10301,1,1,2,1,2,231,0,1,49,2,2,3.52
0,26,160,10496,1,1,3,3,2,264,0,0,33,1,4,4.1
1,27,177,11948,1,1,2,3,2,283,0,0,21,1,3,3.81
0,19,169,6000,0,1,3,1,2,100,0,2,0,1,1,2.1
1,22,174,9694,1,1,2,2,2,286,0,0,86,1,2,3.2
0,23,163,11194,1,1,3,3,2,278,0,0,5,1,4,4.21
1,18,170,5530,0,1,3,3,2,200,0,2,60,1,1,1.91
0,21,176,12020,1,1,3,3,2,231,0,1,56,1,4,3.88
1,35,183,8500,1,1,2,3,1,300,0,3,0,1,5,2.54
1,18,162,7000,0,1,2,1,2,200,0,1,60,1,5,2.67
1,22,184,12123,1,1,2,2,2,155,0,0,16,1,3,3.58
1,18,162,9003,1,1,2,3,2,187,0,0,54,1,2,3.43
0,25,164,10281,1,1,3,3,2,103,0,0,26,1,4,3.82
0,17,174,5114,0,1,2,3,2,187,0,0,60,2,0,1.69
1,25,182,11829,1,1,2,3,2,204,0,1,0,1,3,3.57
1,20,170,7800,1,1,2,3,2,200,1,0,54,1,5,2.7
1,27,183,7200,1,1,3,3,1,200,0,2,0,1,1,2.15
0,21,170,8000,1,1,2,3,1,200,0,1,60,0,6,2.77
0,26,164,11116,1,1,3,3,2,263,0,0,9,1,4,4.13
0,25,167,11763,1,1,3,3,2,116,0,1,39,1,4,4.22
0,24,161,6400,0,1,3,3,2,200,1,0,0,1,1,2.47
1,18,182,7200,1,0,3,3,2,200,0,3,60,1,1,2.17
0,25,162,10498,1,1,3,3,2,262,0,0,31,1,4,4.0
1,26,176,11232,1,1,1,3,2,200,0,0,30,1,3,3.63
0,18,171,5000,0,1,1,4,1,100,0,0,60,1,0,1.71
0,19,152,4200,0,1,3,1,1,100,0,0,0,1,0,1.82
1,18,180,5000,0,1,3,4,1,200,0,2,60,2,1,1.54
1,23,166,6000,1,1,3,3,2,200,0,0,60,1,1,2.18
1,23,175,11937,1,1,1,3,2,200,0,0,0,1,3,3.9
1,30,197,12511,1,1,2,3,2,100,0,0,0,1,3,3.22
1,21,166,6800,1,1,2,1,2,300,0,1,60,2,1,2.47
0,18,166,8519,1,1,2,3,2,280,0,1,6,1,2,3.09
1,19,188,7200,0,1,2,4,1,100,0,3,0,2,0,2.04
1,22,186,12183,1,1,3,2,2,172,0,1,0,1,3,3.52
1,21,171,7500,1,1,2,3,2,133,0,1,0,1,5,2.56
0,26,163,11193,1,1,3,3,2,268,0,0,9,1,4,4.21
0,16,174,8583,1,1,2,3,2,181,0,0,32,1,2,2.83
0,26,164,11135,1,1,3,3,2,230,0,0,32,1,4,4.14
1,20,167,7000,1,1,2,3,1,200,0,0,60,2,1,2.51
0,26,165,11194,1,1,3,3,2,274,0,0,6,1,4,4.11
1,37,175,11827,1,1,2,3,2,202,0,0,100,1,3,3.86
1,22,178,9879,1,1,2,2,2,266,0,1,41,2,2,3.12
0,18,156,6000,0,1,2,4,2,200,1,2,0,1,5,2.47
0,18,163,5300,1,1,2,3,2,200,0,2,60,2,1,1.99
1,31,176,8813,1,1,2,3,2,117,0,0,33,1,5,2.85
0,37,154,7500,0,1,2,3,2,200,0,0,0,1,5,3.16
1,17,183,11300,0,1,2,3,2,300,0,1,60,1,2,3.37
0,20,174,13374,1,1,3,3,2,285,0,1,37,1,4,4.42
0,21,170,8000,1,1,2,3,2,200,0,0,120,1,6,2.77
0,18,174,5000,1,1,1,3,2,100,0,0,93,1,5,1.65
0,21,150,5600,1,1,2,3,2,100,0,0,120,1,1,2.49
1,20,194,10498,1,1,2,3,2,300,0,3,60,2,2,2.79
0,38,155,8000,0,0,3,3,1,200,0,0,0,1,5,3.33
1,21,170,9959,1,1,2,1,2,200,0,0,65,2,2,3.45
1,21,170,6500,1,0,2,3,2,200,1,1,60,1,1,2.25
0,21,172,13157,1,1,3,3,2,175,0,1,55,1,4,4.45
1,30,175,12009,1,1,2,3,2,253,0,1,0,1,3,3.92
0,26,165,11192,1,1,3,3,2,267,0,0,5,1,4,4.11
1,23,175,12000,1,1,2,3,2,200,0,2,60,1,3,3.92
1,17,179,5700,0,1,2,4,1,200,0,2,60,1,0,1.78
0,25,162,10997,1,1,3,3,2,230,0,0,51,1,4,4.19
1,20,181,9308,1,1,2,3,2,200,0,0,60,1,6,2.84
1,22,177,7500,0,1,3,3,0,200,0,3,120,2,1,2.39
0,20,163,12470,1,1,3,3,2,148,0,0,46,1,4,4.69
0,21,175,5000,0,1,2,3,1,100,0,1,0,2,0,1.63
1,21,170,7500,1,1,3,3,1,100,0,1,0,1,5,2.6
0,18,178,13779,1,1,3,3,2,283,0,1,53,1,4,4.35
0,39,160,7600,1,1,3,3,2,100,0,0,0,1,2,2.97
1,26,170,7000,1,0,3,3,2,200,0,1,0,1,1,2.42
0,37,162,8000,1,1,2,3,2,277,0,0,0,1,2,3.05
0,26,162,11121,1,1,3,3,2,250,0,0,33,1,4,4.24
1,18,176,6500,0,1,3,3,2,200,0,1,60,1,1,2.1
1,18,182,7200,1,1,2,3,2,200,0,1,60,1,1,2.17
1,24,177,11784,1,1,2,3,2,200,0,1,19,1,3,3.76
1,20,178,10525,1,1,2,3,2,250,0,2,85,2,2,3.32
1,23,175,11908,1,1,1,3,2,200,0,1,56,1,3,3.89
0,18,154,4900,0,1,2,3,2,200,0,2,60,1,0,2.07
1,25,182,12124,1,1,2,3,2,262,0,1,0,1,3,3.66
1,21,171,7548,1,1,2,3,2,183,0,0,0,1,5,2.58
1,23,175,11729,1,1,2,3,2,256,0,0,41,1,3,3.83
0,25,162,10483,1,1,3,3,2,115,0,0,24,1,4,3.99
0,21,160,6300,1,1,2,1,2,200,0,3,0,1,1,2.46
0,25,164,10498,1,1,3,3,2,261,0,0,16,1,4,3.9
0,26,162,11071,1,1,3,3,2,250,0,0,43,1,4,4.22
1,25,176,11542,1,1,2,3,2,215,0,1,63,1,3,3.73
0,20,172,13176,1,1,3,3,2,141,0,1,55,1,4,4.45
1,22,175,8200,1,0,2,1,2,300,0,3,60,2,2,2.68
0,22,160,8200,1,1,1,1,2,200,0,2,0,2,2,3.2
0,18,155,8053,1,0,2,2,2,200,0,0,60,2,6,3.35
1,40,170,9800,0,1,2,1,2,200,0,1,0,2,2,3.39
1,27,184,12069,1,1,3,3,2,300,0,1,58,1,3,3.56
1,18,170,5000,0,1,2,4,1,200,0,2,60,0,0,1.73
0,21,165,5800,0,1,2,1,2,100,1,1,0,1,1,2.13
1,20,178,10596,1,1,2,3,2,204,0,1,38,1,2,3.34
1,30,175,11201,1,1,1,3,2,204,0,0,0,1,3,3.66
1,18,170,5600,1,1,3,4,1,200,0,2,0,1,0,1.94
0,21,175,13390,1,1,3,3,2,295,0,1,26,1,4,4.37
1,18,176,5000,0,1,1,3,2,175,0,0,114,1,0,1.61
0,26,164,11194,1,1,3,3,2,272,0,0,5,1,4,4.16
0,27,170,8000,1,1,2,3,2,174,0,0,31,2,6,2.77
1,21,162,8800,1,1,2,1,2,200,0,1,60,2,2,3.35
1,22,176,11616,1,1,1,3,2,200,0,1,49,1,3,3.75
0,26,168,11193,1,1,3,3,2,247,0,0,34,1,4,3.97
1,34,176,12060,1,1,2,2,2,214,0,0,0,1,3,3.89
1,21,169,5300,0,1,2,3,2,300,0,2,60,1,1,1.86
1,22,170,8000,1,1,2,3,2,200,0,0,116,1,6,2.77
0,26,163,11191,1,1,3,3,2,262,0,0,22,1,4,4.21
1,18,170,6800,1,1,3,3,2,200,0,1,0,0,1,2.35
0,39,155,7755,1,1,2,3,2,196,0,0,0,1,2,3.23
1,26,177,11409,1,1,2,3,2,215,0,1,4,1,3,3.64
1,21,175,7000,0,1,2,3,2,200,0,0,60,1,1,2.29
0,16,156,6924,1,0,2,3,2,200,0,1,17,2,6,2.85
0,19,152,4200,0,1,2,1,1,133,0,1,0,1,0,1.82
1,20,182,8500,1,1,2,3,2,200,0,3,0,2,6,2.57
0,21,174,13393,1,1,3,3,2,160,0,1,52,1,4,4.42
0,26,160,11081,1,1,3,3,2,282,0,0,56,1,4,4.33
1,17,179,8700,0,1,2,3,2,200,0,1,60,1,5,2.72
0,25,164,10477,1,1,3,3,2,151,0,0,44,1,4,3.9
1,22,187,12127,1,1,2,2,2,197,0,1,0,1,3,3.47
1,21,176,10500,1,1,2,3,2,200,0,2,120,2,2,3.39
0,18,156,6000,1,1,2,3,2,200,0,0,60,2,1,2.47
1,18,172,7982,1,0,2,2,2,200,0,1,0,2,6,2.7
0,18,161,6800,1,1,2,1,2,200,0,1,60,2,5,2.62
1,31,177,12064,1,1,2,3,2,204,0,0,55,1,3,3.85
0,18,170,5100,0,1,2,1,1,200,0,1,0,1,0,1.76
0,19,156,5600,0,0,3,3,2,200,0,1,0,1,1,2.3
0,24,163,8400,1,1,3,1,2,300,0,1,0,1,2,3.16
0,18,172,5024,1,1,1,3,2,128,0,0,89,1,0,1.7
1,37,175,11856,1,1,2,3,2,185,0,0,0,1,3,3.87
1,30,175,11908,1,1,2,3,2,178,0,0,10,1,3,3.89
1,22,166,9879,1,1,2,2,2,200,0,1,0,2,2,3.59
1,22,185,12124,1,1,3,2,2,184,0,0,0,1,3,3.54
0,24,176,11200,1,1,3,3,2,225,0,0,28,1,4,3.62
0,21,173,13087,1,1,3,3,2,130,0,1,51,1,4,4.37
0,34,168,7350,1,1,2,1,2,162,0,0,0,1,5,2.6
0,38,155,7726,1,1,2,3,2,100,0,0,0,1,2,3.22
1,18,170,8300,1,0,2,3,1,100,0,1,60,1,6,2.87
1,19,170,8102,1,1,2,2,2,154,0,1,36,1,6,2.8
0,18,174,13390,1,1,3,3,2,286,0,1,51,1,4,4.42
0,25,162,10475,1,1,3,3,2,265,0,0,55,1,4,3.99
0,22,165,8200,1,1,1,1,2,100,0,0,44,1,2,3.01
0,21,154,4900,0,1,3,3,1,100,0,2,60,2,0,2.07
1,22,185,7500,1,1,2,3,1,200,0,1,60,1,1,2.19
0,19,173,4959,0,1,2,3,2,199,0,2,60,1,0,1.66
1,31,174,7300,1,0,3,3,0,100,0,1,60,2,1,2.41
0,23,160,8200,1,1,1,1,2,277,0,0,120,2,2,3.2
0,25,168,10485,1,1,3,3,2,173,0,0,55,1,4,3.71
1,23,170,8000,1,1,2,3,2,200,0,1,120,2,6,2.77
1,21,170,7500,1,1,3,3,1,100,0,2,0,1,5,2.6
0,26,164,11189,1,1,3,3,2,289,0,0,9,1,4,4.16
0,19,152,4200,0,1,3,1,1,100,0,0,27,1,0,1.82
1,19,183,10632,1,1,2,3,2,149,0,1,96,1,2,3.17
1,23,178,7000,0,1,2,3,2,200,1,1,60,2,1,2.21
0,21,165,6000,1,1,2,3,0,200,0,0,60,1,1,2.2
1,29,179,8909,1,1,1,1,2,200,0,1,0,1,2,2.78
1,21,180,7200,0,1,3,3,1,200,0,1,0,1,1,2.22
1,19,180,8500,1,0,3,3,2,200,0,1,0,1,6,2.62
1,23,190,12109,1,1,2,2,2,200,0,1,0,1,3,3.35
1,21,172,8800,1,1,2,1,2,300,0,2,60,1,2,2.97
0,43,155,8182,1,1,2,3,2,280,0,0,0,1,2,3.41
0,26,162,11077,1,1,3,3,2,268,0,0,27,1,4,4.22
1,23,180,9500,1,1,2,3,2,200,0,3,120,2,2,2.93
0,26,167,7966,1,1,2,3,2,100,0,0,0,1,5,2.86
0,40,152,8000,1,1,2,1,2,127,0,1,46,2,2,3.46
0,26,162,11135,1,1,3,3,2,263,0,0,5,1,4,4.24
1,22,171,7500,1,1,2,3,2,200,0,2,113,1,5,2.56
0,18,150,5980,0,1,2,3,2,100,0,1,0,1,1,2.66
1,20,168,7000,0,1,2,3,2,100,0,1,60,1,1,2.48
1,18,184,6000,0,1,3,4,2,200,1,2,0,2,0,1.77
1,23,185,8609,0,1,2,2,2,167,0,1,4,1,5,2.52
1,20,168,6800,0,1,3,3,1,200,0,0,0,1,1,2.41
0,20,157,4800,1,0,2,3,2,200,0,3,120,2,1,1.95
1,21,167,8000,1,1,2,3,2,200,0,2,60,2,6,2.87
1,22,170,8000,1,0,2,2,2,200,0,1,60,2,6,2.77
0,33,166,6600,0,0,3,3,2,200,0,1,60,2,1,2.4
1,18,170,6000,1,1,2,3,1,200,0,0,60,1,1,2.08
1,18,170,8500,1,0,3,3,2,300,0,1,60,1,6,2.94
1,19,175,10500,1,1,2,3,2,200,0,1,60,1,2,3.43
1,21,171,7500,1,1,2,3,2,200,0,1,60,1,5,2.56
1,24,169,9998,1,1,2,2,2,200,0,1,25,2,3,3.5
1,31,184,12597,1,1,2,3,2,129,0,0,38,1,3,3.72
1,18,171,9607,1,1,2,2,2,247,0,1,115,2,2,3.29
0,26,164,11186,1,1,3,3,2,262,0,0,46,1,4,4.16
1,31,176,12015,1,1,2,3,2,149,0,0,0,1,3,3.88
0,26,164,11172,1,1,3,3,2,250,0,0,14,1,4,4.15
0,21,180,15239,1,1,3,3,2,235,0,0,54,1,4,4.7
1,22,160,6650,0,1,2,3,0,200,0,0,0,1,1,2.6
0,19,162,5300,1,1,3,3,2,300,0,2,60,2,5,2.02
1,22,181,7000,1,1,3,3,2,200,0,1,60,1,1,2.14
0,19,176,13347,1,1,3,3,2,286,0,1,39,1,4,4.31
0,26,165,11199,1,1,3,3,2,265,0,0,25,1,4,4.11
0,20,154,4196,0,1,2,2,2,139,0,0,55,0,0,1.77
1,31,175,12060,1,1,2,2,2,215,0,0,81,1,3,3.94
1,33,176,8341,1,1,2,2,2,152,0,0,0,2,6,2.69
0,25,173,10480,1,1,3,3,2,166,0,0,44,1,4,3.5
1,24,175,11616,1,1,1,3,2,272,0,1,4,1,3,3.79
0,22,162,8232,1,1,2,3,2,210,0,0,105,2,2,3.14
0,21,161,5300,1,1,2,3,1,200,0,2,120,2,1,2.04
1,21,171,7500,1,1,2,3,2,300,0,1,0,1,5,2.56
1,23,181,8693,1,1,2,3,2,243,0,2,34,1,2,2.65
1,22,182,12077,1,1,2,2,2,196,0,1,16,1,3,3.65
0,20,162,5850,0,1,1,3,2,100,0,3,0,2,1,2.23
0,21,168,6200,0,0,2,3,3,300,0,3,0,1,1,2.2
0,38,156,7962,1,1,2,3,2,114,0,0,59,2,5,3.27
0,21,166,6000,1,1,3,3,1,200,0,0,0,0,1,2.18
0,21,175,13384,1,1,3,3,2,283,0,1,53,1,4,4.37
1,18,176,5112,1,1,3,3,1,100,0,0,120,1,0,1.65
1,22,179,10544,1,1,2,3,2,222,0,0,95,1,2,3.29
0,22,164,8200,1,1,1,1,2,100,0,0,81,1,2,3.05
0,19,152,4200,0,1,3,3,1,159,0,0,0,1,0,1.82
0,18,174,13384,1,1,3,3,2,284,0,1,49,1,4,4.42
1,21,169,9500,1,1,2,3,2,200,0,0,120,2,2,3.33
1,17,183,8500,1,1,2,3,2,200,0,0,57,1,6,2.54
0,22,170,8166,1,1,1,1,2,100,0,0,97,1,6,2.83
1,33,169,8352,1,1,2,2,2,262,0,0,0,1,6,2.92
0,26,162,11135,1,1,3,3,2,262,0,0,6,1,4,4.24
0,18,162,5000,0,1,2,3,2,100,0,1,60,0,1,1.91
1,30,177,12075,1,1,2,3,2,222,0,0,68,1,3,3.85
0,26,162,11191,1,1,3,3,2,270,0,0,4,1,4,4.26
0,21,161,6839,1,1,1,3,3,200,0,0,81,1,5,2.64
1,34,175,11810,1,1,2,2,2,297,0,0,0,1,3,3.86
0,23,163,8200,1,1,2,3,2,200,0,0,120,1,2,3.09
1,17,185,5850,0,1,2,3,2,200,0,1,60,2,0,1.71
1,20,182,8500,1,0,3,3,2,300,0,2,0,1,5,2.57
0,21,171,13190,1,1,3,3,2,269,0,1,55,1,4,4.51
1,31,167,9000,1,1,2,3,2,210,0,1,17,1,3,3.23
1,18,167,7804,1,0,2,2,2,200,0,1,0,2,6,2.8
1,19,185,6000,0,1,3,4,1,200,0,2,0,1,0,1.75
1,26,183,8847,1,1,1,1,2,188,0,0,60,1,6,2.64
1,21,170,7500,1,1,3,3,2,100,0,1,0,1,5,2.6
0,26,164,11188,1,1,3,3,2,261,0,0,34,1,4,4.16
0,25,166,6410,1,0,2,1,2,100,0,0,0,2,6,2.33
0,20,172,13133,1,1,3,3,2,191,0,1,42,1,4,4.44
0,25,162,10503,1,1,3,3,2,260,0,0,55,1,4,4.0
0,20,166,6400,1,1,2,3,2,100,0,0,60,1,1,2.32
1,17,180,9700,1,0,2,3,2,100,0,0,60,1,6,2.99
0,18,174,13377,1,1,3,3,2,270,0,1,54,1,4,4.42
1,26,165,11838,1,1,2,3,2,233,0,1,10,1,3,4.35
1,32,175,12039,1,1,2,3,2,229,0,1,4,1,3,3.93
0,19,166,4993,0,1,2,3,2,200,0,2,60,1,0,1.81
0,23,162,8000,1,1,2,3,2,185,0,0,100,2,2,3.05
0,16,156,6514,0,1,2,1,2,187,1,0,0,1,5,2.68
1,29,175,11765,1,1,2,2,2,206,0,1,0,1,3,3.84
1,18,180,5600,0,1,2,3,1,100,0,0,60,2,1,1.73
0,18,160,6950,1,0,3,3,1,200,0,1,60,1,1,2.71
1,30,180,12901,1,1,2,3,2,179,0,0,0,1,3,3.98
0,26,162,11135,1,1,3,3,2,261,0,0,31,1,4,4.24
1,28,178,11337,1,1,2,3,2,200,0,2,23,1,3,3.58
1,25,178,11414,1,1,1,3,2,215,0,1,13,1,3,3.6
0,25,160,10255,1,1,3,3,2,100,0,0,14,1,4,4.01
0,16,165,4500,1,1,3,3,0,300,1,1,0,2,0,1.65
0,19,181,12742,1,1,3,3,2,286,0,1,54,1,4,3.89
0,33,164,7706,1,1,2,3,2,268,0,0,50,2,6,2.87
1,21,166,6000,1,1,3,3,0,200,0,2,0,1,1,2.18
0,23,165,5800,1,1,3,1,2,200,0,1,0,2,1,2.13
1,23,170,7500,1,1,3,3,1,200,0,2,60,1,5,2.6
0,22,169,11448,1,1,3,3,2,250,0,0,40,1,4,4.01
0,38,156,8000,1,1,2,3,2,212,0,0,0,1,2,3.29
0,22,160,8200,1,1,2,1,2,300,0,1,0,1,2,3.2
1,17,184,5929,0,1,2,3,2,200,0,2,60,2,0,1.75
1,20,168,6700,1,1,2,3,2,100,0,1,120,2,1,2.37
0,20,165,6000,1,0,3,3,2,100,0,0,0,1,1,2.2
0,23,167,6000,0,1,3,3,0,200,0,2,0,1,1,2.15
1,23,174,7500,0,1,3,3,2,200,0,0,0,2,1,2.48
0,26,163,11194,1,1,3,3,2,273,0,0,12,1,4,4.21
1,19,184,5883,1,1,3,4,2,264,0,2,0,2,0,1.74
1,21,171,7500,0,1,2,3,2,300,0,1,60,1,5,2.56
1,17,177,5989,1,1,2,4,2,200,0,1,20,2,0,1.91
1,19,188,8400,0,1,2,3,2,200,0,2,60,2,1,2.38
1,30,175,11836,1,1,2,3,2,214,0,0,0,1,3,3.86
0,37,163,6200,1,1,2,3,2,200,0,0,0,1,1,2.33
0,22,160,8203,1,1,1,1,2,200,0,0,120,1,2,3.2
1,21,182,7200,1,1,2,3,1,200,0,3,60,2,1,2.17
1,23,170,8600,0,0,3,3,1,100,0,0,120,2,6,2.98
1,18,160,5800,1,1,2,3,2,200,0,1,0,2,1,2.27
1,21,162,5600,0,0,2,3,0,200,0,0,120,1,1,2.13
0,26,164,11186,1,1,3,3,2,267,0,0,54,1,4,4.16
1,26,175,11228,1,1,2,3,2,200,0,0,85,1,3,3.67
1,30,183,12372,1,1,2,3,2,284,0,1,25,1,3,3.69
0,18,161,5000,0,0,3,3,1,200,0,0,60,2,1,1.93
0,25,169,6400,1,0,3,2,2,100,0,0,0,2,6,2.24
0,17,155,5500,1,1,2,3,2,200,0,2,60,1,1,2.29
0,41,154,7705,1,1,2,3,2,151,0,0,0,1,2,3.25
0,25,173,11000,1,1,3,3,2,174,0,1,26,1,4,3.68
1,34,176,8475,1,1,2,2,2,200,0,1,46,2,6,2.74
0,25,160,10493,1,1,3,3,2,148,0,0,48,1,4,4.1
1,18,179,10800,1,1,2,3,2,200,0,2,60,1,2,3.37
0,35,167,7755,1,1,2,1,2,297,0,1,0,2,6,2.78
1,21,165,8000,0,1,2,3,2,200,0,2,60,2,6,2.94
0,18,170,5000,0,1,3,3,2,200,0,2,120,1,1,1.73
1,25,185,12186,1,1,2,2,2,100,0,1,63,1,3,3.56
1,23,175,8000,1,1,2,3,2,200,0,2,120,2,5,2.61
0,16,157,4500,0,1,2,3,2,251,0,2,13,1,0,1.83
0,25,151,6300,1,1,2,1,0,200,1,1,0,1,5,2.76
1,19,178,9334,1,1,2,3,2,120,0,1,60,1,2,2.95
1,25,176,11413,1,1,1,3,2,215,0,1,0,1,3,3.68
0,17,160,6500,1,1,2,3,2,200,1,0,96,1,5,2.54
0,21,160,4800,0,1,3,3,2,200,0,0,120,1,1,1.87
1,27,170,10295,1,1,2,1,2,100,0,1,0,1,3,3.56
0,21,173,13303,1,1,3,3,2,284,0,1,40,1,4,4.44
1,23,171,8110,1,1,2,2,2,185,0,1,0,1,6,2.77
0,27,175,7900,0,1,3,1,2,100,0,1,0,0,6,2.58
1,30,175,12034,1,1,2,3,2,217,0,1,35,1,3,3.93
1,25,178,11510,1,1,2,3,2,214,0,1,41,1,3,3.63
0,21,151,6400,1,1,2,3,2,200,0,0,60,2,1,2.81
0,26,163,11158,1,1,3,3,2,250,0,0,33,1,4,4.2
0,23,155,7705,1,1,2,1,2,200,0,1,0,1,2,3.21
0,25,162,10482,1,1,3,3,2,268,0,0,16,1,4,3.99
1,18,180,6000,1,1,2,3,2,200,0,1,60,1,1,1.85
1,18,170,6800,1,1,2,3,2,200,1,1,60,2,1,2.35
0,20,174,12173,1,1,3,3,2,286,0,1,56,1,4,4.02
1,19,185,6000,1,1,3,4,2,300,0,2,0,1,0,1.75
0,26,150,4500,0,0,3,3,2,200,0,1,0,1,1,2.0
1,21,166,7500,1,1,2,3,2,200,0,0,4,1,5,2.72
1,23,168,9057,1,1,2,3,2,100,0,0,15,2,2,3.21
0,55,165,8000,1,0,3,3,2,200,0,0,0,2,6,2.94
1,17,180,6000,1,1,2,3,2,200,0,0,0,2,0,1.85
0,25,161,10477,1,1,3,3,2,261,0,0,27,1,4,4.04
1,25,170,10208,1,1,2,1,2,100,0,1,27,2,3,3.53
0,18,154,5100,0,1,2,3,2,100,0,1,60,1,1,2.15
0,25,175,11253,1,1,3,3,2,268,0,0,26,1,4,3.67
1,26,175,7500,1,0,3,3,1,200,1,2,60,1,1,2.45
0,38,166,7800,1,1,2,3,2,200,0,0,0,2,2,2.83
1,23,177,11666,1,1,1,3,2,200,0,1,41,1,3,3.72
1,21,169,8000,0,1,2,3,2,200,0,1,60,1,6,2.8
1,21,180,6500,1,1,3,3,1,100,0,1,0,1,1,2.01
1,18,165,9300,1,1,2,3,2,200,0,0,60,2,2,3.42
0,26,163,11193,1,1,3,3,2,268,0,0,9,1,4,4.21
1,25,180,11908,1,1,2,3,2,200,0,1,0,1,3,3.68
0,20,168,13280,1,1,3,3,2,167,0,1,55,1,4,4.71
0,26,164,11185,1,1,3,3,2,262,0,0,28,1,4,4.16
0,38,160,7958,1,1,2,3,2,129,0,0,0,1,2,3.11
0,23,157,4400,0,0,3,3,1,172,1,0,0,1,0,1.79
0,25,162,10498,1,1,3,3,2,265,0,0,37,1,4,4.0
1,18,179,5600,1,0,3,4,0,300,0,2,120,2,0,1.75
1,31,186,12163,1,1,2,3,2,248,0,0,0,1,3,3.52
0,21,170,5121,1,1,3,3,1,200,0,0,0,2,0,1.77
1,21,171,8099,1,1,2,3,2,200,0,0,84,1,5,2.77
1,21,162,7000,0,0,2,3,2,200,0,1,60,1,1,2.67
1,32,175,12000,1,0,3,3,2,200,0,0,60,1,3,3.92
1,18,178,10800,1,1,2,3,2,200,0,1,60,0,2,3.41
1,31,184,12507,1,1,2,3,2,129,0,0,0,1,3,3.69
0,21,166,10512,1,1,3,3,2,148,0,0,0,1,4,3.81
1,21,162,7000,0,1,2,2,3,200,0,0,79,1,5,2.67
0,21,170,5000,0,0,2,3,1,100,0,0,6,2,0,1.73
0,19,152,4200,0,1,3,1,1,100,0,1,60,2,0,1.82
0,27,155,6359,1,1,2,1,2,200,0,1,116,2,6,2.65
0,20,175,15141,1,1,3,3,2,222,0,0,51,1,4,4.94
0,26,164,11148,1,1,3,3,2,262,0,0,10,1,4,4.14
1,24,176,11736,1,1,1,3,2,200,0,1,37,1,3,3.79
1,21,175,7500,1,1,2,3,2,300,0,3,0,1,5,2.45
0,21,160,5700,1,1,2,3,1,200,0,2,0,2,1,2.23
0,17,160,4500,0,1,2,3,1,100,1,2,0,1,0,1.76
1,35,183,8500,1,0,3,1,2,300,0,2,0,2,5,2.54
1,26,180,8500,1,0,2,3,1,200,1,1,0,0,5,2.62
0,21,160,4500,0,0,3,3,1,200,1,0,0,1,0,1.76
0,18,179,8522,1,1,2,3,2,172,0,1,0,1,2,2.66
0,37,157,8000,1,1,2,3,2,197,0,0,0,1,2,3.25
0,18,150,4166,0,1,1,3,2,177,0,0,60,1,0,1.85
1,20,185,6000,0,0,2,3,1,100,0,0,60,1,1,1.75
0,26,164,11187,1,1,3,3,2,261,0,0,7,1,4,4.16
1,17,181,9741,1,1,2,2,2,200,0,0,8,1,6,2.97
0,21,165,8000,1,0,2,3,2,300,0,1,60,1,6,2.94
1,30,181,11820,1,1,2,3,2,213,0,0,100,1,2,3.61
0,21,157,8000,1,1,2,1,2,264,0,1,0,1,2,3.25
0,26,174,7800,1,1,3,1,2,300,0,0,0,2,5,2.58
0,26,162,11067,1,1,3,3,2,255,0,0,30,1,4,4.22
0,26,163,11186,1,1,3,3,2,232,0,0,32,1,4,4.21
0,18,164,8608,1,1,3,3,2,200,0,0,39,2,2,3.2
1,21,180,7500,0,1,3,3,1,200,0,3,0,1,5,2.31
1,21,150,7000,0,1,2,1,3,300,0,1,0,1,5,3.11
1,29,190,12915,1,1,2,3,2,130,0,1,0,1,3,3.58
1,25,177,11409,1,1,2,3,2,215,0,1,4,1,3,3.64
1,19,179,7900,1,1,3,3,2,200,1,1,0,2,1,2.47
0,21,167,12120,1,1,3,3,2,148,0,0,43,1,4,4.35
0,26,164,11192,1,1,3,3,2,278,0,1,3,1,4,4.16
0,18,168,7800,1,0,3,3,2,200,0,1,0,1,6,2.76
0,26,164,11194,1,1,3,3,2,277,0,0,56,1,4,4.16
0,20,173,12649,1,1,3,3,2,244,0,0,48,1,4,4.23
0,21,163,6805,1,1,1,3,3,200,0,0,60,1,5,2.56
0,26,163,11183,1,1,3,3,2,277,0,0,5,1,4,4.21
0,26,162,11188,1,1,3,3,2,277,0,0,9,1,4,4.26
0,18,168,9000,1,1,2,1,2,100,0,0,120,2,2,3.19
1,20,178,7800,1,0,3,1,2,200,0,2,0,0,5,2.46
0,26,162,11153,1,1,3,3,2,255,0,0,27,1,4,4.25
0,25,163,10494,1,1,3,3,2,104,0,0,54,1,4,3.95
1,19,180,8500,0,1,2,3,3,300,0,1,60,1,5,2.62
0,21,156,6000,1,1,2,3,1,200,0,1,0,2,1,2.47
0,39,150,8000,1,1,2,3,2,100,0,0,0,1,2,3.56
1,26,178,11512,1,1,2,3,2,211,0,0,83,1,3,3.63
1,22,184,8500,1,1,3,3,2,200,0,1,60,1,6,2.51
0,20,164,5300,1,0,2,3,2,200,1,3,60,1,1,1.97
1,18,166,9000,1,1,2,3,2,200,0,1,111,2,2,3.27
1,21,169,7500,1,1,2,1,2,200,0,2,0,1,5,2.63
1,18,178,5800,1,1,3,3,2,200,0,3,60,1,1,1.83
0,16,155,5700,1,0,2,3,2,100,0,1,60,1,1,2.37
1,22,186,12147,1,1,2,2,2,200,0,1,0,1,3,3.51
0,25,161,11064,1,1,3,3,2,123,0,0,27,1,4,4.27
1,19,183,8925,1,1,2,1,2,235,0,1,0,1,6,2.67
1,17,180,9700,1,1,2,3,2,200,0,3,120,1,6,2.99
0,21,170,7800,1,0,2,1,2,200,0,1,37,2,6,2.7
0,23,159,5500,1,0,2,3,1,200,0,3,0,2,1,2.18
0,23,158,4466,0,0,3,3,1,100,1,0,0,2,0,1.79
0,26,162,10504,1,1,3,3,2,276,0,0,24,1,4,4.0
0,26,153,10482,1,1,3,3,2,270,0,0,6,1,4,4.48
1,25,176,11210,1,1,1,3,2,200,0,1,0,1,3,3.62
0,19,174,13380,1,1,3,3,2,286,0,1,37,1,4,4.42
1,31,167,12233,1,1,2,3,2,159,0,0,82,1,3,4.39
0,19,160,4500,0,0,3,3,1,100,0,1,0,1,0,1.76
1,25,176,8853,1,1,1,3,2,200,0,0,27,1,6,2.86
0,18,173,13316,1,1,3,3,2,284,0,1,37,1,4,4.45
0,41,175,7300,1,1,2,3,2,100,0,3,0,1,5,2.38
1,21,182,7100,1,1,3,3,1,300,0,2,60,2,1,2.14
0,24,166,11477,1,1,3,3,2,235,0,0,44,1,4,4.16
0,22,164,5300,1,1,2,3,2,100,0,1,60,1,1,1.97
0,40,156,8000,1,1,2,3,2,100,0,0,0,1,2,3.29
0,32,169,8228,1,1,2,2,2,213,0,1,36,1,2,2.88
0,23,156,4500,0,1,2,3,2,200,0,1,0,2,1,1.85
0,19,171,5626,0,1,2,4,1,226,0,2,58,1,0,1.92
1,18,165,8000,1,0,2,3,2,200,0,1,60,1,6,2.94
1,21,170,7582,1,1,2,1,3,200,0,0,109,1,5,2.62
1,21,168,10318,1,1,2,1,2,200,0,0,60,2,3,3.66
1,30,179,11210,1,1,2,3,2,201,0,0,28,1,3,3.5
0,26,163,11182,1,1,3,3,2,255,0,0,13,1,4,4.21
1,17,170,5000,0,1,1,3,2,100,0,2,60,1,0,1.73
0,18,171,5000,0,1,2,4,1,100,0,0,120,1,0,1.71
0,20,181,15127,1,1,3,3,2,288,0,1,45,1,4,4.62
1,21,182,7700,1,0,2,1,0,300,0,1,60,1,1,2.32
0,33,179,7600,0,1,3,3,2,200,0,1,120,1,5,2.37
0,20,166,9331,1,1,3,3,2,170,0,1,55,1,2,3.39
0,21,163,6500,1,1,2,1,2,200,0,1,0,2,5,2.45
1,22,172,7500,1,1,2,3,2,200,0,2,60,1,5,2.54
0,21,170,7807,1,1,2,3,2,264,0,2,0,0,6,2.7
0,22,160,5200,0,1,2,1,2,100,0,1,0,1,1,2.03
0,21,160,4500,0,0,3,3,1,100,1,1,0,2,0,1.76
0,25,164,10476,1,1,3,3,2,143,0,0,43,1,4,3.9
1,37,175,11856,1,1,2,3,2,208,0,0,0,1,3,3.87
0,26,164,11081,1,1,3,3,2,264,0,0,33,1,4,4.12
1,22,175,5412,1,1,3,3,1,200,0,2,120,2,0,1.77
1,22,172,9673,1,1,2,1,2,227,0,0,80,2,2,3.27
1,28,176,11327,1,1,1,3,2,200,0,1,60,1,3,3.66
1,31,167,9000,1,1,2,1,2,234,0,1,0,1,2,3.23
1,18,170,6500,1,1,2,3,1,200,0,1,0,2,1,2.25
0,38,163,6233,0,1,2,2,2,114,0,0,37,1,5,2.35
1,18,169,5113,1,1,2,3,2,200,0,0,60,2,0,1.79
0,19,162,8296,1,1,1,2,2,285,0,0,56,1,5,3.16
1,21,170,7500,1,1,2,3,2,100,0,2,0,1,5,2.6
1,23,174,7300,1,1,3,3,2,200,0,3,60,1,1,2.41
1,21,170,10024,1,1,2,1,2,200,0,2,0,2,2,3.47
0,26,165,11193,1,1,3,3,2,277,0,0,5,1,4,4.11
0,43,161,8413,1,1,2,2,2,122,0,0,0,2,2,3.25
0,23,166,8000,1,0,2,3,0,200,0,0,60,2,6,2.9
1,21,165,8000,1,1,2,3,2,200,0,1,120,1,6,2.94
1,24,184,12080,1,1,2,3,2,217,0,1,0,1,3,3.57
1,23,180,12142,1,1,3,2,2,100,0,0,0,1,3,3.75
0,25,165,10494,1,1,3,3,2,149,0,0,33,1,4,3.85
1,24,188,8700,1,1,3,3,2,100,0,1,60,0,1,2.46
0,26,164,11194,1,1,3,3,2,260,0,0,16,1,4,4.16
0,25,163,10259,1,1,3,3,2,232,0,0,4,1,4,3.86
0,26,176,6000,1,1,2,3,2,200,0,0,60,1,1,1.94
1,33,175,8300,1,1,2,1,2,200,0,1,0,1,6,2.71
1,19,181,5819,1,1,3,3,2,240,0,2,33,1,0,1.78
1,21,172,8000,1,1,2,1,2,200,0,2,95,2,5,2.7
0,21,160,5000,1,1,3,3,2,200,0,1,0,1,1,1.95
0,22,163,8200,1,1,1,1,2,200,0,0,60,2,2,3.09
1,21,174,9818,1,1,2,2,2,266,0,2,84,2,2,3.24
1,25,184,12124,1,1,3,3,2,262,0,1,0,1,3,3.58
1,25,176,11287,1,1,1,3,2,211,0,1,0,1,3,3.64
0,27,170,7600,1,1,3,3,1,200,0,2,60,1,1,2.63
0,26,163,10483,1,1,3,3,2,255,0,0,33,1,4,3.95
1,25,177,11400,1,1,1,3,2,262,0,1,10,1,3,3.64
0,21,173,13294,1,1,3,3,2,179,0,1,49,1,4,4.44
1,24,183,9797,1,1,2,1,2,115,0,1,58,2,3,2.93
1,24,176,11789,1,1,2,2,2,283,0,1,0,1,3,3.81
0,18,166,8295,1,1,2,3,2,203,0,0,96,2,2,3.01
0,25,163,10259,1,1,3,3,2,103,0,0,43,1,4,3.86
1,24,177,12104,1,1,2,2,2,264,0,1,45,1,3,3.86
0,20,156,4500,0,0,2,3,2,200,0,2,0,1,1,1.85
1,30,175,11856,1,1,2,3,2,224,0,0,60,1,3,3.87
0,32,150,6300,1,1,3,1,2,100,1,0,0,2,5,2.8
1,24,178,8341,1,1,2,3,2,282,0,0,56,1,6,2.63
0,26,161,11195,1,1,3,3,2,276,0,0,5,1,4,4.32
1,25,164,10457,1,1,2,1,2,161,0,0,31,1,3,3.89
0,18,172,6800,1,1,2,1,2,200,0,0,120,2,5,2.3
0,25,164,10479,1,1,3,3,2,136,0,0,46,1,4,3.9
1,26,180,8500,0,0,3,3,2,300,0,1,60,1,5,2.62
0,26,164,11187,1,1,3,3,2,235,0,0,5,1,4,4.16
0,18,160,5500,1,1,2,3,1,100,0,1,60,2,1,2.15
0,25,161,10548,1,1,3,3,2,282,0,0,31,1,4,4.07
0,18,160,5600,0,1,3,4,1,100,0,0,60,1,1,2.19
1,21,164,6200,1,0,2,3,2,200,0,0,120,1,1,2.31
1,28,176,11253,1,1,1,3,2,125,0,0,37,1,3,3.63
1,25,169,7500,1,0,3,3,2,200,0,1,0,1,5,2.63
1,25,179,10645,1,1,2,3,2,201,0,1,0,1,2,3.32
1,19,186,8600,1,1,2,4,1,200,0,3,0,1,5,2.49
0,21,160,6886,1,1,1,3,2,300,1,0,0,2,5,2.69
1,19,180,5000,0,1,2,3,1,100,0,2,60,1,0,1.54
1,20,182,10525,1,1,3,3,2,247,0,0,0,1,2,3.18
0,22,161,8201,1,1,2,1,2,200,0,0,7,2,2,3.16
0,21,160,6600,0,1,2,3,2,300,0,1,0,1,5,2.58
0,25,163,10483,1,1,3,3,2,265,0,0,37,1,4,3.95
0,21,170,5173,1,1,2,3,1,170,0,1,0,2,0,1.79
0,21,174,13376,1,1,3,3,2,283,0,1,6,1,4,4.42
1,20,179,10483,1,1,2,3,2,205,0,0,44,1,2,3.27
0,25,165,10479,1,1,3,3,2,251,0,0,46,1,4,3.85
0,18,162,5300,0,1,2,3,2,100,0,0,60,1,1,2.02
1,24,178,12092,1,1,2,3,2,291,0,1,40,1,3,3.82
0,18,178,13294,1,1,3,3,2,162,0,1,41,1,4,4.2
1,22,179,9687,1,1,2,2,2,289,0,2,76,2,2,3.02
1,30,181,13092,1,1,2,3,2,152,0,1,55,1,3,4.0
1,37,176,11816,1,1,2,2,2,145,0,0,8,1,3,3.81
0,19,150,6425,0,1,2,2,2,197,1,0,0,1,5,2.86
0,19,160,4500,0,1,3,4,1,200,0,2,60,2,0,1.76
0,26,163,11193,1,1,3,3,2,268,0,0,15,1,4,4.21
0,21,160,6000,0,1,3,3,2,200,0,1,0,2,1,2.34
1,21,162,6000,0,1,2,3,2,100,0,1,0,1,1,2.29
1,24,179,11820,1,1,2,2,2,216,0,0,0,1,3,3.69
0,26,164,11175,1,1,3,3,2,261,0,0,44,1,4,4.15
0,20,166,12511,1,1,3,3,2,273,0,0,30,1,4,4.54
1,18,175,5200,0,0,2,3,1,200,1,3,60,1,0,1.7
1,22,161,10547,1,1,2,1,2,114,0,0,93,2,2,4.07
1,31,179,12090,1,1,2,3,2,233,0,0,18,1,3,3.77
0,18,162,5500,1,1,2,3,2,100,0,1,60,1,1,2.1
1,24,175,11210,1,1,2,3,2,204,0,0,33,1,3,3.66
1,37,175,11844,1,1,2,3,2,177,0,1,0,1,3,3.87
0,22,164,8219,1,1,1,3,2,102,0,1,60,0,2,3.06
0,18,171,5000,0,1,2,3,2,200,0,0,60,1,0,1.71
1,25,175,11200,1,1,2,3,2,200,0,1,0,1,3,3.66
0,23,170,7000,0,1,2,3,2,200,0,3,60,2,1,2.42
1,19,180,9100,1,1,1,4,2,100,0,2,60,1,6,2.81
1,24,179,11729,1,1,1,2,2,263,0,1,0,1,3,3.66
0,18,170,6500,1,1,2,3,1,100,0,1,60,2,1,2.25
1,24,181,12113,1,1,2,2,2,139,0,1,0,1,3,3.7
1,23,188,12152,1,1,2,2,2,237,0,0,0,1,3,3.44
0,18,156,5800,1,1,2,3,2,200,0,1,60,1,1,2.38
1,23,170,7500,1,1,2,3,1,300,0,1,0,1,5,2.6
0,18,173,13305,1,1,3,3,2,285,0,1,46,1,4,4.45
1,20,179,10287,1,1,2,1,2,100,0,0,60,2,2,3.21
1,18,172,7200,1,1,3,3,2,200,0,1,60,1,1,2.43
0,26,181,10258,1,1,3,3,2,298,0,0,32,1,4,3.13
0,21,165,8000,1,1,2,1,2,200,0,1,60,2,6,2.94
1,23,167,7500,1,0,3,3,2,300,0,1,120,1,5,2.69
1,18,178,10800,1,1,2,1,1,300,0,1,60,1,2,3.41
1,22,178,10500,1,1,2,3,2,264,0,1,0,1,2,3.31
1,21,175,8000,1,1,2,1,2,200,0,1,60,1,5,2.61
0,43,158,7700,1,1,2,2,2,166,0,0,0,2,6,3.08
0,25,173,10499,1,1,3,3,2,124,0,0,50,1,4,3.51
1,27,168,8000,1,0,2,3,2,200,0,1,0,2,6,2.83
1,22,186,12168,1,1,2,3,2,200,0,1,0,1,3,3.52
0,18,170,7000,1,1,3,3,1,200,0,2,0,2,1,2.42
0,21,159,4665,0,1,3,3,2,261,0,1,0,2,0,1.85
1,26,170,7500,0,1,2,1,2,200,0,2,0,1,5,2.6
1,39,170,9919,1,1,2,1,2,265,0,0,0,2,2,3.43
1,30,176,11840,1,1,2,3,2,215,0,0,9,1,3,3.82
0,26,165,11193,1,1,3,3,2,277,0,0,4,1,4,4.11
1,24,175,8608,1,1,2,2,2,245,0,0,37,1,6,2.81
1,19,182,8500,1,1,2,3,2,151,0,1,0,1,5,2.57
0,24,163,11345,1,1,3,3,2,238,0,0,37,1,4,4.27
0,23,150,5800,1,1,2,3,2,200,0,0,0,2,1,2.58
0,17,175,4993,0,1,2,3,2,200,0,2,60,1,0,1.63
1,17,183,5989,1,1,2,4,2,200,0,2,83,2,0,1.79
0,21,174,12790,1,1,3,3,2,160,0,1,55,1,4,4.22
1,18,160,8434,1,1,2,1,2,200,0,0,21,2,2,3.29
1,31,175,11944,1,1,2,3,2,241,0,0,100,1,3,3.9
1,55,167,9000,1,1,2,3,2,300,0,1,0,2,6,3.23
1,21,178,11631,1,1,2,3,2,199,0,1,69,1,2,3.67
0,25,162,10498,1,1,3,3,2,153,0,0,39,1,4,4.0
0,18,166,6000,0,1,2,1,2,100,0,1,60,2,1,2.18
1,18,175,5582,1,1,2,4,2,200,0,2,42,1,0,1.82
0,21,163,6300,0,1,2,3,2,100,0,1,0,1,1,2.37
0,19,175,13387,1,1,3,3,2,200,0,1,54,1,4,4.37
1,17,185,5961,1,1,2,4,2,200,0,2,7,2,0,1.74
1,21,165,6000,1,0,2,3,2,200,0,1,0,2,1,2.2
1,23,169,6500,1,1,2,3,2,100,0,0,60,1,1,2.28
1,39,175,9630,1,1,2,2,2,277,0,1,0,1,2,3.14
0,39,160,7900,1,1,2,3,2,100,0,0,0,2,2,3.09
1,24,184,12114,1,1,2,2,2,236,0,1,0,1,3,3.58
0,18,166,6000,0,1,3,3,2,200,0,1,0,2,1,2.18
0,20,170,7800,1,1,2,3,1,200,0,1,120,2,6,2.7
1,24,166,10054,1,1,2,2,2,113,0,0,0,2,3,3.65
1,23,181,12145,1,1,3,2,2,272,0,0,0,1,3,3.71
1,26,181,12034,1,1,2,3,2,215,0,1,10,1,3,3.67
1,23,170,8398,1,1,2,2,2,200,0,0,40,1,6,2.91
1,29,178,11208,1,1,2,3,2,202,0,0,1,1,3,3.54
0,23,170,8252,1,1,2,2,2,113,0,0,118,2,2,2.86
0,26,164,11193,1,1,3,3,2,272,0,0,5,1,4,4.16
1,21,172,7000,1,0,2,3,1,200,0,0,0,1,1,2.37
1,23,187,11739,1,1,2,2,2,271,0,0,0,1,3,3.36
1,30,175,11811,1,1,1,3,2,125,0,0,0,1,3,3.86
0,23,172,5000,1,1,3,1,1,200,0,1,0,2,0,1.69
0,22,165,6600,1,1,2,1,2,200,0,1,60,1,5,2.42
0,26,160,11220,1,1,3,3,2,249,0,0,41,1,4,4.38
0,26,162,11135,1,1,3,3,2,261,0,0,10,1,4,4.24
0,25,166,10505,1,1,3,3,2,273,0,0,28,1,4,3.81
1,18,178,5196,1,1,2,3,2,192,0,2,80,2,0,1.64
0,26,163,11194,1,1,3,3,2,273,0,0,5,1,4,4.21
1,31,189,12976,1,1,2,3,2,100,0,1,0,1,3,3.63
0,19,152,4200,0,1,3,1,1,182,0,0,51,1,0,1.82
1,22,176,5113,1,1,2,3,2,127,0,0,60,1,0,1.65
1,17,171,7100,1,1,2,4,2,200,1,1,0,0,1,2.43
0,26,163,11158,1,1,3,3,2,255,0,0,15,1,4,4.2
1,18,179,9105,1,1,1,3,2,198,0,1,0,1,2,2.84
0,18,172,7200,1,1,3,3,0,200,0,1,0,2,1,2.43
0,26,166,11123,1,1,3,3,2,263,0,0,9,1,4,4.04
1,32,175,12000,1,0,2,3,2,100,0,0,120,1,3,3.92
1,22,178,8975,1,1,2,1,2,115,0,0,0,1,2,2.83
1,23,187,12124,1,1,3,2,2,296,0,0,0,1,3,3.47
0,37,170,7612,1,1,3,3,2,200,0,0,120,1,5,2.63
1,19,176,8560,1,1,2,3,2,208,0,1,26,1,5,2.76
0,29,175,7200,1,1,3,3,1,200,0,0,60,1,1,2.35
1,18,173,5200,1,1,1,3,2,116,0,0,100,2,0,1.74
0,34,170,7800,0,0,3,1,2,100,0,1,0,0,6,2.7
1,30,175,12009,1,1,2,3,2,253,0,1,23,1,3,3.92
0,18,165,8600,1,1,3,3,2,200,0,0,60,2,2,3.16
0,26,161,10503,1,1,3,3,2,261,0,0,11,1,4,4.05
1,23,170,8000,1,1,2,3,2,200,0,0,120,2,5,2.77
0,18,170,5000,0,1,2,3,1,100,0,0,60,1,0,1.73
0,22,162,8200,1,1,1,1,2,200,0,0,88,2,2,3.12
1,21,162,7000,0,1,2,1,2,300,0,1,0,1,5,2.67
0,25,162,10232,1,1,3,3,2,106,0,0,35,1,4,3.9
1,17,180,8500,1,1,2,3,1,200,0,1,60,1,6,2.62
0,19,155,6359,1,0,2,1,2,132,0,0,77,1,6,2.65
0,25,164,10480,1,1,3,3,2,149,0,0,43,1,4,3.9
0,24,169,11447,1,1,3,3,2,282,0,0,52,1,4,4.01
0,22,165,8000,1,1,2,1,2,200,0,1,0,1,6,2.94
1,21,171,7568,1,1,2,3,2,100,0,0,0,1,5,2.59
1,21,170,7000,1,1,2,1,2,100,0,2,60,2,1,2.42
0,26,164,11193,1,1,3,3,2,263,0,0,56,1,4,4.16
1,21,170,8055,1,1,2,2,2,200,0,2,60,2,6,2.79
1,30,169,10008,1,1,2,2,2,100,0,0,90,2,3,3.5
0,18,170,5000,0,1,3,3,2,100,0,2,0,1,0,1.73
0,26,162,11195,1,1,3,3,2,253,0,0,9,1,4,4.27
0,26,162,11188,1,1,3,3,2,276,0,0,5,1,4,4.26
0,41,160,8000,1,1,2,3,2,200,0,1,0,1,2,3.12
0,33,170,7800,1,1,3,3,2,200,0,0,0,2,6,2.7
1,29,175,7800,1,0,3,3,2,300,0,1,0,0,6,2.55
0,25,165,11093,1,1,3,3,2,167,0,0,26,1,4,4.07
1,27,181,8780,1,1,2,3,2,271,0,0,7,1,5,2.68
1,22,183,6500,1,1,2,3,2,200,0,0,120,2,1,1.94
0,26,164,11186,1,1,3,3,2,122,0,0,0,1,4,4.16
1,17,172,5569,1,1,2,4,2,200,0,2,7,2,0,1.88
0,20,173,13280,1,1,3,3,2,183,0,1,47,1,4,4.44
0,33,155,7700,1,0,3,1,2,100,0,0,0,1,6,3.2
0,19,152,4200,0,1,3,1,1,169,0,0,5,1,0,1.82
1,19,173,5483,1,1,3,3,2,200,0,1,120,1,0,1.83
0,21,173,5144,1,1,3,3,1,265,0,1,39,1,0,1.72
0,19,156,4200,0,1,3,1,1,161,0,0,0,1,0,1.73
1,24,179,12097,1,1,2,3,2,300,0,0,21,1,3,3.78
0,26,162,11148,1,1,3,3,2,262,0,0,12,1,4,4.25
1,21,165,6000,1,0,2,3,2,200,0,1,60,2,1,2.2
0,21,155,5000,1,1,2,3,2,100,0,0,60,1,1,2.08
1,23,170,8000,0,1,2,3,2,200,0,0,120,2,6,2.77
0,26,164,11181,1,1,3,3,2,255,0,0,14,1,4,4.16
0,20,168,10494,1,1,2,3,2,142,0,0,0,1,2,3.72
0,18,163,6400,1,1,3,1,2,100,0,1,0,2,1,2.41
1,20,171,8000,1,1,2,3,2,216,0,1,96,2,6,2.74
1,33,176,8530,1,1,2,2,2,253,0,0,58,1,6,2.75
0,19,155,4200,0,0,3,1,1,100,0,0,0,1,0,1.75
0,23,162,8315,1,1,2,1,2,211,0,0,22,2,2,3.17
0,26,162,11092,1,1,3,3,2,270,0,0,13,1,4,4.23
0,18,165,5600,1,1,3,3,1,200,0,1,0,1,1,2.06
0,25,164,10496,1,1,3,3,2,148,0,0,56,1,4,3.9
1,18,180,7000,1,1,2,3,1,200,0,3,60,1,1,2.16
1,25,175,7000,0,0,3,3,2,200,0,3,0,2,1,2.29
0,19,160,5800,1,1,2,3,2,200,0,2,60,2,1,2.27
1,31,168,9000,1,1,2,1,2,214,0,0,0,1,2,3.19
1,38,183,11779,1,1,2,2,2,100,0,1,0,1,3,3.52
1,17,175,9500,1,1,2,3,1,300,0,3,60,0,6,3.1
0,30,164,7480,1,0,2,3,2,200,0,0,0,2,6,2.78
0,21,163,6300,1,1,3,3,2,200,0,1,0,1,1,2.37
0,21,176,13388,1,1,3,3,2,286,0,1,55,1,4,4.32
0,26,163,11191,1,1,3,3,2,267,0,0,14,1,4,4.21
1,21,160,10006,1,1,2,1,2,193,0,0,60,2,3,3.91
1,21,174,10500,1,1,2,3,2,300,0,1,0,2,2,3.47
1,21,169,7500,1,1,2,3,2,200,0,0,84,1,5,2.63
1,30,191,12923,1,1,2,3,2,134,0,1,0,1,3,3.54
0,26,162,11097,1,1,3,3,2,263,0,0,22,1,4,4.23
0,26,163,11193,1,1,3,3,2,261,0,0,5,1,4,4.21
0,21,155,5100,0,1,3,1,1,200,0,0,0,2,0,2.12
0,21,161,6885,0,1,1,3,3,197,1,0,55,1,5,2.66
1,25,177,11508,1,1,1,3,2,235,0,1,0,1,3,3.67
0,18,161,5200,0,1,2,3,2,100,0,1,60,2,1,2.01
0,19,150,4200,0,1,3,1,1,100,0,1,0,1,0,1.87
0,18,165,8000,1,1,2,3,2,200,0,1,42,2,6,2.94
1,18,175,7900,1,1,2,3,1,200,0,1,60,1,5,2.58
1,22,163,7000,1,1,2,1,2,200,0,0,90,1,5,2.63
0,21,163,6600,1,1,3,3,2,200,0,1,0,1,1,2.48
0,21,148,6111,1,0,2,1,2,100,0,0,0,2,6,2.79
1,22,169,9000,1,1,2,3,2,279,0,0,80,1,2,3.15
1,17,178,5989,1,1,2,4,2,200,0,2,33,2,0,1.89
1,18,180,6000,1,1,2,4,1,300,0,3,120,2,0,1.85
1,31,186,12480,1,1,2,3,2,197,0,0,0,1,3,3.61
1,18,180,6400,0,0,3,3,2,200,0,3,0,2,1,1.98
1,36,168,8378,1,1,2,2,2,254,0,0,23,2,6,2.97
0,22,165,8200,1,1,2,1,0,300,0,1,0,1,2,3.01
0,25,162,10230,1,1,3,3,2,106,0,0,33,1,4,3.9
0,18,155,5000,0,1,2,4,1,200,0,2,60,1,0,2.08
1,33,185,8500,0,1,2,1,2,200,0,3,0,1,1,2.48
0,35,160,6233,0,1,2,3,2,200,0,0,28,1,5,2.43
0,26,162,11195,1,1,3,3,2,249,0,0,6,1,4,4.27
0,18,170,8000,0,1,1,3,2,200,0,0,60,2,6,2.77
0,20,169,5200,1,1,3,3,1,200,0,0,60,2,0,1.82
1,21,185,6600,1,1,2,3,1,200,0,3,0,1,1,1.93
1,21,175,7500,1,1,2,3,0,200,0,2,120,1,1,2.45
0,35,150,7998,1,0,2,2,2,166,0,0,0,1,6,3.55
1,22,180,6000,1,1,2,1,2,200,0,0,60,1,1,1.85
0,20,180,15314,1,1,3,3,2,238,0,0,46,1,4,4.73
0,38,155,8000,1,1,2,3,2,273,0,0,16,1,2,3.33
1,21,165,7500,1,1,3,4,0,200,0,1,0,1,5,2.75
0,36,156,8000,1,1,2,3,2,113,0,0,0,1,2,3.29
1,19,175,7000,0,1,3,3,2,200,0,2,60,1,1,2.29
1,33,169,8300,1,1,3,3,1,100,1,2,0,1,5,2.91
0,16,159,4712,0,1,2,1,2,201,0,0,77,1,0,1.86
1,18,177,10995,1,1,2,2,2,154,0,1,60,1,2,3.51
0,19,162,6886,1,1,1,3,2,204,1,1,25,1,5,2.62
0,26,162,11077,1,1,3,3,2,270,0,0,46,1,4,4.22
0,17,165,4900,0,0,2,3,2,200,0,0,120,2,0,1.8
0,18,166,5600,1,1,2,3,2,200,0,1,60,2,1,2.03
0,24,170,8400,1,1,2,3,2,200,0,3,60,2,2,2.91
1,18,180,7200,1,1,2,4,2,200,0,2,0,1,1,2.22
1,21,162,7000,1,1,2,1,3,200,0,1,0,1,5,2.67
1,22,179,10513,1,1,2,3,2,202,0,0,0,1,2,3.28
1,21,162,7000,0,1,2,1,3,206,0,0,23,1,5,2.67
1,17,170,9500,1,1,2,3,1,300,0,1,60,2,6,3.29
0,21,165,6200,1,1,2,3,2,200,0,1,0,1,1,2.28
0,18,156,6000,0,1,2,3,0,100,0,1,60,1,1,2.47
0,18,163,5800,1,0,2,3,2,100,0,0,0,2,1,2.18
1,25,177,11425,1,1,2,3,2,215,0,1,3,1,3,3.65
0,26,162,11082,1,1,3,3,2,270,0,0,44,1,4,4.22
1,25,178,11542,1,1,1,3,2,235,0,1,4,1,3,3.64
1,18,177,6700,1,1,2,3,2,200,0,1,60,2,1,2.14
0,21,155,5600,0,1,2,3,2,100,0,1,0,1,1,2.33
1,19,180,6000,0,0,3,3,2,200,0,0,0,1,1,1.85
0,26,163,11182,1,1,3,3,2,244,0,0,13,1,4,4.21
0,16,155,4500,0,1,2,3,2,200,0,2,60,1,0,1.87
1,21,166,6200,0,1,2,3,2,300,0,1,60,1,1,2.25
1,21,169,7500,1,1,2,3,2,254,0,0,5,1,5,2.63
1,23,174,9700,1,1,2,3,2,200,0,0,120,2,2,3.2
1,21,178,7800,0,1,2,1,1,200,0,1,0,0,5,2.46
1,25,177,11448,1,1,2,3,2,289,0,1,52,1,3,3.65
0,18,166,5900,1,0,3,3,2,300,0,2,60,2,1,2.14
1,18,172,5300,0,1,2,3,2,200,0,1,120,1,0,1.79
0,21,162,7000,0,1,2,1,2,300,0,1,0,2,5,2.67
1,21,178,10800,1,1,2,1,2,200,0,1,60,1,2,3.41
1,23,180,8500,1,0,3,3,2,200,0,1,0,1,5,2.62
1,21,175,7899,1,1,2,3,2,200,0,0,113,1,5,2.58
0,38,160,8000,1,1,3,3,2,113,0,0,0,1,2,3.12
0,26,162,10542,1,1,3,3,2,103,0,0,15,1,4,4.02
1,22,165,11631,1,1,2,2,2,100,0,1,0,1,3,4.27
1,23,175,8260,1,1,1,1,2,200,0,0,0,1,5,2.7
0,18,167,6700,1,1,2,3,2,200,0,0,60,2,1,2.4
1,23,170,8000,0,0,2,3,2,300,0,2,60,1,6,2.77
1,22,173,7509,1,1,2,3,2,282,0,0,58,1,5,2.51
0,20,156,5700,1,1,2,4,1,200,0,2,0,1,1,2.34
0,22,160,5800,1,0,2,3,2,200,0,2,0,1,1,2.27
1,25,182,6000,1,1,2,3,2,200,0,2,0,1,1,1.81
1,24,185,12098,1,1,2,3,2,215,0,1,40,1,3,3.53
1,25,177,11225,1,1,1,3,2,211,0,1,0,1,3,3.58
1,26,177,11239,1,1,1,3,2,203,0,0,24,1,3,3.59
0,18,168,12742,1,1,3,3,2,270,0,0,28,1,4,4.51
0,18,171,5165,1,1,2,3,2,162,0,0,60,2,0,1.77
0,19,162,4200,0,0,3,2,1,100,1,0,78,1,0,1.6
0,26,163,11120,1,1,3,3,2,270,0,0,6,1,4,4.19
1,21,170,9854,1,1,2,2,2,200,0,1,0,2,2,3.41
0,45,168,8600,1,1,3,3,1,100,0,0,0,1,6,3.05
0,25,171,10295,1,1,3,3,2,148,0,1,49,1,4,3.52
0,21,174,13294,1,1,3,3,2,286,0,1,43,1,4,4.39
0,18,174,7600,0,0,3,3,2,200,0,1,86,1,5,2.51
0,37,152,7613,1,1,2,2,2,120,0,0,0,1,2,3.3
1,25,183,9595,1,1,1,3,2,300,0,2,77,0,2,2.87
0,20,160,4166,0,1,2,1,1,200,0,0,65,1,0,1.63
0,26,163,11115,1,1,3,3,2,263,0,0,38,1,4,4.18
1,17,170,9500,0,0,2,4,2,200,1,2,120,1,2,3.29
0,27,170,7800,0,0,2,3,2,300,0,2,60,1,6,2.7
1,18,178,10800,1,1,2,3,2,200,0,2,60,2,2,3.41
1,22,171,5000,1,1,2,3,1,100,0,1,13,2,0,1.71
0,18,170,5000,0,1,2,4,1,100,0,2,60,1,0,1.73
0,26,162,11192,1,1,3,3,2,231,0,0,27,1,4,4.26
1,21,171,7500,1,1,2,3,2,200,0,1,80,1,5,2.56
1,18,183,8696,1,1,2,3,2,200,0,2,84,1,6,2.6
1,25,178,11512,1,1,1,3,2,216,0,0,42,1,3,3.63
0,17,160,5700,1,1,2,4,1,100,0,1,0,1,1,2.23
0,25,168,10477,1,1,3,3,2,177,0,0,37,1,4,3.71
0,17,180,5000,1,1,3,3,1,200,0,2,60,1,0,1.54
0,21,157,5850,1,1,2,3,2,100,0,2,0,2,1,2.37
0,19,159,4254,0,1,3,3,2,119,0,0,0,1,0,1.68
0,23,166,8477,1,1,2,3,2,200,0,1,0,2,2,3.08
0,18,164,8200,1,1,2,3,2,183,0,0,0,2,2,3.05
1,21,168,8999,1,1,2,3,2,300,0,1,57,1,5,3.19
0,24,166,11239,1,1,3,3,2,209,0,0,5,1,4,4.08
0,19,163,5800,0,1,2,4,0,100,0,0,0,1,1,2.18
1,19,175,8531,1,1,2,3,2,215,0,1,0,1,5,2.79
0,25,165,10476,1,1,3,3,2,143,0,0,35,1,4,3.85
0,21,154,6800,1,1,2,3,2,200,0,1,0,1,5,2.87
1,19,165,8000,1,1,2,3,2,200,0,2,80,2,6,2.94
1,29,184,11902,1,1,2,3,2,205,0,0,0,1,3,3.52
1,30,170,10259,1,1,2,3,2,100,0,0,19,1,3,3.55
0,21,173,13373,1,1,3,3,2,285,0,1,55,1,4,4.47
1,21,175,7800,1,1,2,1,2,200,0,2,0,1,5,2.55
0,20,171,13257,1,1,3,3,2,283,0,1,44,1,4,4.53
0,17,160,6000,1,0,3,4,2,200,0,2,0,2,0,2.34
0,18,166,6000,1,1,3,4,0,100,0,2,60,2,1,2.18
1,40,172,10934,1,1,2,1,2,100,0,1,0,1,2,3.7
0,21,165,8000,1,1,2,3,1,200,0,0,120,2,6,2.94
1,31,185,12214,1,1,2,2,2,100,0,0,62,1,3,3.57
1,30,181,9286,1,1,1,3,2,162,0,0,5,1,2,2.83
1,26,177,12098,1,1,1,3,2,200,0,0,37,1,3,3.86
1,26,179,7200,1,1,3,3,2,200,0,1,0,1,1,2.25
1,18,184,5800,1,1,2,4,2,200,0,2,0,2,0,1.71
0,41,150,8000,1,1,2,3,0,300,0,0,0,0,2,3.56
1,18,180,10872,1,1,2,1,2,245,0,1,60,2,2,3.36
1,22,173,9671,1,1,2,1,2,236,0,2,88,2,2,3.23
0,21,162,7000,0,1,2,1,3,300,0,2,0,1,5,2.67
0,26,163,11182,1,1,3,3,2,261,0,0,9,1,4,4.21
1,18,179,5300,1,1,2,4,2,200,0,2,120,1,0,1.65
0,21,158,6400,0,1,2,1,2,200,0,1,0,1,5,2.56
0,27,167,6000,1,1,2,3,2,200,0,0,0,2,1,2.15
0,18,170,8000,1,1,2,3,1,200,0,1,60,2,6,2.77
0,25,176,10547,1,1,3,3,2,115,0,0,31,1,4,3.4
1,21,172,8000,1,1,2,3,2,300,0,3,60,2,6,2.7
1,29,175,11234,1,1,1,3,2,204,0,0,37,1,3,3.67
0,18,170,6000,1,1,3,3,1,100,0,2,60,1,1,2.08
0,35,167,7966,1,1,2,1,2,100,0,0,0,2,5,2.86
1,18,169,7843,1,1,2,2,2,277,0,0,0,2,6,2.75
0,20,160,8200,1,1,2,1,2,200,0,1,0,2,2,3.2
1,30,175,11220,1,1,1,3,2,202,0,0,36,1,3,3.66
1,30,175,11272,1,1,1,3,2,200,0,0,104,1,3,3.68
1,23,184,9500,1,1,2,2,2,300,0,0,78,1,6,2.81
1,21,171,8000,1,1,1,3,2,200,0,0,56,1,5,2.74
1,22,171,7500,1,1,2,3,1,300,0,1,120,0,5,2.56
1,33,175,8500,1,0,2,3,1,200,0,1,60,1,6,2.78
0,19,154,4200,1,1,2,1,1,100,0,1,0,1,0,1.77
1,18,177,5000,0,1,2,4,1,200,0,2,60,1,0,1.6
1,30,177,12054,1,1,2,3,2,207,0,0,112,1,3,3.85
0,21,179,16093,1,1,3,3,2,235,0,1,56,1,4,5.02
1,27,172,7200,1,0,3,3,0,200,0,2,0,2,1,2.43
0,19,166,7443,1,0,2,1,2,200,1,1,60,1,5,2.7
1,18,171,5086,0,1,1,3,2,178,0,0,60,1,0,1.74
0,19,152,4200,0,1,3,1,1,176,0,0,0,1,0,1.82
1,21,180,9500,1,1,2,3,2,200,0,2,60,1,6,2.93
0,18,161,8200,1,1,2,3,0,100,0,1,60,2,2,3.16
1,21,170,9844,1,1,2,2,2,200,0,0,116,2,2,3.41
1,20,179,10503,1,1,2,3,2,281,0,0,33,1,2,3.28
1,18,161,9418,1,1,2,3,2,114,0,0,27,1,2,3.63
1,21,171,7548,1,1,3,3,2,163,0,1,0,1,5,2.58
1,25,178,11371,1,1,2,3,2,208,0,1,0,1,3,3.59
0,38,156,7600,0,1,3,3,2,300,0,0,60,1,2,3.12
0,37,155,7701,1,1,2,2,2,200,0,0,0,1,2,3.21
1,28,178,11350,1,1,2,3,2,298,0,1,0,1,3,3.58
0,19,162,4500,0,1,1,3,2,100,0,1,60,1,0,1.71
1,19,162,6974,0,1,2,1,3,200,0,1,60,1,5,2.66
1,27,181,9694,1,1,2,1,2,199,0,0,7,1,6,2.96
1,25,170,7800,1,1,3,3,2,200,0,2,60,1,6,2.7
0,26,164,11091,1,1,3,3,2,266,0,0,16,1,4,4.12
1,18,165,6900,1,1,2,1,2,100,0,1,0,2,2,2.53
1,23,183,10400,1,1,2,3,2,300,0,3,60,2,2,3.11
1,25,176,11416,1,1,1,3,2,215,0,1,40,1,3,3.69
1,24,185,12163,1,1,2,2,2,248,0,0,0,1,3,3.55
0,41,170,7600,0,1,2,3,2,200,0,1,120,0,5,2.63
0,20,164,10498,1,1,3,3,2,160,0,0,44,1,4,3.9
1,22,187,12182,1,1,2,2,2,179,0,1,0,1,3,3.48
1,25,178,11413,1,1,2,3,2,210,0,1,9,1,3,3.6
1,22,169,7000,1,1,3,3,1,200,0,2,0,1,1,2.45
0,26,164,11193,1,1,3,3,2,277,0,0,9,1,4,4.16
0,20,173,13211,1,1,3,3,2,167,0,0,50,1,4,4.41
0,26,163,11097,1,1,3,3,2,263,0,0,21,1,4,4.18
1,23,178,8000,1,1,2,1,2,200,0,1,120,1,6,2.52
1,21,166,6600,0,1,2,3,2,200,0,1,0,2,1,2.4
0,26,162,10997,1,1,3,3,2,252,0,0,23,1,4,4.19
1,23,165,6500,0,0,3,3,2,200,0,3,60,1,1,2.39
1,24,183,8400,1,1,2,1,2,200,0,1,0,0,6,2.51
0,19,162,6500,0,1,3,3,1,200,0,1,0,2,1,2.48
1,17,172,8400,0,1,3,3,1,200,0,3,120,1,6,2.84
1,22,173,9532,1,1,2,3,2,200,0,3,120,2,2,3.18
0,20,154,6290,0,1,2,3,2,196,1,0,0,1,5,2.65
0,19,163,4500,0,1,3,3,1,231,0,1,0,1,0,1.69
1,33,169,10302,1,1,2,2,2,100,0,1,0,2,3,3.61
1,33,171,8475,1,1,2,3,2,188,0,0,10,2,6,2.9
1,16,180,5000,0,1,1,3,2,163,0,0,38,1,0,1.54
1,25,181,8813,1,1,2,1,2,127,0,1,28,1,6,2.69
1,20,170,7000,0,0,2,3,2,200,0,3,0,2,1,2.42
1,24,178,12080,1,1,2,3,2,232,0,0,38,1,3,3.81
1,23,165,9000,1,1,2,3,2,200,0,1,0,2,2,3.31
0,18,172,5200,0,0,3,3,2,200,0,0,60,1,0,1.76
1,27,170,8400,1,1,3,3,1,200,0,2,0,0,6,2.91
0,23,165,5900,1,1,2,3,1,200,0,2,120,2,0,2.17
0,19,156,4500,0,1,2,3,2,100,1,2,0,1,1,1.85
0,22,160,8248,1,1,2,1,2,248,0,2,82,1,2,3.22
1,17,170,8300,1,1,2,3,2,200,0,2,60,1,6,2.87
1,23,179,11995,1,1,2,3,2,205,0,0,0,1,3,3.74
1,26,175,11228,1,1,1,3,2,206,0,0,41,1,3,3.67
1,34,171,8335,1,1,2,1,2,200,0,1,0,1,6,2.85
1,33,170,8500,0,1,2,3,2,200,0,2,60,1,5,2.94
0,18,152,4140,0,1,2,1,2,199,0,0,0,2,0,1.79
0,26,162,10302,1,1,3,3,2,270,0,0,54,1,4,3.93
0,20,152,6500,1,1,2,3,2,100,1,0,0,1,5,2.81
1,19,178,9800,1,1,2,3,2,200,0,1,60,2,2,3.09
1,25,178,11413,1,1,2,3,2,214,0,0,75,1,3,3.6
1,18,169,5159,1,1,2,3,2,100,0,0,93,2,0,1.81
1,23,170,8000,1,1,2,3,1,200,0,0,60,1,6,2.77
1,21,179,7800,1,0,1,1,2,200,0,2,0,2,5,2.43
1,19,178,6400,1,0,3,3,2,200,0,1,0,2,1,2.02
1,17,180,6000,0,1,2,3,2,200,0,2,60,1,0,1.85
1,23,162,5800,1,1,2,1,2,200,0,0,0,1,1,2.21
1,23,168,9000,1,1,2,3,2,100,0,0,0,1,2,3.19
0,26,164,11183,1,1,3,3,2,255,0,0,25,1,4,4.16
0,19,154,4200,0,1,3,1,1,100,0,0,28,1,0,1.77
0,21,148,6000,0,0,2,1,2,100,1,0,0,2,6,2.74
0,19,180,4500,0,1,3,3,1,200,1,2,0,1,0,1.39
1,31,183,9179,1,1,2,2,2,249,0,0,0,1,6,2.74
1,23,171,7500,1,1,2,3,2,200,0,0,106,1,5,2.56
0,26,161,11092,1,1,3,3,2,260,0,0,27,1,4,4.28
1,34,174,8300,1,1,2,1,2,200,0,1,0,2,6,2.74
0,25,162,10496,1,1,3,3,2,148,0,0,35,1,4,4.0
1,22,184,12141,1,1,2,2,2,205,0,1,0,1,3,3.59
1,17,185,8500,1,1,2,3,2,200,0,2,60,1,6,2.48
0,23,163,13252,1,1,3,3,2,255,0,1,48,1,4,4.99
0,21,163,6881,1,1,2,3,2,100,0,0,0,1,5,2.59
0,33,168,7796,1,1,2,2,2,163,0,0,0,2,6,2.76
0,22,161,9389,1,1,2,2,2,200,0,0,81,2,2,3.62
1,25,181,11739,1,1,2,3,2,200,0,0,0,1,3,3.58
0,25,157,5500,0,1,2,1,2,100,0,0,120,2,1,2.23
1,21,165,8000,1,1,2,3,2,200,0,2,69,2,6,2.94
0,18,174,13384,1,1,3,3,2,268,0,1,55,1,4,4.42
0,22,167,6200,0,1,3,3,1,200,0,0,60,2,1,2.22
0,25,159,11007,1,1,3,3,2,270,0,0,12,1,4,4.35
1,25,178,9800,1,1,2,1,2,200,0,2,60,0,6,3.09
1,28,177,11729,1,1,2,3,2,187,0,0,1,1,3,3.74
0,23,153,4200,0,0,3,1,2,200,0,0,0,2,0,1.79
0,18,165,8200,1,1,2,1,2,177,0,0,0,2,2,3.01
0,27,170,7300,1,0,3,3,2,100,0,0,60,1,6,2.53
1,22,184,12165,1,1,3,2,2,149,0,0,0,1,3,3.59
1,25,178,11562,1,1,1,3,2,200,0,1,21,1,3,3.65
1,23,169,9000,1,1,2,3,2,300,0,0,86,2,2,3.15
1,18,178,10896,1,1,2,1,2,300,0,1,96,2,2,3.44
1,21,165,10103,1,1,2,1,2,111,0,1,0,2,3,3.71
0,20,155,5000,1,1,3,4,2,100,0,3,120,1,1,2.08
0,26,164,11064,1,1,3,3,2,263,0,0,24,1,4,4.11
0,21,160,5800,0,1,3,4,2,200,0,2,60,1,1,2.27
1,30,169,10068,1,1,2,3,2,100,0,1,37,2,3,3.53
1,25,181,11833,1,1,2,3,2,200,0,1,1,1,3,3.61
0,18,172,7500,1,1,3,3,2,200,0,3,60,1,5,2.54
0,34,175,7300,1,1,3,3,2,200,0,3,0,1,5,2.38
0,19,165,7739,1,0,2,3,2,200,0,0,4,2,6,2.84
0,22,160,8269,1,1,2,3,2,207,0,1,35,1,2,3.23
1,26,182,11911,1,1,2,3,2,271,0,0,49,1,3,3.6
0,18,170,5015,1,1,1,3,2,200,0,0,109,1,0,1.74
0,18,175,13390,1,1,3,3,2,286,0,1,39,1,4,4.37
0,26,164,11116,1,1,3,3,2,261,0,0,9,1,4,4.13
0,20,179,13779,1,1,3,3,2,281,0,1,48,1,4,4.3
1,22,157,7000,0,1,2,1,3,200,0,0,0,1,5,2.84
0,19,160,6100,0,1,3,3,2,200,0,1,0,1,1,2.38
0,21,165,6500,1,1,2,3,2,100,0,1,0,1,1,2.39
1,46,175,11911,1,1,2,3,2,207,0,0,0,1,3,3.89
1,17,175,8500,1,1,2,3,2,284,0,1,25,1,5,2.78
0,25,164,11081,1,1,3,3,2,167,0,0,39,1,4,4.12
0,16,159,4409,0,1,2,3,2,265,1,1,0,1,0,1.74
1,26,181,12097,1,1,2,3,2,300,0,1,0,1,3,3.69
1,17,172,8577,1,1,2,3,2,141,0,2,24,1,6,2.9
0,26,162,11100,1,1,3,3,2,270,0,0,16,1,4,4.23
1,23,174,5200,1,1,2,3,0,200,0,2,60,1,0,1.72
1,30,180,12092,1,1,2,3,2,155,0,0,40,2,3,3.73
1,23,176,11944,1,1,2,3,2,202,0,0,0,1,3,3.86
0,19,160,4500,0,1,3,3,2,274,1,1,0,1,0,1.76
1,21,175,7200,0,0,3,3,2,200,0,1,60,1,1,2.35
1,29,178,8999,1,1,2,3,2,204,0,0,0,1,2,2.84
1,28,177,11616,1,1,2,3,2,200,0,1,56,1,3,3.71
1,18,173,5159,1,1,2,3,2,197,0,1,60,1,0,1.72
1,18,174,8000,1,1,2,1,2,200,0,2,60,1,6,2.64
0,26,164,11054,1,1,3,3,2,262,0,0,24,1,4,4.11
0,25,163,10236,1,1,3,3,2,100,0,0,31,1,4,3.85
1,21,172,7837,1,0,1,3,2,122,0,1,86,2,6,2.65
0,26,162,11188,1,1,3,3,2,270,0,0,17,1,4,4.26
1,18,175,8608,1,1,2,3,2,245,0,1,0,1,5,2.81
1,45,170,8600,1,1,3,3,1,300,0,0,0,2,6,2.98
0,26,163,11195,1,1,3,3,2,251,0,0,8,1,4,4.21
1,22,184,12142,1,1,3,2,2,200,0,0,0,1,2,3.59
0,20,159,5000,0,1,2,3,2,100,0,2,60,1,1,1.98
1,18,181,5885,1,1,2,3,2,185,0,2,0,1,0,1.8
0,19,153,4206,0,1,3,3,2,131,0,1,57,1,0,1.8
1,37,183,12188,1,1,2,3,2,135,0,0,0,1,3,3.64
1,18,170,8600,1,1,2,3,2,200,0,1,60,0,6,2.98
0,19,175,4980,0,1,2,3,2,100,0,1,60,1,0,1.63
0,39,156,7659,1,1,2,3,2,133,0,0,33,1,2,3.15
0,37,165,8099,1,1,2,2,2,102,0,0,47,2,6,2.97
0,22,165,8767,1,1,2,1,2,277,0,1,60,2,2,3.22
1,18,170,8000,1,0,2,3,2,200,0,1,60,1,6,2.77
1,27,184,12077,1,1,2,3,2,253,0,0,60,1,3,3.57
0,21,152,4200,0,1,3,1,1,100,0,0,60,1,0,1.82
1,19,185,8500,1,1,3,3,2,200,0,2,0,0,5,2.48
0,26,164,11182,1,1,3,3,2,278,0,0,14,1,4,4.16
1,25,182,11337,1,1,1,3,2,200,0,0,37,1,3,3.42
1,21,160,8000,1,1,2,3,2,300,0,1,0,1,6,3.12
1,21,171,9694,1,1,2,3,2,300,0,2,0,2,2,3.32
0,21,160,6805,1,1,1,3,2,261,0,0,118,1,5,2.66
0,21,174,13384,1,1,3,3,2,295,0,1,55,1,4,4.42
1,18,180,8500,1,1,2,3,1,200,0,1,60,1,1,2.62
0,18,173,5000,0,1,1,3,2,100,0,1,60,1,0,1.67
0,22,169,7514,1,1,2,1,2,245,0,0,101,1,5,2.63
1,21,167,8098,1,1,2,3,2,200,0,0,54,2,6,2.9
1,28,175,11306,1,1,2,3,2,165,0,1,0,1,3,3.69
1,23,160,7000,1,1,2,1,2,200,0,0,0,2,5,2.73
0,22,161,8200,1,1,1,3,2,200,0,0,120,2,2,3.16
0,26,162,10542,1,1,3,3,2,258,0,0,20,1,4,4.02
1,17,172,5369,1,1,2,3,2,200,0,1,120,2,0,1.81
0,38,155,7713,1,1,2,3,2,170,0,0,0,1,2,3.21
0,21,152,4400,0,0,3,3,2,200,0,0,0,1,0,1.9
0,26,163,11188,1,1,3,3,2,261,0,0,6,1,4,4.21
1,18,172,7000,0,0,2,3,2,100,0,0,60,0,1,2.37
0,21,165,6800,0,1,2,1,2,200,0,1,0,0,5,2.5
0,25,173,10483,1,1,3,3,2,232,0,0,35,1,4,3.5
1,18,176,5200,0,1,3,3,2,200,0,1,60,1,0,1.68
0,26,164,11194,1,1,3,3,2,272,0,0,8,1,4,4.16
0,22,159,4431,0,1,3,3,1,201,0,1,0,1,0,1.75
0,22,165,7351,1,1,3,3,2,200,0,0,60,1,5,2.7
0,25,166,10475,1,1,3,3,2,129,0,0,46,1,4,3.8
1,29,165,8000,0,0,3,3,2,200,0,0,60,1,6,2.94
0,23,168,6300,0,0,3,3,2,300,0,0,0,1,1,2.23
0,26,164,11191,1,1,3,3,2,261,0,0,5,1,4,4.16
0,33,164,7722,1,1,3,2,2,100,0,1,0,1,2,2.87
0,23,159,4500,0,1,3,3,1,200,0,3,0,2,0,1.78
0,25,161,10493,1,1,3,3,2,134,0,0,37,1,4,4.05
1,26,175,11856,1,1,2,3,2,215,0,0,0,1,3,3.87
1,27,170,7500,1,1,2,3,2,300,0,1,0,1,5,2.6
1,23,175,11738,1,1,1,3,2,200,0,1,41,1,3,3.83
0,26,164,11194,1,1,3,3,2,273,0,0,7,1,4,4.16
0,26,162,10493,1,1,3,3,2,265,0,0,33,1,4,4.0
1,30,176,12020,1,1,2,3,2,264,0,0,0,1,3,3.88
0,19,175,4969,0,1,1,3,2,200,0,2,60,1,0,1.62
0,24,150,6300,1,0,3,1,2,200,0,0,120,2,6,2.8
0,19,148,4200,0,1,3,1,1,100,0,0,0,1,0,1.92
0,21,176,13214,1,1,3,3,2,182,0,1,4,1,4,4.27
1,22,179,10505,1,1,2,3,2,200,0,0,60,1,2,3.28
0,26,162,11115,1,1,3,3,2,267,0,0,22,1,4,4.24
0,20,160,6500,0,1,2,3,1,200,1,1,60,1,5,2.54
0,21,161,6100,0,1,3,1,2,200,0,1,0,1,1,2.35
1,19,162,6900,0,0,2,1,3,200,0,1,60,2,6,2.63
0,21,169,7500,1,1,2,3,2,282,0,0,0,1,5,2.63
0,23,165,8800,1,1,2,3,2,300,0,1,0,2,2,3.23
0,18,165,5800,0,1,2,3,2,200,0,0,60,2,1,2.13
0,30,165,6000,1,1,3,3,0,200,0,0,0,1,1,2.2
1,18,165,7900,0,1,2,1,2,100,0,1,60,2,6,2.9
1,33,174,8341,1,1,2,2,2,172,0,0,0,1,6,2.75
1,23,190,9500,1,1,2,3,0,300,0,3,60,0,2,2.63
0,20,153,4132,0,1,2,1,1,100,0,0,34,1,0,1.77
0,29,175,7300,1,1,3,3,2,100,0,0,0,2,5,2.38
0,21,155,5000,0,1,3,3,2,300,0,0,0,1,1,2.08
1,22,187,9269,1,1,2,1,2,273,0,1,0,1,2,2.65
1,22,176,11866,1,1,2,2,2,215,0,1,38,1,3,3.83
1,18,170,7000,1,1,2,3,1,100,0,1,60,1,1,2.42
0,21,175,13384,1,1,3,3,2,192,0,1,54,1,4,4.37
1,34,181,9687,1,1,2,3,2,240,0,1,53,2,6,2.96
0,21,168,7500,1,1,2,3,3,300,0,1,0,1,5,2.66
1,22,160,9400,1,1,2,3,2,300,0,1,0,2,2,3.67
1,26,177,11815,1,1,2,3,2,227,0,0,108,1,3,3.77
1,33,170,8400,1,1,2,3,2,300,0,2,0,1,6,2.91
1,17,180,5924,1,1,3,4,2,265,0,2,60,2,0,1.83
0,22,165,6526,1,1,2,3,2,200,1,0,0,2,5,2.4
1,31,175,12500,1,1,3,3,2,200,0,1,0,1,3,4.08
0,18,160,6000,1,1,2,3,0,100,0,2,60,1,1,2.34
1,24,172,8449,1,1,2,2,2,200,0,2,33,2,6,2.86
1,31,182,9136,1,1,2,3,2,210,0,0,54,1,5,2.76
0,27,165,7400,1,1,3,3,2,200,0,0,0,1,5,2.72
1,26,176,9000,0,1,1,3,2,200,0,0,60,2,6,2.91
0,25,160,10498,1,1,3,3,2,145,0,0,26,1,4,4.1
0,18,163,5000,0,1,1,3,2,100,0,0,53,1,0,1.88
0,24,163,6400,1,1,2,3,2,200,0,1,0,1,1,2.41
1,18,176,5600,1,1,3,4,1,200,1,2,60,1,0,1.81
0,26,163,11182,1,1,3,3,2,265,0,0,9,1,4,4.21
1,31,182,12058,1,1,2,3,2,231,0,1,21,1,3,3.64
0,20,162,8800,1,1,2,3,2,200,0,1,0,1,2,3.35
0,25,164,10287,1,1,3,3,2,161,0,0,56,1,4,3.82
1,17,172,8406,1,1,2,3,2,200,0,1,44,2,6,2.84
0,23,154,5000,1,1,2,3,0,100,0,0,60,2,1,2.11
1,29,182,8765,0,1,2,3,2,194,1,0,57,2,5,2.65
1,18,176,11210,1,1,2,3,2,300,0,1,41,1,2,3.62
0,17,160,5900,0,1,1,4,1,100,0,2,120,2,1,2.3
1,18,170,8500,1,1,3,3,2,200,0,1,60,0,6,2.94
0,26,164,11185,1,1,3,3,2,255,0,0,15,1,4,4.16
1,22,178,8999,1,1,1,2,2,200,0,0,39,1,5,2.84
1,21,177,8999,1,1,1,3,2,200,0,0,8,1,5,2.87
1,32,172,8400,1,0,3,3,2,300,0,3,60,0,6,2.84
0,21,163,6300,0,1,2,1,2,100,0,0,0,2,1,2.37
0,18,165,5500,0,1,3,4,1,200,0,1,60,2,1,2.02
1,22,169,7500,1,1,2,3,2,300,0,1,0,1,5,2.63
0,25,166,10495,1,1,3,3,2,209,0,0,32,1,4,3.81
0,37,152,6974,1,0,2,3,2,187,0,0,12,1,6,3.02
0,37,159,6241,1,1,2,1,2,276,0,0,0,1,2,2.47
0,18,173,13376,1,1,3,3,2,286,0,1,37,1,4,4.47
1,32,190,6300,0,0,3,3,1,100,0,2,0,0,5,1.75
0,18,174,13366,1,1,3,3,2,288,0,1,37,1,4,4.41
1,23,178,10500,1,1,2,3,1,300,0,3,120,0,2,3.31
1,22,177,10645,1,1,2,3,2,277,0,1,3,1,2,3.4
0,26,162,11193,1,1,3,3,2,277,0,0,16,1,4,4.26
0,26,164,11194,1,1,3,3,2,265,0,0,12,1,4,4.16
1,30,169,10148,1,1,2,2,2,200,0,0,60,2,2,3.55
0,18,162,5000,0,1,2,3,2,100,0,1,60,2,0,1.91
1,17,184,6400,1,1,3,3,2,300,0,3,60,2,1,1.89
1,22,176,9619,1,1,2,3,2,200,0,0,118,1,6,3.11
0,26,163,11193,1,1,3,3,2,263,0,0,9,1,4,4.21
1,22,180,8980,1,1,2,1,2,200,0,1,60,1,2,2.77
1,19,162,6946,1,0,2,1,2,200,0,1,60,2,6,2.65
1,18,184,5362,1,1,2,3,2,200,0,2,60,2,0,1.58
0,21,180,15256,1,1,3,3,2,230,0,1,56,1,4,4.71
0,18,160,5200,0,1,3,4,2,200,0,1,60,1,1,2.03
0,16,178,5000,0,1,3,1,2,100,0,0,60,2,0,1.58
0,17,160,5800,1,1,3,3,2,100,1,1,0,2,1,2.27
0,24,156,4800,0,1,2,3,1,100,0,2,60,1,1,1.97
0,21,174,13394,1,1,3,3,2,274,0,1,53,1,4,4.42
0,23,163,7000,1,1,3,1,2,200,0,0,60,2,1,2.63
1,33,169,8352,1,1,2,1,2,166,0,1,0,2,6,2.92
0,25,164,10479,1,1,3,3,2,256,0,1,40,1,4,3.9
0,26,163,11193,1,1,3,3,2,277,0,0,5,1,4,4.21
1,55,168,8000,1,0,2,3,2,200,0,1,0,2,6,2.83
1,35,170,8000,0,0,3,3,2,100,0,2,0,2,6,2.77
0,21,154,4700,1,1,2,3,0,200,0,0,60,1,1,1.98
1,24,175,12000,1,0,2,3,2,300,0,1,120,1,3,3.92
0,25,164,10498,1,1,3,3,2,123,0,0,40,1,4,3.9
0,25,161,10483,1,1,3,3,2,120,0,0,48,1,4,4.04
1,19,177,5487,1,1,2,3,2,200,0,0,120,1,0,1.75
1,32,175,10370,1,1,2,1,2,100,0,1,0,2,3,3.39
0,21,174,13779,1,1,3,3,2,274,0,1,44,1,4,4.55
1,23,165,5000,0,1,2,3,1,200,0,0,120,1,0,1.84
1,28,176,11255,1,1,2,3,2,208,0,0,86,1,3,3.63
0,26,162,11194,1,1,3,3,2,255,0,0,22,1,4,4.27
0,21,175,13378,1,1,3,3,2,283,0,1,55,1,4,4.37
0,17,171,5000,0,1,2,3,2,100,0,0,60,1,0,1.71
0,26,163,11192,1,1,3,3,2,273,0,0,5,1,4,4.21
0,26,165,11081,1,1,3,3,2,277,0,0,5,1,4,4.07
0,20,174,12811,1,1,3,3,2,185,0,1,50,1,4,4.23
1,27,170,7800,1,0,3,3,2,200,0,0,0,0,6,2.7
1,21,182,7800,1,0,2,3,2,200,0,0,60,2,1,2.35
1,25,184,12147,1,1,3,2,2,256,0,0,0,1,3,3.59
0,19,160,6877,0,1,1,1,2,213,0,0,34,1,5,2.69
0,26,164,11182,1,1,3,3,2,263,0,0,23,1,4,4.16
1,19,170,8000,0,1,2,1,1,200,0,1,60,1,6,2.77
1,38,176,8600,1,1,2,2,2,249,0,0,0,2,6,2.78
0,20,172,6600,1,1,3,3,1,200,0,2,60,1,1,2.23
1,22,175,9541,1,1,2,1,2,236,0,1,118,2,2,3.12
0,21,167,6400,1,1,3,3,2,100,0,1,60,2,1,2.29
1,17,171,9596,1,1,2,3,2,197,0,0,120,1,6,3.28
1,21,163,6877,1,1,1,3,2,191,0,0,7,1,5,2.59
1,17,183,8696,1,1,2,3,2,200,0,0,56,2,5,2.6
1,21,172,8000,1,1,2,1,2,200,0,0,118,2,5,2.7
0,18,174,13376,1,1,3,3,2,285,0,1,56,1,4,4.42
1,18,165,7000,0,1,2,3,1,100,0,1,60,1,5,2.57
0,27,150,6200,1,0,3,1,2,200,0,0,60,2,6,2.76
0,26,163,11193,1,1,3,3,2,274,0,0,15,1,4,4.21
1,30,178,11274,1,1,2,3,2,204,0,0,66,1,3,3.56
0,19,163,4500,0,0,3,3,1,200,0,0,0,1,0,1.69
0,25,173,11323,1,1,3,3,2,289,0,0,15,1,4,3.78
0,30,155,6399,1,1,2,3,2,249,0,1,0,1,5,2.66
1,31,175,12000,1,1,2,3,2,231,0,1,45,1,3,3.92
0,26,164,11181,1,1,3,3,2,257,0,0,6,1,4,4.16
1,21,171,7000,1,1,2,1,2,200,0,1,0,2,1,2.39
0,27,153,6500,1,1,3,1,2,100,0,0,0,1,5,2.78
0,18,158,6800,1,1,2,1,2,100,0,1,60,1,2,2.72
0,19,162,4500,0,0,3,3,1,200,0,3,0,1,0,1.71
1,23,184,8999,1,1,1,2,2,154,0,0,60,1,6,2.66
1,17,169,6500,1,1,2,3,2,200,0,2,60,1,1,2.28
0,22,175,5487,1,1,3,3,1,200,0,2,28,2,0,1.79
0,20,170,5200,1,1,3,3,1,200,0,2,60,2,0,1.8
0,19,166,12742,1,1,3,3,2,247,0,1,39,1,4,4.62
1,17,170,8421,1,0,2,3,2,200,0,3,47,1,6,2.91
0,26,162,10995,1,1,3,3,2,257,0,0,27,1,4,4.19
0,26,162,11193,1,1,3,3,2,269,0,0,15,1,4,4.26
1,25,176,11775,1,1,1,3,2,117,0,1,0,1,3,3.8
0,21,155,6000,1,1,2,3,2,100,0,1,0,2,1,2.5
0,19,163,4200,0,1,2,1,1,191,0,0,0,1,0,1.58
1,38,175,11784,1,1,2,2,2,186,0,0,0,1,3,3.85
1,17,187,5714,1,1,3,4,2,200,0,2,60,2,0,1.63
1,21,170,7500,1,1,3,3,2,200,0,1,0,1,5,2.6
0,18,175,5626,0,1,3,3,2,221,0,2,78,1,0,1.84
1,22,172,9500,1,1,2,3,2,200,0,0,60,2,2,3.21
1,21,171,8200,1,1,1,3,2,200,0,2,69,1,6,2.8
1,19,169,6400,0,1,2,4,1,200,0,0,60,1,1,2.24
1,29,167,10839,1,1,2,2,2,189,0,1,0,1,2,3.89
0,26,162,11160,1,1,3,3,2,289,0,0,10,1,4,4.25
1,18,174,6440,0,1,2,4,2,200,0,3,0,1,1,2.13
0,25,164,8811,1,1,2,1,2,124,0,0,88,1,2,3.28
1,21,171,9800,1,1,2,3,0,300,0,1,60,2,2,3.35
0,22,171,5196,1,1,2,3,1,103,0,2,72,2,0,1.78
1,33,167,10370,1,1,2,2,2,100,0,1,0,1,3,3.72
0,20,175,13387,1,1,3,3,2,286,0,1,50,1,4,4.37
1,32,193,10200,1,1,2,1,2,100,0,1,0,1,3,2.74
1,25,177,11582,1,1,2,3,2,200,0,1,0,1,3,3.7
0,24,163,8400,1,1,3,3,2,200,0,0,60,2,2,3.16
0,19,158,5300,1,1,1,4,1,200,0,1,0,1,1,2.12
1,14,183,7100,1,1,3,3,2,200,0,3,60,1,1,2.12
1,19,175,6400,1,1,3,3,1,200,0,1,60,2,0,2.09
1,23,172,8000,1,1,2,3,2,200,0,1,120,2,6,2.7
0,23,158,6300,0,1,2,1,2,200,0,3,0,1,5,2.52
1,37,179,11816,1,1,2,3,2,233,0,0,0,1,3,3.69
0,21,150,5800,1,0,2,1,2,100,0,1,120,1,1,2.58
0,26,164,11189,1,1,3,3,2,260,0,0,8,1,4,4.16
1,21,164,7000,0,1,2,1,2,200,0,0,0,1,5,2.6
0,21,174,13294,1,1,3,3,2,148,0,0,44,1,4,4.39
0,22,162,8252,1,1,2,1,2,271,0,0,0,1,2,3.14
1,19,180,8241,1,1,1,3,2,277,0,0,57,1,5,2.54
0,16,163,4500,0,1,3,3,2,230,0,2,13,1,0,1.69
1,23,175,7600,1,0,3,3,2,200,0,3,60,2,1,2.48
1,23,177,10500,1,1,2,3,2,262,0,1,60,1,2,3.35
1,29,165,9000,1,1,2,3,2,100,0,0,60,1,2,3.31
1,19,169,6000,1,1,2,3,1,200,0,2,60,1,1,2.1
0,19,167,7954,1,1,2,3,2,300,0,1,101,0,6,2.85
1,17,168,8550,1,1,2,1,2,300,0,1,60,2,6,3.03
1,21,175,5200,1,1,3,3,1,200,0,0,95,1,0,1.7
0,17,160,5900,1,1,3,3,2,200,0,1,60,1,1,2.3
1,27,177,11943,1,1,2,3,2,253,0,0,104,1,3,3.81
1,29,176,12967,1,1,2,3,2,194,0,1,0,1,3,4.19
0,26,163,11193,1,1,3,3,2,262,0,0,8,1,4,4.21
1,25,173,11775,1,1,2,2,2,185,0,1,0,1,3,3.93
1,17,171,5143,1,1,2,3,2,200,0,0,60,1,0,1.76
1,27,175,11908,1,1,2,3,2,201,0,1,0,1,3,3.89
0,21,155,5600,1,1,3,3,2,200,0,0,0,1,1,2.33
0,21,174,13157,1,1,3,3,2,165,0,1,5,1,4,4.35
0,26,163,11188,1,1,3,3,2,261,0,0,7,1,4,4.21
1,26,184,12079,1,1,2,3,2,287,0,0,28,1,3,3.57
1,31,169,8259,1,1,2,2,2,117,0,1,114,1,6,2.89
1,18,174,10820,1,1,2,1,2,284,0,1,0,2,2,3.57
1,25,177,11534,1,1,1,3,2,207,0,1,40,1,3,3.68
1,18,175,10800,1,1,2,1,2,200,0,1,60,2,2,3.53
1,25,175,11255,1,1,1,3,2,211,0,0,100,1,3,3.68
0,25,162,11071,1,1,3,3,2,282,0,0,55,1,4,4.22
0,21,161,6500,0,1,3,3,2,200,1,1,0,1,1,2.51
1,23,170,8200,1,1,2,3,0,200,0,0,120,1,6,2.84
1,31,186,12069,1,1,2,3,2,251,0,1,0,2,3,3.49
1,19,184,8766,0,1,2,2,2,248,0,2,0,1,5,2.59
1,21,170,7505,1,1,2,3,2,181,0,2,0,1,5,2.6
0,18,160,5600,0,1,2,3,2,100,0,1,0,1,1,2.19
0,26,162,11193,1,1,3,3,2,270,0,0,5,1,4,4.26
1,37,161,10325,1,1,2,2,2,100,0,0,0,1,2,3.98
0,21,174,13187,1,1,3,3,2,143,0,1,9,1,4,4.36
1,21,173,7500,1,1,2,3,2,200,0,0,95,1,5,2.51
1,26,162,6900,0,0,2,4,0,200,0,2,0,1,5,2.63
0,19,162,8200,1,1,2,3,2,136,0,0,93,1,2,3.12
0,25,160,10484,1,1,3,3,2,120,0,0,39,1,4,4.1
1,21,175,10500,1,1,2,3,2,300,0,2,0,2,2,3.43
0,25,164,10479,1,1,3,3,2,265,0,0,39,1,4,3.9
1,19,170,7872,1,0,2,3,2,100,0,0,60,1,6,2.72
0,18,174,13368,1,1,3,3,2,200,0,1,54,1,4,4.42
1,30,169,10258,1,1,2,2,2,100,0,0,67,2,3,3.59
1,20,180,10500,1,1,2,3,2,100,0,0,60,1,2,3.24
0,26,163,11194,1,1,3,3,2,273,0,0,5,1,4,4.21
0,38,157,8000,1,1,2,3,0,200,0,0,0,1,2,3.25
0,39,158,8000,1,1,2,3,2,102,0,0,0,1,2,3.2
1,30,181,12091,1,1,2,3,2,256,0,0,64,1,3,3.69
0,26,162,11172,1,1,3,3,2,247,0,0,32,1,4,4.26
1,21,178,10500,0,1,2,3,2,300,0,1,0,1,2,3.31
0,23,156,6000,1,1,2,4,1,200,0,1,0,1,1,2.47
1,17,171,8500,1,1,2,3,2,201,0,2,0,2,6,2.91
1,18,179,5500,1,1,2,3,1,200,0,2,60,2,0,1.72
1,24,179,8400,1,0,2,3,2,300,0,1,0,1,6,2.62
0,19,181,8616,1,1,2,3,2,264,0,1,60,1,5,2.63
0,21,174,13394,1,1,3,3,2,286,0,1,55,1,4,4.42
1,24,169,9919,1,1,2,1,2,100,0,1,0,2,3,3.47
1,23,175,11739,1,1,2,2,2,200,0,1,0,1,3,3.83
1,25,177,11616,1,1,1,3,2,200,0,0,28,1,3,3.71
0,21,173,7807,1,1,2,1,2,163,0,0,0,1,6,2.61
1,33,183,8500,1,0,2,3,2,200,0,2,0,1,6,2.54
0,20,155,5600,1,0,2,4,0,100,0,2,0,2,1,2.33
1,23,175,7800,1,1,2,1,2,200,0,3,0,0,5,2.55
1,22,177,10569,1,1,3,3,2,213,0,0,60,1,2,3.37
0,22,160,6600,0,1,2,3,2,200,0,0,120,1,5,2.58
1,26,175,11911,1,1,3,3,2,251,0,0,0,1,3,3.89
0,26,165,11181,1,1,3,3,2,255,0,0,12,1,4,4.11
0,26,163,10580,1,1,3,3,2,261,0,0,15,1,4,3.98
1,18,170,6800,1,1,3,3,2,200,0,1,60,1,1,2.35
1,23,177,9700,1,1,2,3,2,300,0,3,120,2,2,3.1
0,16,170,5000,0,1,3,3,1,100,0,1,60,1,0,1.73
1,37,175,8331,1,1,2,2,2,256,0,0,0,1,5,2.72
1,33,170,8300,1,1,3,1,2,200,0,1,0,2,6,2.87
1,18,179,9671,1,1,2,3,2,241,0,1,15,2,2,3.02
1,19,162,5800,1,1,2,3,2,200,0,0,60,2,1,2.21
0,26,168,11155,1,1,3,3,2,269,0,0,24,1,4,3.95
0,20,174,13366,1,1,3,3,2,283,0,1,55,1,4,4.41
1,22,182,12039,1,1,2,3,2,281,0,1,42,1,3,3.63
1,17,170,7592,0,1,2,3,2,204,1,1,60,1,5,2.63
0,19,164,4983,0,0,2,3,2,154,0,2,60,1,0,1.85
1,19,174,7200,1,1,3,3,2,200,0,2,60,1,1,2.38
0,22,167,5000,1,1,3,4,1,200,0,1,60,2,0,1.79
0,19,157,4208,0,0,2,1,1,100,0,0,0,2,0,1.71
0,26,166,10476,1,1,3,3,2,197,0,0,12,1,4,3.8
0,20,181,15127,1,1,3,3,2,238,0,1,42,1,4,4.62
0,21,154,4200,0,1,3,1,1,100,0,0,0,1,0,1.77
1,20,174,8563,1,1,2,3,2,200,0,0,22,1,6,2.83
1,26,184,12127,1,1,3,3,2,264,0,0,0,1,3,3.58
1,34,168,9000,1,1,2,1,2,253,0,0,4,1,6,3.19
0,23,163,8300,1,1,2,3,2,300,1,1,0,2,2,3.12
0,21,174,13374,1,1,3,3,2,282,0,1,37,1,4,4.42
1,17,171,5000,0,1,2,4,1,100,0,2,60,1,0,1.71
0,26,161,11188,1,1,3,3,2,268,0,0,32,1,4,4.32
1,18,175,11500,1,1,2,3,1,200,0,1,60,0,2,3.76
0,26,164,10494,1,1,3,3,2,257,0,0,24,1,4,3.9
1,37,174,10000,1,1,2,1,2,100,0,1,0,2,2,3.3
1,34,175,8563,1,1,2,2,2,215,0,0,59,2,6,2.8
0,47,158,7747,1,1,2,3,2,100,0,0,0,2,2,3.1
0,39,163,8000,1,0,3,3,2,200,0,0,0,1,2,3.01
0,21,160,7000,0,1,2,3,1,300,0,1,60,1,5,2.73
0,23,161,6500,1,1,2,3,2,100,0,0,60,2,5,2.51
1,18,170,8400,1,0,3,3,1,200,0,1,0,2,6,2.91
1,33,170,8300,0,0,3,3,2,300,0,2,0,2,6,2.87
1,21,174,5000,0,1,2,4,1,200,0,1,60,1,0,1.65
0,25,164,10496,1,1,3,3,2,148,0,0,39,1,4,3.9
0,22,168,5145,1,1,2,3,1,120,0,0,1,2,0,1.82
0,25,174,10479,1,1,3,3,2,103,0,0,48,1,4,3.46
1,25,177,11416,1,1,1,3,2,217,0,0,4,1,3,3.64
1,21,171,7500,1,1,2,3,2,193,0,0,47,1,5,2.56
1,21,164,7000,0,1,2,3,3,300,0,1,0,1,5,2.6
1,21,184,4500,0,1,3,3,0,300,0,3,0,2,0,1.33
0,25,169,10238,1,1,3,3,2,169,0,0,55,1,4,3.58
0,41,156,8105,1,1,2,1,2,151,0,0,0,1,2,3.33
0,20,163,6100,1,1,3,3,1,200,0,3,0,1,1,2.3
0,21,174,13211,1,1,3,3,2,172,0,1,51,1,4,4.36
1,40,176,11257,1,1,2,3,2,210,0,0,0,1,3,3.63
1,22,170,12233,1,1,2,2,2,100,0,1,0,1,3,4.23
1,24,176,11833,1,1,2,3,2,202,0,1,50,1,3,3.82
0,18,156,5150,0,1,2,3,1,100,0,0,120,1,1,2.12
1,21,162,7000,0,1,2,1,3,300,0,0,0,1,5,2.67
0,18,170,5160,0,1,2,3,2,166,0,0,60,1,0,1.79
1,30,175,11210,1,1,1,3,2,200,0,0,94,1,3,3.66
1,21,175,7200,1,1,2,3,2,200,0,1,0,1,1,2.35
0,23,153,6500,1,1,2,3,2,100,0,0,60,1,6,2.78
0,16,151,5582,0,1,1,1,2,100,1,0,82,1,5,2.45
1,21,165,8000,1,1,2,2,2,200,0,2,86,2,6,2.94
0,18,175,13366,1,1,3,3,2,283,0,1,46,1,4,4.36
1,26,175,11854,1,1,2,3,2,247,0,0,0,1,3,3.87
0,22,172,8213,1,1,1,3,2,215,0,0,43,1,2,2.78
0,25,161,10995,1,1,3,3,2,103,0,0,44,1,4,4.24
0,41,172,7998,1,1,2,2,2,200,0,0,0,2,6,2.7
1,19,167,6700,0,1,2,3,0,200,0,1,60,1,1,2.4
1,23,172,8241,1,1,2,2,2,154,0,0,92,1,6,2.79
1,22,185,12142,1,1,2,3,2,200,0,1,0,1,3,3.55
1,21,187,10642,1,1,2,3,2,283,0,3,84,1,2,3.04
0,19,160,4500,1,1,3,3,2,200,0,0,60,2,0,1.76
1,17,171,5988,1,1,2,3,2,200,0,2,0,2,0,2.05
0,20,176,15314,1,1,3,3,2,247,0,1,53,1,4,4.94
1,21,170,7500,1,1,2,1,2,100,0,0,59,2,5,2.6
0,21,160,6400,1,1,2,1,2,100,0,0,60,1,1,2.5
1,18,179,10819,1,1,2,1,2,185,0,1,0,2,2,3.38
1,21,177,7000,1,1,3,3,2,300,0,1,0,2,1,2.23
1,25,181,11448,1,1,3,3,2,230,0,0,10,1,3,3.49
1,22,176,11616,1,1,2,3,2,100,0,0,66,1,3,3.75
1,33,177,9783,1,1,2,3,2,100,0,1,0,2,6,3.12
1,34,174,10301,1,1,2,2,2,199,0,0,0,2,3,3.4
0,20,160,5000,0,1,2,4,0,100,0,0,120,2,0,1.95
1,33,169,10360,1,1,2,3,2,100,0,0,60,2,3,3.63
1,22,185,12142,1,1,2,2,2,216,0,1,0,1,3,3.55
0,45,160,5900,1,1,3,3,2,200,0,1,0,1,1,2.3
1,24,184,12127,1,1,2,2,2,235,0,0,0,1,3,3.58
1,33,176,8475,1,1,2,2,2,200,0,0,49,1,6,2.74
0,18,174,13384,1,1,3,3,2,287,0,1,40,1,4,4.42
0,18,165,6000,1,1,3,3,0,100,0,0,120,1,0,2.2
0,21,172,13345,1,1,3,3,2,283,0,1,46,1,4,4.51
1,18,176,7600,1,0,2,3,1,200,0,3,60,0,1,2.45
0,21,175,13376,1,1,3,3,2,141,0,1,53,1,4,4.37
1,23,165,6500,1,1,2,3,2,200,0,0,60,2,1,2.39
1,29,191,12923,1,1,2,3,2,180,0,1,9,1,3,3.54
1,26,177,12081,1,1,2,3,2,262,0,0,4,1,3,3.86
1,24,179,11784,1,1,1,3,2,294,0,1,6,1,3,3.68
0,21,173,13569,1,1,3,3,2,264,0,1,49,1,4,4.53
0,37,155,7727,1,1,2,2,2,150,0,0,0,1,2,3.22
0,21,181,15221,1,1,3,3,2,230,0,1,44,1,4,4.65
0,23,165,6200,0,1,3,3,2,100,0,0,60,2,1,2.28
0,22,163,8201,1,1,1,1,2,200,0,0,71,2,2,3.09
1,29,175,11228,1,1,1,3,2,200,0,0,66,2,3,3.67
1,27,181,12081,1,1,2,2,2,292,0,1,26,1,3,3.69
1,22,174,7200,0,1,2,3,1,200,0,1,0,1,1,2.38
0,25,162,10495,1,1,3,3,2,150,0,0,53,1,4,4.0
1,18,175,5251,1,1,3,3,2,200,0,0,60,2,0,1.71
1,34,165,9000,1,1,2,2,2,199,0,2,0,1,6,3.31
0,26,165,11181,1,1,3,3,2,263,0,0,4,1,4,4.11
0,21,172,13347,1,1,3,3,2,283,0,1,46,1,4,4.51
0,31,163,6825,1,1,2,3,2,100,0,0,0,2,6,2.57
0,39,155,7700,1,1,2,3,2,100,0,0,0,1,2,3.2
0,21,170,7500,1,1,2,3,2,100,0,0,16,1,5,2.6
1,19,183,7500,0,1,2,3,2,200,0,1,60,1,1,2.24
1,29,183,12946,1,1,2,3,2,117,0,0,0,1,3,3.87
0,26,174,6650,1,0,2,3,2,200,0,0,0,2,1,2.2
0,21,160,6200,1,1,2,3,2,100,0,2,0,1,1,2.42
1,26,176,11225,1,1,2,3,2,202,0,0,69,1,3,3.62
0,18,158,4132,0,1,1,1,2,100,0,0,60,1,0,1.66
1,19,175,5205,1,1,3,3,1,213,0,0,51,1,0,1.7
0,25,160,10485,1,1,3,3,2,289,0,0,54,1,4,4.1
1,23,184,12165,1,1,2,3,2,205,0,1,0,1,3,3.59
0,26,163,11082,1,1,3,3,2,270,0,0,15,1,4,4.17
0,22,176,8213,1,1,2,3,2,237,0,0,37,2,2,2.65
0,21,174,13355,1,1,3,3,2,238,0,1,37,1,4,4.41
1,21,162,7000,0,0,2,1,2,300,0,1,0,1,5,2.67
0,21,161,6500,0,1,2,3,2,300,0,1,60,1,5,2.51
1,18,178,5300,0,1,2,3,1,200,0,1,120,1,0,1.67
0,20,166,4959,1,1,2,3,1,200,0,2,60,2,0,1.8
0,21,173,13152,1,1,3,3,2,168,0,1,55,1,4,4.39
0,25,160,10998,1,1,3,3,2,222,0,0,27,1,4,4.3
0,26,162,11080,1,1,3,3,2,270,0,0,33,1,4,4.22
1,33,164,10794,1,1,2,2,2,195,0,1,0,2,3,4.01
0,18,155,5700,1,1,2,3,2,200,0,2,0,1,1,2.37
0,35,156,4500,1,0,3,3,2,100,0,1,0,1,1,1.85
0,25,166,10475,1,1,3,3,2,272,0,1,45,1,4,3.8
1,18,170,5121,1,1,1,3,2,200,0,0,60,1,0,1.77
0,55,170,8000,1,0,2,3,2,200,0,1,0,1,6,2.77
1,17,167,6000,1,1,2,4,0,200,0,1,120,2,6,2.15
1,25,172,8000,1,1,2,3,2,200,0,0,60,1,6,2.7
0,27,165,7300,1,0,2,3,2,200,0,1,60,1,6,2.68
1,32,169,10301,1,1,2,1,2,100,0,0,0,2,3,3.61
1,21,172,7500,1,1,2,3,2,300,0,3,120,1,5,2.54
0,26,162,11000,1,1,3,3,2,250,0,0,16,1,4,4.19
1,29,168,9000,1,1,2,2,2,198,0,0,0,1,2,3.19
1,29,190,12967,1,1,2,3,2,152,0,1,0,1,3,3.59
1,23,162,8400,1,1,2,1,2,200,0,1,0,1,2,3.2
0,26,164,10540,1,1,3,3,2,270,0,0,25,1,2,3.92
0,21,163,6300,0,1,3,3,2,100,1,1,60,1,1,2.37
1,31,171,8246,1,1,2,3,2,199,0,0,59,1,6,2.82
1,18,174,10824,1,1,2,2,2,200,0,1,96,2,2,3.58
0,34,168,7500,0,1,2,3,3,200,0,1,0,1,5,2.66
0,26,163,11182,1,1,3,3,2,262,0,0,16,1,4,4.21
0,26,165,11193,1,1,3,3,2,277,0,0,3,1,4,4.11
0,21,163,8400,1,1,3,1,2,300,0,2,0,2,2,3.16
0,24,166,6000,1,1,3,3,0,200,0,0,60,2,1,2.18
0,25,172,10495,1,1,3,3,2,209,0,0,56,1,4,3.55
1,21,186,10512,1,1,2,3,2,226,0,0,41,1,2,3.04
0,23,168,5800,1,1,3,3,2,300,0,0,120,1,1,2.05
0,43,167,8312,1,1,2,2,2,277,0,2,0,2,2,2.98
1,23,184,8580,1,1,2,3,2,270,0,0,66,1,6,2.53
1,19,183,6400,1,1,3,3,2,200,0,2,60,1,1,1.91
1,18,184,5800,1,1,2,4,2,200,0,2,60,2,0,1.71
0,21,160,4500,0,1,3,3,1,200,0,1,0,1,0,1.76
0,26,169,10649,1,1,3,3,2,256,0,0,47,1,4,3.73
0,26,173,10990,1,1,3,3,2,256,0,0,26,1,4,3.67
0,25,162,10493,1,1,3,3,2,222,0,0,22,1,4,4.0
0,24,169,11413,1,1,3,3,2,283,0,0,42,1,4,4.0
1,33,174,7500,0,1,3,1,2,300,0,2,120,1,5,2.48
0,21,150,6500,1,1,2,3,1,200,1,0,60,1,5,2.89
1,37,176,11853,1,1,2,3,2,208,0,0,0,1,3,3.83
1,31,169,8999,1,1,2,3,2,200,0,0,96,1,6,3.15
1,17,170,5500,1,1,3,4,1,200,0,2,0,1,0,1.9
1,37,176,11770,1,1,2,3,2,200,0,0,0,1,3,3.8
1,18,181,5145,0,1,2,3,2,100,0,1,96,1,0,1.57
1,25,179,11813,1,1,2,3,2,200,0,0,60,1,3,3.69
0,26,165,11193,1,1,3,3,2,263,0,0,9,1,4,4.11
1,24,179,12091,1,1,2,2,2,250,0,1,4,1,3,3.77
1,18,179,5000,0,1,2,3,1,215,0,1,120,1,0,1.56
0,25,166,11100,1,1,3,3,2,283,0,0,36,1,4,4.03
0,20,160,4500,0,1,3,3,1,100,1,1,0,1,0,1.76
1,18,187,8600,0,1,3,3,1,200,0,1,60,1,1,2.46
0,26,164,11168,1,1,3,3,2,262,0,0,37,1,4,4.15
1,22,176,5800,0,1,3,3,2,200,0,0,60,1,1,1.87
0,19,150,4200,0,1,3,3,1,169,0,1,0,1,0,1.87
1,19,180,7200,1,1,2,1,2,300,0,1,60,1,1,2.22
1,24,170,8000,1,1,2,3,2,200,0,3,0,2,6,2.77
0,22,170,5000,0,1,1,4,1,200,0,2,0,2,0,1.73
0,19,164,4900,0,1,3,4,2,200,0,2,60,2,0,1.82
0,18,171,12826,1,1,3,3,2,239,0,1,41,1,4,4.39
0,25,163,11181,1,1,3,3,2,288,0,0,5,1,4,4.21
1,23,183,12125,1,1,2,3,2,200,0,0,86,1,3,3.62
1,40,174,10934,1,1,2,2,2,198,0,0,0,2,3,3.61
1,21,171,7500,1,1,3,3,2,200,0,0,60,1,5,2.56
0,23,156,5000,0,1,3,3,0,200,0,1,60,1,1,2.05
0,22,163,8200,1,1,1,1,2,200,0,0,95,1,2,3.09
1,25,178,11512,1,1,1,3,2,211,0,1,4,1,3,3.63
0,21,171,15037,1,1,3,3,2,269,0,1,40,1,4,5.14
0,31,166,7178,1,1,2,3,2,199,0,0,97,1,5,2.6
0,22,176,5149,1,1,2,3,1,226,0,1,120,2,0,1.66
0,19,175,5700,1,1,3,3,1,300,1,2,60,2,0,1.86
0,18,162,4500,0,0,3,3,1,100,0,2,0,1,0,1.71
0,23,172,13396,1,1,3,3,2,284,0,1,53,1,4,4.53
0,21,173,4976,1,1,2,3,1,285,0,2,0,2,0,1.66
0,21,169,10470,1,1,3,3,2,122,0,1,50,1,4,3.67
1,32,173,10318,1,1,2,3,2,100,0,0,116,1,3,3.45
0,16,161,6500,1,1,2,3,2,200,0,1,60,2,1,2.51
0,21,165,6000,0,1,1,3,0,100,0,2,0,2,1,2.2
1,21,175,8000,1,1,2,3,2,200,0,2,84,1,5,2.61
0,18,174,13345,1,1,3,3,2,265,0,1,50,1,4,4.41
1,23,167,7000,0,1,2,3,1,200,1,2,60,1,1,2.51
1,23,177,12158,1,1,2,2,2,200,0,1,0,1,3,3.88
1,26,166,7800,1,1,2,3,2,200,0,0,26,1,6,2.83
1,21,175,7500,1,1,3,3,1,200,0,0,60,2,5,2.45
0,25,165,11209,1,1,3,3,2,209,0,0,27,1,4,4.12
0,26,162,11193,1,1,3,3,2,277,0,0,25,1,4,4.26
1,21,185,9700,1,1,2,3,2,300,0,2,120,1,2,2.83
1,26,177,12015,1,1,2,3,2,215,0,0,0,1,3,3.84
0,21,153,4200,0,0,3,1,1,155,0,0,0,1,0,1.79
0,18,156,5100,1,1,2,3,1,100,0,0,60,1,1,2.1
1,18,171,7500,1,1,2,3,2,200,0,1,10,1,5,2.56
0,21,162,6500,0,1,2,1,2,100,0,1,0,1,5,2.48
1,34,170,8477,1,1,2,3,2,200,0,1,0,2,6,2.93
0,19,166,4983,1,1,1,3,1,200,0,2,60,1,0,1.81
0,19,178,6440,0,0,3,3,2,300,1,3,120,1,5,2.03
1,18,182,7000,1,1,2,3,0,200,0,3,0,2,1,2.11
0,36,176,9000,1,1,2,2,2,185,0,1,0,2,2,2.91
1,23,170,8000,1,1,2,3,2,200,0,2,60,1,6,2.77
1,37,176,11775,1,1,2,2,2,189,0,0,0,1,3,3.8
1,21,169,9857,1,1,2,2,2,200,0,0,108,2,2,3.45
0,37,156,7664,1,1,2,2,2,153,0,0,0,1,2,3.15
0,18,156,5000,0,1,2,3,2,100,0,0,60,1,1,2.05
1,26,176,8200,1,1,1,3,2,188,1,0,53,1,5,2.65
1,34,170,8352,0,1,2,3,2,265,0,0,18,2,5,2.89
1,18,170,5800,1,1,3,3,2,200,0,0,60,2,0,2.01
0,26,164,11191,1,1,3,3,2,260,0,0,7,1,4,4.16
0,19,150,4900,0,1,2,3,2,100,0,2,0,1,1,2.18
1,23,148,5800,1,0,1,3,2,100,0,0,0,2,6,2.65
1,23,165,9527,1,1,2,3,2,200,0,0,86,2,2,3.5
1,27,169,9920,1,1,2,1,2,200,0,0,113,1,6,3.47
0,18,169,7996,1,0,2,2,2,200,0,1,82,0,6,2.8
0,26,163,11191,1,1,3,3,2,261,0,0,6,1,4,4.21
0,26,164,11172,1,1,3,3,2,263,0,0,8,1,4,4.15
0,19,157,4240,1,1,2,1,2,200,0,1,0,1,1,1.72
1,17,175,5369,1,1,2,3,2,265,0,1,120,1,0,1.75
0,18,159,5800,0,1,2,3,2,200,0,0,60,1,1,2.29
0,19,165,8252,0,1,3,3,2,150,0,0,26,1,4,3.03
0,41,175,7800,1,1,3,1,2,300,0,0,0,0,2,2.55
0,19,180,12281,1,1,3,3,2,148,0,0,56,1,4,3.79
0,20,164,5600,1,1,2,3,2,200,0,1,0,2,1,2.08
1,32,176,9844,1,1,2,2,2,100,0,0,60,2,3,3.18
1,18,169,8000,1,1,2,2,2,280,0,0,80,2,2,2.8
1,23,175,9529,1,1,2,3,2,200,0,3,120,1,2,3.11
0,26,162,11186,1,1,3,3,2,283,0,0,33,1,4,4.26
0,18,161,8449,1,1,2,3,2,210,0,0,32,2,2,3.26
1,23,175,11631,1,1,1,3,2,200,0,1,45,1,3,3.8
1,17,180,5896,1,1,2,3,2,200,0,2,67,2,0,1.82
0,19,153,4200,0,1,3,1,1,108,0,1,0,1,0,1.79
0,21,173,13294,1,1,3,3,2,170,0,1,51,1,4,4.44
0,25,173,10470,1,1,3,3,2,103,0,0,26,1,4,3.5
1,27,175,11776,1,1,2,3,2,202,0,1,0,1,3,3.85
1,21,170,7500,1,1,2,3,2,172,0,0,0,1,5,2.6
0,22,160,6100,1,0,2,3,2,200,0,1,0,1,1,2.38
1,22,176,5493,1,1,2,3,2,200,0,1,53,2,0,1.77
0,21,159,4200,0,1,2,1,2,100,0,0,0,2,1,1.66
1,21,175,7500,0,1,2,3,0,200,0,2,60,1,1,2.45
0,21,170,7800,1,1,3,3,1,200,0,1,60,2,6,2.7
0,37,152,7541,1,1,2,3,2,200,0,0,0,1,2,3.26
1,18,179,5300,1,1,2,3,2,200,0,0,120,1,0,1.65
0,26,162,11194,1,1,3,3,2,274,0,0,5,1,4,4.27
0,26,164,11183,1,1,3,3,2,262,0,0,11,1,4,4.16
1,25,173,7804,1,1,2,1,2,200,0,1,0,1,6,2.61
1,22,182,12061,1,1,2,2,2,206,0,0,0,1,3,3.64
1,25,177,11538,1,1,2,3,2,207,0,1,4,1,3,3.68
1,18,181,10893,1,1,2,3,2,242,0,1,88,1,2,3.32
1,26,175,12042,1,1,3,3,2,282,0,0,20,1,3,3.93
0,26,164,11183,1,1,3,3,2,262,0,0,11,1,4,4.16
1,21,175,7450,1,1,2,3,1,200,0,1,0,2,1,2.43
0,26,163,11194,1,1,3,3,2,273,0,0,2,1,4,4.21
0,23,163,5600,0,1,3,3,2,300,0,0,0,1,1,2.11
1,30,191,12927,1,1,2,3,2,139,0,0,0,1,3,3.54
1,21,171,8000,1,1,2,2,2,200,0,0,60,2,6,2.74
0,27,170,7800,1,0,2,1,1,200,0,1,60,0,6,2.7
1,29,170,7804,1,1,2,2,2,114,0,0,0,0,6,2.7
1,20,180,8800,0,1,3,3,2,300,0,0,60,0,5,2.72
0,20,158,6000,0,1,2,3,2,100,0,2,0,2,1,2.4
1,23,184,12125,1,1,2,2,2,285,0,0,0,1,3,3.58
0,19,160,4500,0,1,3,3,1,128,1,1,0,1,0,1.76
0,21,175,5499,1,1,3,3,1,200,0,1,0,2,0,1.8
1,27,184,12042,1,1,2,3,2,284,0,1,40,1,3,3.56
0,36,167,8000,1,1,3,3,1,100,0,2,0,2,2,2.87
0,21,159,4200,0,0,3,1,1,184,0,0,0,1,0,1.66
0,45,156,8000,1,0,2,1,2,200,0,0,0,1,2,3.29
1,18,175,8000,1,1,2,3,2,200,0,2,60,1,5,2.61
0,29,167,7300,1,1,3,3,2,200,0,1,0,1,5,2.62
1,23,174,10502,1,1,2,3,2,203,0,0,24,1,2,3.47
0,22,166,13395,1,1,3,3,2,240,0,1,50,1,4,4.86
0,25,161,10495,1,1,3,3,2,241,0,0,39,1,4,4.05
0,16,170,5000,0,1,2,3,2,100,0,0,120,1,0,1.73
0,25,160,10544,1,1,3,3,2,103,0,0,54,1,4,4.12
0,17,165,5800,0,1,2,3,1,100,0,1,0,1,1,2.13
1,18,169,9953,1,1,2,3,2,297,0,1,53,2,2,3.48
1,23,175,8500,1,1,2,3,2,300,0,0,60,1,6,2.78
1,29,178,8986,1,1,1,3,2,200,0,0,60,1,6,2.84
1,25,175,11209,1,1,1,3,2,204,0,1,0,1,3,3.66
1,22,170,8102,1,1,2,2,2,167,0,0,81,1,6,2.8
1,24,186,12097,1,1,2,3,2,249,0,1,33,1,3,3.5
1,18,170,7000,0,1,2,3,2,100,0,0,120,1,1,2.42
1,21,172,7000,0,1,2,1,3,300,0,1,0,1,5,2.37
1,29,165,8710,1,1,2,1,2,127,0,2,0,2,6,3.2
0,18,165,6000,1,0,2,3,2,200,0,1,0,2,1,2.2
1,21,168,5800,0,1,2,3,2,200,0,1,60,2,1,2.05
0,22,170,9541,1,1,2,3,2,200,0,0,120,1,2,3.3
0,22,162,8200,1,1,1,3,2,132,0,0,95,2,2,3.12
1,17,180,5900,1,1,2,3,2,200,0,2,60,2,0,1.82
0,18,166,5700,0,1,3,3,2,200,0,1,60,1,1,2.07
1,17,178,5832,1,1,3,4,2,200,0,2,0,2,0,1.84
0,19,153,4200,0,1,3,3,1,122,0,0,27,1,0,1.79
1,39,178,9692,1,1,2,2,2,236,0,2,118,0,2,3.06
1,26,180,10535,1,1,2,3,2,276,0,2,8,1,2,3.25
0,38,153,7755,1,1,2,3,2,200,0,0,0,1,2,3.31
1,18,182,10500,1,1,2,3,2,200,0,2,0,2,2,3.17
1,23,170,9500,1,1,2,3,1,300,0,3,60,1,6,3.29
1,24,176,9960,1,1,2,1,2,100,0,1,0,2,3,3.22
1,23,180,9500,1,0,2,3,1,300,0,3,120,0,6,2.93
1,23,162,8166,1,1,2,2,2,156,0,0,0,2,2,3.11
0,26,163,11077,1,1,3,3,2,252,0,0,22,1,4,4.17
1,22,185,8800,1,1,2,4,0,200,0,3,0,2,5,2.57
1,21,171,9236,1,1,2,2,2,182,0,0,40,1,6,3.16
1,55,170,8000,1,0,2,3,2,300,0,1,0,0,6,2.77
0,37,156,8000,1,1,2,3,2,178,0,0,0,1,2,3.29
1,21,169,7509,1,1,2,3,2,127,0,0,49,1,5,2.63
0,19,166,4966,1,1,1,3,2,242,0,2,103,1,0,1.8
0,35,155,4500,1,0,3,3,2,100,0,0,0,1,1,1.87
0,21,170,7600,1,1,2,3,2,200,0,2,60,0,6,2.63
1,22,160,9960,1,1,2,2,2,100,0,0,105,2,3,3.89
0,40,150,7925,1,1,3,3,2,100,0,0,60,1,5,3.52
0,18,157,5600,1,1,3,3,2,200,0,0,60,1,1,2.27
1,21,176,6800,1,0,2,3,2,300,1,1,60,1,1,2.2
0,37,152,6300,0,1,3,1,2,100,0,0,0,1,5,2.73
0,21,174,13316,1,1,3,3,2,165,0,1,39,1,4,4.4
0,16,166,6400,1,0,3,3,2,100,0,0,60,2,1,2.32
1,22,175,12141,1,1,2,2,2,196,0,1,0,1,3,3.96
1,18,170,5000,1,1,1,3,2,100,0,1,60,1,0,1.73
1,23,170,10500,1,1,2,3,2,300,0,2,60,1,2,3.63
1,22,182,5858,1,1,2,3,2,200,0,0,100,2,0,1.77
1,31,167,8993,1,1,2,2,2,170,0,1,0,1,2,3.22
1,18,173,7500,1,1,2,3,2,200,0,1,120,1,1,2.51
0,23,155,5800,1,1,2,4,2,200,0,1,0,1,1,2.41
1,24,165,9389,1,1,1,3,2,279,0,1,31,2,2,3.45
0,21,168,4993,0,1,3,3,1,200,0,2,38,1,0,1.77
0,23,152,5700,0,1,3,3,2,100,0,0,0,1,1,2.47
1,22,170,7000,0,1,2,3,2,200,0,1,0,1,1,2.42
0,23,166,6000,1,1,2,3,2,200,0,0,60,2,1,2.18
0,23,160,8395,1,1,2,2,2,200,0,0,0,2,2,3.28
0,18,170,5000,0,1,1,3,1,100,0,1,120,2,0,1.73
1,21,170,8000,0,1,2,3,2,300,0,1,60,2,6,2.77
1,18,181,5143,1,1,2,3,2,100,0,1,60,1,0,1.57
1,23,170,8310,1,1,2,2,2,237,0,0,87,1,6,2.88
1,18,180,5800,0,1,3,3,2,200,0,1,60,2,0,1.79
1,21,170,8000,1,1,2,1,2,300,0,1,0,1,5,2.77
0,26,165,11195,1,1,3,3,2,255,0,0,14,1,4,4.11
1,21,174,9400,1,1,2,3,2,300,0,1,60,2,2,3.1
1,17,184,6000,0,1,1,3,2,200,0,3,120,1,0,1.77
1,17,170,8300,0,0,3,3,2,200,0,1,60,1,6,2.87
1,26,170,7500,1,1,2,3,2,300,1,1,60,1,5,2.6
1,23,184,12145,1,1,2,2,2,174,0,0,0,1,3,3.59
0,21,161,6500,0,1,3,3,2,200,0,0,60,1,1,2.51
0,25,161,10208,1,1,3,3,2,272,0,0,26,1,4,3.94
0,19,153,4299,0,1,2,3,1,245,0,1,60,1,0,1.84
0,20,171,13257,1,1,3,3,2,148,0,0,55,1,4,4.53
1,19,174,8000,1,1,2,3,2,200,0,2,60,0,6,2.64
0,18,175,5121,0,1,2,3,1,151,0,0,88,1,0,1.67
1,18,181,10896,1,1,2,2,2,229,0,1,80,2,2,3.33
1,20,175,7400,0,0,3,3,0,200,1,3,120,1,5,2.42
0,21,176,6000,1,1,2,4,2,300,1,2,0,1,1,1.94
0,23,158,8000,0,1,2,1,2,200,0,1,60,1,5,3.2
0,18,165,8600,1,1,3,1,2,300,0,1,0,2,2,3.16
0,26,164,11160,1,1,3,3,2,289,0,0,33,1,4,4.15
1,33,176,10794,1,1,2,2,2,166,0,1,0,2,3,3.48
1,23,168,7500,1,0,3,3,2,200,0,0,120,1,5,2.66
1,21,162,7000,0,1,2,3,3,100,0,1,0,1,5,2.67
0,18,175,5200,0,1,2,3,2,200,0,1,60,1,0,1.7
0,24,158,6425,1,0,2,2,2,243,0,0,47,2,6,2.57
0,19,153,4500,0,1,2,3,2,100,0,0,120,2,1,1.92
1,20,189,8300,1,1,3,3,1,300,0,2,0,1,5,2.32
1,25,182,12186,1,1,2,3,2,251,0,1,0,1,3,3.68
0,19,165,7000,1,1,2,1,2,200,0,1,0,1,5,2.57
0,19,153,4200,0,0,3,1,1,100,0,0,27,2,0,1.79
0,22,160,7000,1,0,2,1,1,100,0,1,60,2,2,2.73
0,22,160,8200,1,1,1,1,2,200,0,2,0,2,2,3.2
1,23,176,12142,1,1,2,2,2,201,0,0,0,1,3,3.92
0,26,163,11077,1,1,3,3,2,261,0,0,31,1,4,4.17
1,19,182,8500,0,1,3,3,2,100,0,1,0,0,5,2.57
0,40,155,8000,1,1,2,3,2,163,0,1,0,2,2,3.33
0,25,162,10494,1,1,3,3,2,267,0,0,54,1,4,4.0
0,19,161,6300,1,1,2,3,1,100,0,1,0,1,1,2.43
0,26,164,10482,1,1,3,3,2,265,0,0,33,1,4,3.9
0,19,153,4200,0,1,3,1,1,100,0,0,60,2,0,1.79
0,19,154,4500,0,1,3,3,2,100,0,1,0,1,1,1.9
1,24,180,7300,0,1,2,3,2,300,0,1,60,2,1,2.25
1,23,162,6800,0,1,2,3,0,200,0,1,60,1,1,2.59
0,27,156,5100,1,1,2,3,2,200,0,0,60,1,1,2.1
1,23,175,8214,1,1,2,2,2,217,0,0,49,1,6,2.68
1,34,162,8241,1,1,2,1,2,200,0,2,54,1,5,3.14
0,21,165,8000,1,1,2,1,2,200,0,2,60,1,6,2.94
0,18,175,13366,1,1,3,3,2,286,0,1,54,1,4,4.36
0,18,162,6800,0,1,2,1,2,200,0,1,0,2,5,2.59
1,21,171,7500,1,1,2,3,2,191,0,1,0,1,5,2.56
1,20,171,10317,1,1,2,1,2,127,0,1,10,2,3,3.53
1,16,180,8300,1,1,3,4,2,200,0,2,60,1,1,2.56
1,26,180,8000,1,0,2,3,0,100,0,0,120,1,5,2.47
0,21,160,6800,0,1,1,3,2,200,0,1,0,1,5,2.66
1,30,177,10860,1,1,2,3,2,150,0,1,96,1,2,3.47
1,22,175,8786,1,1,2,2,2,299,0,2,35,1,6,2.87
1,33,178,8400,0,1,2,3,1,300,0,2,0,1,5,2.65
1,19,167,7900,1,1,3,3,2,100,0,1,60,1,6,2.83
1,19,180,8700,1,0,3,3,1,200,0,2,0,1,6,2.69
0,26,169,11194,1,1,3,3,2,283,0,0,7,1,4,3.92
0,18,165,8800,1,1,2,3,2,300,0,1,0,2,2,3.23
0,21,175,13347,1,1,3,3,2,247,0,1,46,1,4,4.36
1,28,176,9630,1,1,1,3,2,300,0,0,0,2,2,3.11
1,23,171,7500,1,1,2,3,2,183,0,1,20,1,5,2.56
1,19,175,5537,1,1,3,4,2,288,0,2,90,2,0,1.81
0,30,155,7179,1,1,2,3,2,148,0,0,75,1,6,2.99
0,22,156,8253,1,1,2,1,2,265,0,0,113,1,2,3.39
1,20,173,8079,1,1,2,3,2,180,0,1,116,2,6,2.7
1,18,180,8000,1,1,3,3,0,200,0,1,60,1,5,2.47
0,21,170,7800,1,1,2,3,2,300,0,3,0,0,6,2.7
1,17,172,5000,1,1,1,3,2,100,0,1,60,0,1,1.69
0,26,165,11193,1,1,3,3,2,277,0,0,5,1,4,4.11
0,19,150,4200,0,1,3,3,1,100,0,0,0,1,0,1.87
0,37,168,7500,1,1,2,3,2,100,0,1,0,1,5,2.66
0,26,164,11194,1,1,3,3,2,244,0,0,12,1,4,4.16
0,23,163,8341,1,1,2,2,2,197,0,0,120,2,2,3.14
0,21,160,7800,1,1,1,1,2,200,0,0,60,1,6,3.05
0,21,162,6865,0,1,2,3,2,200,0,0,37,1,5,2.62
1,23,175,11239,1,1,1,3,2,200,0,1,1,1,3,3.67
1,32,170,10208,1,1,2,1,2,100,0,1,0,2,3,3.53
1,18,171,5113,1,1,1,3,2,183,0,0,67,1,0,1.75
1,17,180,8500,1,1,2,1,0,300,0,1,0,1,5,2.62
1,26,174,7500,0,0,3,3,3,200,0,2,0,1,1,2.48
1,22,175,8993,1,1,1,1,2,200,0,0,97,1,5,2.94
0,26,162,10498,1,1,3,3,2,123,0,0,31,1,4,4.0
0,39,164,7843,1,1,3,2,2,181,0,0,45,2,6,2.92
0,18,167,6000,1,1,1,3,2,200,0,2,0,2,1,2.15
1,21,184,10687,1,1,2,3,2,300,0,0,60,1,2,3.16
0,26,164,11193,1,1,3,3,2,263,0,0,6,1,4,4.16
0,19,163,4500,0,1,3,3,1,100,1,1,0,1,0,1.69
1,20,183,7000,1,1,3,1,2,200,0,2,0,2,1,2.09
0,23,163,6000,1,1,3,1,2,300,0,2,60,1,1,2.26
0,18,170,6000,1,1,3,3,2,200,0,0,60,1,1,2.08
0,25,162,10487,1,1,3,3,2,124,0,0,32,1,4,4.0
0,23,169,7500,0,1,2,3,2,300,0,3,0,2,5,2.63
1,19,169,6000,1,1,2,3,2,200,0,1,60,1,1,2.1
0,21,164,4900,1,1,3,3,1,100,0,1,60,2,1,1.82
0,24,170,7500,1,1,2,3,2,200,1,3,0,1,5,2.6
0,22,167,8767,1,1,2,1,2,300,0,1,60,2,2,3.14
0,21,174,13390,1,1,3,3,2,190,0,1,44,1,4,4.42
0,18,171,7100,1,1,2,3,1,300,0,1,60,1,5,2.43
1,24,162,8312,1,1,2,1,2,200,0,0,34,1,6,3.17
0,21,150,6300,0,0,3,1,1,300,0,0,0,2,5,2.8
0,33,168,7764,1,1,2,3,2,195,0,0,0,2,6,2.75
0,35,156,7500,1,1,3,3,2,200,0,2,0,1,2,3.08
1,28,176,11287,1,1,2,3,2,232,0,0,0,1,3,3.64
1,27,185,9389,1,1,2,2,2,154,0,1,32,0,6,2.74
1,33,178,8331,1,1,2,3,2,264,0,1,54,2,6,2.63
1,22,185,8949,1,1,2,2,2,200,0,0,0,1,5,2.61
1,23,177,8500,1,0,2,4,2,300,0,2,0,1,6,2.71
1,21,164,6886,1,1,2,1,2,264,0,0,18,1,5,2.56
0,26,165,10484,1,1,3,3,2,265,0,0,49,1,4,3.85
1,34,166,9000,1,0,3,1,2,100,0,0,0,2,3,3.27
1,21,169,6924,1,0,2,1,2,151,0,1,0,2,6,2.42
1,26,171,8378,1,1,1,3,2,200,0,2,42,0,6,2.87
1,29,169,9000,1,1,2,2,2,280,0,1,0,1,2,3.15
0,18,155,5500,0,1,3,3,2,100,0,1,0,2,5,2.29
0,21,168,9286,1,1,2,3,2,191,0,1,0,2,2,3.29
1,23,180,9700,1,1,2,3,2,200,0,1,60,2,6,2.99
1,22,184,9588,1,1,2,3,2,200,0,1,71,2,6,2.83
1,25,178,12131,1,1,2,3,2,154,0,1,0,1,3,3.83
0,18,170,6800,0,1,2,3,2,200,0,1,60,1,5,2.35
0,21,155,6287,0,1,2,1,2,200,0,1,0,1,5,2.62
1,23,183,9758,1,1,2,3,2,200,0,2,96,2,2,2.91
0,25,161,10492,1,1,3,3,2,256,0,0,43,1,4,4.05
0,21,174,13384,1,1,3,3,2,283,0,1,44,1,4,4.42
0,21,161,6946,0,1,2,1,3,212,1,1,0,2,5,2.68
0,20,169,4967,1,1,2,3,1,169,0,2,60,2,0,1.74
1,30,182,12060,1,1,2,3,2,292,0,1,34,1,3,3.64
0,18,165,5800,1,1,3,3,2,100,0,1,60,2,1,2.13
0,25,164,10479,1,1,3,3,2,247,0,0,24,1,4,3.9
1,17,170,8531,1,1,2,3,2,256,0,1,47,1,6,2.95
0,23,173,13214,1,1,3,3,2,279,0,0,52,1,4,4.42
0,21,181,15208,1,1,3,3,2,235,0,0,40,1,4,4.64
1,21,162,10301,1,1,2,1,2,100,0,0,60,2,3,3.93
0,20,174,12876,1,1,3,3,2,148,0,1,58,1,4,4.25
1,34,170,8400,1,0,3,3,2,300,0,0,0,1,6,2.91
1,36,167,9854,1,1,2,1,2,200,0,1,0,2,2,3.53
1,30,178,12098,1,1,2,3,2,297,0,1,28,1,3,3.82
1,18,170,5300,1,1,3,3,2,200,0,0,60,2,1,1.83
0,28,170,7800,1,1,2,3,2,200,0,1,0,2,6,2.7
1,21,175,7500,1,1,2,3,2,200,0,1,0,1,1,2.45
0,19,181,15243,1,1,3,3,2,239,0,1,55,1,4,4.65
1,21,173,9671,1,1,2,3,2,300,0,0,80,1,2,3.23
0,25,168,10479,1,1,3,3,2,124,0,0,24,1,4,3.71
1,28,176,11390,1,1,1,3,2,209,0,1,0,1,3,3.68
1,23,168,6500,1,1,3,3,2,200,0,2,60,2,1,2.3
1,26,181,12087,1,1,2,3,2,215,0,1,0,1,3,3.69
1,22,180,12142,1,1,2,2,2,149,0,0,0,2,3,3.75
1,21,170,7500,1,1,2,3,1,100,0,1,0,2,5,2.6
0,26,161,11187,1,1,3,3,2,261,0,0,7,1,4,4.32
1,20,165,6500,0,1,2,3,2,300,0,1,0,1,1,2.39
0,26,166,11155,1,1,3,3,2,262,0,0,13,1,4,4.05
1,23,175,8300,1,0,3,3,1,200,0,2,60,1,6,2.71
1,25,183,12015,1,1,2,3,2,196,0,1,0,1,3,3.59
0,26,163,11181,1,1,3,3,2,261,0,0,4,1,4,4.21
1,21,162,7000,0,1,2,3,3,300,1,1,0,1,5,2.67
0,22,163,5500,1,1,2,3,2,200,0,3,0,1,1,2.07
0,26,164,11186,1,1,3,3,2,268,0,0,44,1,4,4.16
1,26,182,12098,1,1,2,3,2,292,0,1,0,1,3,3.65
1,21,167,7000,0,1,2,1,3,300,0,1,120,1,5,2.51
1,37,181,10809,1,1,2,2,2,200,0,1,0,1,2,3.3
0,23,167,6000,1,1,3,1,2,200,0,1,60,1,1,2.15
0,23,157,5800,1,1,2,4,1,100,0,1,0,1,1,2.35
1,24,181,9149,1,1,2,2,2,236,0,0,4,1,6,2.79
1,22,182,12128,1,1,2,2,2,178,0,1,0,1,3,3.66
0,26,164,11183,1,1,3,3,2,255,0,0,12,1,4,4.16
0,25,161,10217,1,1,3,3,2,103,0,0,55,1,4,3.94
1,24,182,12086,1,1,2,3,2,200,0,1,6,1,3,3.65
0,21,168,8000,1,1,2,3,2,200,0,1,60,2,6,2.83
1,18,183,10815,1,1,2,1,2,227,0,1,0,2,2,3.23
0,22,171,9361,1,1,1,3,2,204,0,0,0,1,2,3.2
1,21,177,11616,1,1,2,3,2,300,0,0,60,1,3,3.71
1,24,180,9500,1,1,2,3,2,200,0,1,60,1,6,2.93
1,23,160,10064,1,1,2,1,2,100,0,1,59,2,3,3.93
1,22,174,5196,1,1,2,3,2,200,0,1,78,1,0,1.72
0,21,168,6800,1,1,2,3,2,200,0,1,0,1,1,2.41
0,18,175,13779,1,1,3,3,2,286,0,1,57,1,4,4.5
0,26,164,11193,1,1,3,3,2,260,0,0,15,1,4,4.16
0,21,162,8000,1,1,2,3,2,300,0,1,0,2,2,3.05
1,28,181,12099,1,1,2,3,2,235,0,1,28,1,3,3.69
1,21,186,8500,1,1,2,3,2,282,0,1,18,1,5,2.46
0,21,174,13385,1,1,3,3,2,195,0,1,55,1,4,4.42
0,21,153,6400,0,1,3,3,2,100,0,0,0,1,6,2.73
1,36,180,9000,1,1,2,3,2,100,0,1,0,1,2,2.78
1,18,168,7000,1,0,2,3,2,200,0,1,0,0,1,2.48
1,28,176,11315,1,1,2,3,2,286,0,0,89,1,3,3.65
1,19,174,8568,0,1,2,4,2,284,0,2,12,1,5,2.83
1,22,166,9500,1,1,2,3,2,284,0,2,0,2,2,3.45
1,18,180,5000,1,1,3,3,2,200,0,1,60,2,0,1.54
0,22,170,5000,0,1,3,4,1,200,0,0,0,1,0,1.73
1,33,175,10374,1,1,2,2,2,200,0,0,8,2,3,3.39
0,25,162,10998,1,1,3,3,2,141,0,0,39,1,4,4.19
1,22,165,8000,1,1,2,1,2,300,0,1,60,2,6,2.94
1,19,187,6600,1,1,2,3,1,200,0,2,60,1,1,1.89
0,26,162,11055,1,1,3,3,2,269,0,0,25,1,4,4.21
0,20,155,5300,0,1,3,3,1,200,0,2,0,1,1,2.21
0,20,170,8507,1,1,2,3,2,133,0,1,97,2,2,2.94
1,19,175,8600,1,1,3,4,0,200,0,2,0,1,5,2.81
0,18,160,8449,1,1,2,3,2,102,0,1,0,2,2,3.3
1,23,175,9529,1,1,2,3,2,300,0,3,120,1,2,3.11
1,29,186,11200,1,1,1,3,2,200,0,0,60,1,3,3.24
0,27,154,7300,1,0,3,3,0,300,0,1,0,1,6,3.08
1,22,180,10535,1,1,2,3,2,203,0,0,35,1,2,3.25
1,25,180,6500,1,1,2,4,1,200,0,2,120,2,1,2.01
0,21,160,6650,0,1,3,3,2,200,0,1,0,1,5,2.6
1,25,187,6600,1,1,2,3,1,200,1,1,0,1,1,1.89
1,27,182,8700,0,1,2,1,2,200,0,2,0,2,5,2.63
0,17,157,5152,0,1,3,3,2,162,0,0,120,1,0,2.09
1,18,170,5500,0,1,3,4,2,200,0,2,60,2,1,1.9
1,21,179,9844,1,1,2,2,2,262,0,2,120,2,2,3.07
0,18,174,13377,1,1,3,3,2,283,0,1,49,1,4,4.42
1,18,162,6825,1,0,2,1,2,191,0,0,60,2,6,2.6
1,19,180,8800,1,1,2,1,2,200,0,2,0,1,5,2.72
1,21,185,12500,1,1,3,4,0,100,0,0,0,1,3,3.65
1,38,175,11833,1,1,2,3,2,202,0,0,0,1,3,3.86
0,26,164,11194,1,1,3,3,2,286,0,1,9,1,4,4.16
0,25,169,10483,1,1,3,3,2,103,0,0,35,1,4,3.67
0,19,152,4200,0,1,2,1,1,100,0,1,0,1,0,1.82
0,26,168,11092,1,1,3,3,2,249,0,0,33,1,4,3.93
1,23,193,12100,0,1,3,3,2,200,0,1,0,1,3,3.25
0,23,161,7000,1,0,2,1,2,100,0,0,120,2,5,2.7
0,21,165,7500,1,1,2,3,2,100,0,1,60,1,5,2.75
1,29,167,9000,1,1,2,3,2,199,0,1,0,1,3,3.23
0,18,150,5700,1,1,3,4,1,100,0,2,60,2,1,2.53
1,18,162,5300,0,1,2,3,2,100,0,1,60,1,1,2.02
1,22,171,8200,1,1,2,2,2,200,0,0,60,1,6,2.8
1,23,167,7500,1,1,3,3,2,200,0,3,120,1,5,2.69
1,17,180,6000,1,1,2,4,2,200,0,2,60,2,0,1.85
0,29,160,7100,1,1,2,3,2,200,0,1,0,1,5,2.77
1,18,179,10820,1,1,2,1,2,200,0,1,93,2,2,3.38
1,30,182,12213,1,1,3,2,2,200,0,1,0,2,3,3.69
1,29,176,11240,1,1,1,3,2,211,0,0,17,1,3,3.63
1,21,162,10500,1,1,2,1,2,300,0,1,0,1,2,4.0
0,39,153,8000,1,1,2,2,2,217,0,0,0,1,2,3.42
1,18,182,7100,0,1,3,3,1,100,0,1,60,2,1,2.14
1,22,178,8966,1,1,1,1,2,200,0,0,0,1,6,2.83
0,26,163,11077,1,1,3,3,2,261,0,0,22,1,4,4.17
0,18,162,5800,0,0,2,3,2,200,0,1,60,1,1,2.21
1,27,179,12020,1,1,2,3,2,208,0,0,44,1,3,3.75
1,22,184,9129,1,1,1,2,2,154,0,0,56,1,6,2.7
1,21,173,7500,1,1,2,3,2,283,0,0,60,1,5,2.51
1,21,162,7000,1,1,2,1,3,300,1,1,0,1,5,2.67
1,18,170,7000,1,1,3,3,1,200,0,2,60,1,1,2.42
0,21,148,6011,1,1,2,1,2,100,0,0,0,2,6,2.74
0,16,172,5000,0,1,2,3,2,200,0,0,60,1,0,1.69
0,22,174,5411,1,1,2,3,1,200,0,2,55,2,0,1.79
1,18,178,5125,0,1,2,3,2,167,0,2,60,1,0,1.62
1,20,179,10565,1,1,2,3,2,242,0,0,84,1,2,3.3
1,21,171,10687,1,1,2,3,2,192,0,0,82,2,2,3.65
1,17,170,8500,1,0,3,3,2,200,0,1,60,1,6,2.94
1,34,184,10000,1,1,2,1,2,200,0,1,0,0,3,2.95
0,26,164,11193,1,1,3,3,2,262,0,0,15,1,4,4.16
0,28,156,6500,1,0,2,2,2,100,0,0,3,1,6,2.67
0,18,155,5000,0,1,2,4,1,100,0,2,60,1,1,2.08
1,26,181,10650,1,1,2,3,2,270,0,1,0,2,2,3.25
0,25,168,10475,1,1,3,3,2,141,0,0,45,1,4,3.71
0,23,168,7000,0,0,3,3,0,100,1,1,60,1,1,2.48
0,26,162,10755,1,1,3,3,2,260,0,0,34,1,4,4.1
0,19,156,4900,0,1,2,4,2,200,0,2,60,2,1,2.01
0,21,163,6799,1,0,2,1,2,200,0,0,28,2,6,2.56
1,33,168,9163,1,1,2,2,2,100,0,1,0,2,6,3.25
0,18,164,5900,1,1,3,3,2,200,0,1,120,1,1,2.19
0,18,166,5800,1,1,3,1,2,200,0,1,0,1,1,2.1
1,21,182,7200,1,1,2,3,0,200,0,0,60,2,1,2.17
0,19,160,4500,1,1,3,3,2,200,0,1,0,2,0,1.76
1,25,182,11856,1,1,2,3,2,248,0,1,40,1,3,3.58
1,21,172,8000,1,0,2,2,2,200,0,1,0,2,6,2.7
0,21,152,4200,0,1,3,1,1,100,0,1,0,1,0,1.82
1,25,170,6500,1,1,2,3,2,200,0,1,60,1,1,2.25
1,32,169,10377,1,1,2,3,2,100,0,0,27,2,3,3.63
1,17,180,5800,0,1,2,3,2,200,0,2,60,1,0,1.79
0,21,163,6000,1,1,3,3,2,200,0,2,0,1,1,2.26
0,25,161,10255,1,1,3,3,2,103,0,0,44,1,4,3.96
0,18,177,13387,1,1,3,3,2,249,0,1,50,1,4,4.27
0,21,155,5000,0,0,2,3,2,100,0,1,0,2,1,2.08
1,30,190,12165,1,1,2,3,2,170,0,0,0,1,3,3.37
1,23,169,12098,1,1,2,3,2,286,0,1,55,1,3,4.24
1,19,180,8563,1,1,2,3,2,211,0,0,50,1,5,2.64
0,20,174,13294,1,1,3,3,2,165,0,1,43,1,4,4.39
0,18,157,4500,0,1,3,3,2,254,1,1,0,1,0,1.83
1,24,170,7800,1,1,2,3,2,200,0,0,37,1,6,2.7
1,17,180,6000,0,0,2,3,2,200,0,2,60,1,0,1.85
1,23,181,8867,1,1,1,2,2,200,0,0,8,1,6,2.71
1,18,169,5100,1,1,2,3,1,200,0,2,120,2,0,1.79
0,18,175,8050,1,1,1,3,2,114,0,2,50,2,5,2.63
1,20,183,6000,0,1,3,3,2,200,0,2,0,2,0,1.79
0,22,171,13395,1,1,3,3,2,277,0,1,55,1,4,4.58
0,21,168,13192,1,1,3,3,2,175,0,1,51,1,4,4.67
1,36,176,9694,1,1,2,3,2,277,0,2,0,2,2,3.13
1,25,168,10370,1,1,2,1,2,172,0,0,60,1,3,3.67
1,21,165,8000,1,0,2,3,2,200,0,1,60,1,6,2.94
1,18,187,10890,1,1,2,3,2,250,0,1,84,2,2,3.11
0,21,171,7100,1,1,3,3,2,200,0,1,0,2,1,2.43
0,18,165,8000,1,0,3,3,2,200,0,1,60,2,6,2.94
0,19,156,4993,0,1,2,3,2,149,0,2,103,1,0,2.05
0,26,162,11182,1,1,3,3,2,277,0,0,10,1,4,4.26
1,23,182,12015,1,1,2,3,2,200,0,1,60,1,3,3.63
1,18,170,5000,0,1,2,3,1,100,0,1,60,2,0,1.73
1,17,179,8301,1,1,2,2,2,299,0,2,25,1,6,2.59
0,20,182,8700,1,1,3,3,2,100,0,2,60,0,5,2.63
0,19,155,4900,1,1,2,3,2,100,0,2,60,2,1,2.04
0,25,162,10255,1,1,3,3,2,107,0,0,32,1,4,3.91
1,30,186,12641,1,1,2,3,2,150,0,0,43,1,3,3.65
0,26,163,11188,1,1,3,3,2,261,0,0,9,1,4,4.21
1,26,183,10569,1,1,2,3,2,243,0,0,61,1,2,3.16
1,23,175,9526,1,1,2,3,2,300,0,0,120,2,2,3.11
0,23,165,8047,1,1,2,2,2,288,0,0,60,2,2,2.96
0,19,167,4912,0,0,2,3,2,100,0,1,60,1,0,1.76
1,32,169,9000,1,0,2,2,2,198,0,0,60,1,6,3.15
0,41,162,8000,1,1,2,2,2,133,0,0,25,1,2,3.05
1,20,167,6700,0,1,2,3,0,200,0,2,0,1,1,2.4
0,23,155,4423,0,0,2,2,1,167,1,0,0,2,0,1.84
0,39,156,7747,1,1,2,1,2,195,0,0,0,1,2,3.18
1,25,183,11763,1,1,2,2,2,248,0,1,0,1,3,3.51
0,21,165,6600,1,1,2,3,2,300,0,1,0,1,5,2.42
0,19,165,4902,0,1,2,3,2,196,0,2,60,1,0,1.8
1,18,167,6700,0,1,3,3,2,200,0,1,60,1,1,2.4
0,25,162,10483,1,1,3,3,2,265,0,0,32,1,4,3.99
1,55,171,8475,1,1,2,2,2,276,0,0,0,0,6,2.9
1,35,175,8500,0,0,2,3,2,100,0,1,0,1,6,2.78
0,18,160,4500,0,1,3,3,1,200,1,1,0,1,0,1.76
0,18,155,5500,1,1,3,3,2,200,0,1,0,1,1,2.29
1,21,179,10504,1,1,2,3,2,279,0,1,8,1,2,3.28
1,19,162,7000,0,0,2,1,2,300,0,1,60,1,5,2.67
1,18,170,8300,1,1,2,3,1,200,0,1,60,0,6,2.87
1,21,167,6000,0,1,3,3,1,200,0,0,0,2,1,2.15
0,21,175,13378,1,1,3,3,2,286,0,1,48,1,4,4.37
1,40,174,10991,1,1,2,3,2,100,0,0,0,2,3,3.63
1,30,177,10318,1,1,2,3,2,100,0,1,0,2,3,3.29
0,23,165,6000,0,0,3,3,2,200,0,0,0,1,1,2.2
1,17,170,8700,0,1,2,3,2,300,0,1,60,1,6,3.01
0,37,155,7720,1,1,2,2,2,100,0,1,0,1,3,3.21
1,27,179,7800,1,1,2,3,2,300,0,0,95,0,6,2.43
1,21,175,7500,0,1,2,3,2,300,0,1,0,1,5,2.45
0,22,156,4500,1,1,3,3,0,200,0,2,60,2,1,1.85
0,19,160,4500,0,0,2,3,1,100,1,1,60,1,0,1.76
0,19,163,4500,0,1,3,3,1,245,1,1,0,1,0,1.69
1,17,171,8500,1,1,2,3,2,200,0,1,113,2,6,2.91
0,25,162,10920,1,1,3,3,2,172,0,0,26,1,4,4.16
1,31,180,7200,1,1,3,3,2,200,0,1,0,1,1,2.22
1,43,170,8674,1,1,2,3,2,256,0,0,0,2,6,3.0
0,20,161,6400,1,1,2,3,2,100,0,0,0,1,1,2.47
1,18,183,8696,1,1,2,3,2,200,0,0,86,1,5,2.6
0,25,162,10483,1,1,3,3,2,222,0,0,33,1,4,3.99
0,16,174,5369,1,1,1,1,2,200,0,0,120,1,0,1.77
0,38,159,8000,1,1,2,3,2,200,0,2,0,1,2,3.16
1,21,171,7500,1,1,2,1,2,200,0,1,103,1,5,2.56
1,29,168,8999,1,1,2,1,2,278,0,1,0,1,2,3.19
1,30,169,9000,1,1,2,3,1,200,0,1,0,0,2,3.15
0,20,167,10415,1,1,3,3,2,111,0,0,26,1,4,3.73
0,22,165,4900,0,1,2,3,2,200,0,2,0,1,0,1.8
1,18,170,8300,0,0,2,3,1,300,0,1,60,0,6,2.87
0,25,162,10494,1,1,3,3,2,231,0,0,27,1,4,4.0
0,32,148,6000,1,0,1,1,2,100,0,0,0,2,6,2.74
1,25,176,11416,1,1,2,3,2,210,0,0,4,1,3,3.69
1,23,175,9600,1,1,2,3,2,300,0,0,60,2,2,3.13
1,20,183,8500,1,1,2,3,2,300,0,3,60,1,5,2.54
0,25,162,10459,1,1,3,3,2,148,0,0,42,1,4,3.99
0,26,163,11193,1,1,3,3,2,261,0,0,9,1,4,4.21
0,22,155,5900,1,1,2,3,2,200,0,1,0,1,1,2.46
0,18,160,8219,1,1,1,3,2,100,0,0,60,2,2,3.21
1,14,173,7200,1,1,3,3,2,300,0,0,60,1,1,2.41
0,33,160,6661,1,1,3,2,2,200,0,1,0,1,5,2.6
1,18,175,5000,0,0,3,4,0,200,0,1,120,2,1,1.63
0,23,156,8333,1,1,2,1,2,200,0,0,58,1,2,3.42
0,21,170,12811,1,1,3,3,2,143,0,0,40,1,4,4.43
1,23,176,11616,1,1,2,3,2,200,0,0,85,1,3,3.75
0,18,160,8201,1,1,2,3,2,100,0,1,0,1,2,3.2
0,25,165,10483,1,1,3,3,2,151,0,0,32,1,4,3.85
1,31,178,12000,1,1,2,3,2,231,0,1,37,1,3,3.79
1,21,164,7000,0,1,2,3,2,200,0,1,0,2,5,2.6
1,25,178,11538,1,1,2,3,2,211,0,1,22,1,3,3.64
1,28,172,11298,1,1,1,3,2,272,0,0,16,1,3,3.82
0,38,164,7100,1,0,2,3,2,200,0,1,0,1,5,2.64
0,20,163,4500,1,0,3,3,1,200,0,2,0,1,0,1.69
0,16,179,5900,1,1,2,3,0,100,0,0,60,2,1,1.84
0,26,168,11193,1,1,3,3,2,262,0,0,15,1,4,3.97
1,17,181,9954,1,1,2,2,2,243,0,1,60,2,2,3.04
1,20,169,6900,1,0,3,4,1,200,0,1,0,1,1,2.42
1,23,171,7500,0,1,2,3,1,133,0,0,92,1,5,2.56
0,23,156,6300,1,1,3,3,2,200,1,1,60,1,1,2.59
1,21,170,8000,1,1,2,1,2,200,0,2,0,2,6,2.77
1,18,175,8475,1,0,2,2,2,196,0,1,113,1,6,2.77
0,17,155,4500,0,1,3,3,2,200,0,2,60,1,0,1.87
0,21,153,4200,0,0,3,1,1,100,0,0,0,2,0,1.79
0,18,162,6000,0,1,2,3,2,200,0,1,60,1,1,2.29
0,20,181,16093,1,1,3,3,2,247,0,0,35,1,4,4.91
0,27,160,5900,1,1,1,3,2,100,0,1,0,1,1,2.3
0,25,162,10492,1,1,3,3,2,241,0,0,39,1,4,4.0
0,19,169,12742,1,1,3,3,2,173,0,0,56,1,4,4.46
0,21,165,6100,1,1,3,1,0,100,0,2,0,2,1,2.24
0,26,164,11194,1,1,3,3,2,262,0,0,4,1,4,4.16
0,24,164,4900,0,1,2,3,2,100,0,2,60,2,0,1.82
1,17,175,5714,1,1,3,3,2,200,0,2,60,1,0,1.87
0,21,172,13152,1,1,3,3,2,165,0,1,43,1,4,4.45
1,19,179,8727,0,1,2,1,2,115,0,2,0,1,5,2.72
0,19,171,13294,1,1,3,3,2,237,0,1,55,1,4,4.55
1,25,182,12188,1,1,2,3,2,216,0,1,5,1,3,3.68
0,21,174,13393,1,1,3,3,2,283,0,1,55,1,4,4.42
1,24,169,10061,1,1,2,1,2,101,0,0,65,1,3,3.52
0,25,162,10209,1,1,3,3,2,105,0,0,26,1,4,3.89
0,21,166,6000,1,1,2,3,2,100,0,2,60,2,1,2.18
0,26,162,11081,1,1,3,3,2,269,0,0,6,1,4,4.22
0,21,169,6500,0,1,3,3,2,200,0,1,0,1,1,2.28
1,31,181,9120,1,1,2,1,2,240,1,0,28,1,5,2.78
1,27,168,8999,1,1,1,1,2,177,0,0,18,1,2,3.19
1,22,187,12152,1,1,2,3,2,155,0,1,0,1,3,3.48
1,30,190,12936,1,1,2,3,2,112,0,0,0,1,3,3.58
1,23,184,12141,1,1,2,2,2,134,0,1,0,1,3,3.59
1,21,183,8727,1,1,2,2,2,200,0,2,0,1,5,2.61
0,37,163,8000,1,1,2,1,2,292,0,2,0,1,2,3.01
0,25,163,10287,1,1,3,3,2,127,0,0,32,1,4,3.87
0,18,159,4155,0,1,2,1,2,100,0,0,95,1,0,1.64
1,33,170,8300,1,0,2,3,1,200,0,0,120,0,6,2.87
1,25,176,11414,1,1,1,3,2,208,0,0,46,1,3,3.68
1,21,175,7000,1,1,2,3,2,200,0,2,60,1,1,2.29
0,18,183,5262,1,1,2,3,1,200,0,0,105,1,0,1.57
1,18,180,8000,1,1,2,3,2,200,0,2,60,1,1,2.47
1,17,176,8500,1,0,3,2,2,200,0,1,7,1,6,2.74
1,55,176,8000,0,1,2,3,2,200,0,3,60,1,5,2.58
1,21,170,6500,1,1,2,3,2,200,0,1,60,1,1,2.25
0,21,167,8000,1,1,2,1,0,200,0,1,0,2,6,2.87
0,26,162,11193,1,1,3,3,2,268,0,0,9,1,4,4.26
1,25,178,11534,1,1,1,3,2,210,0,1,22,1,3,3.64
0,26,167,11194,1,1,3,3,2,263,0,0,4,1,4,4.01
1,17,179,9900,1,0,2,3,0,300,0,2,0,1,2,3.09
0,19,152,4200,0,1,3,1,1,100,0,0,51,1,0,1.82
0,21,172,7800,1,0,2,1,2,300,0,1,0,0,6,2.64
1,33,161,9758,1,1,2,2,2,100,0,1,0,2,3,3.76
1,18,171,5208,1,1,2,3,2,200,0,0,71,1,0,1.78
0,26,164,11186,1,1,3,3,2,262,0,0,6,1,4,4.16
0,33,165,7300,1,1,3,3,2,300,0,1,60,1,6,2.68
1,23,186,12183,1,1,2,2,2,200,0,1,0,1,3,3.52
0,20,160,5500,1,1,3,3,2,100,0,2,60,1,1,2.15
0,18,156,5000,0,1,3,3,1,200,0,0,60,1,1,2.05
0,20,160,6650,0,1,2,3,1,200,0,0,60,2,1,2.6
0,26,165,11191,1,1,3,3,2,262,0,0,7,1,4,4.11
0,22,162,8200,1,1,1,3,2,209,0,0,19,1,2,3.12
0,19,152,4200,0,1,2,1,1,200,0,0,60,1,0,1.82
1,22,178,8904,1,1,1,2,2,200,0,0,0,1,6,2.81
0,19,156,4200,0,1,3,1,1,163,1,1,60,1,0,1.73
1,25,176,11210,1,1,1,3,2,211,0,0,24,1,3,3.62
1,18,170,8000,1,0,3,3,1,200,0,2,0,2,6,2.77
1,30,182,12086,1,1,2,3,2,300,0,0,60,1,3,3.65
0,25,165,10475,1,1,3,3,2,261,0,0,48,1,4,3.85
0,26,161,11188,1,1,3,3,2,263,0,0,27,1,4,4.32
1,16,160,6500,0,1,2,1,2,200,1,0,51,2,5,2.54
0,26,163,11182,1,1,3,3,2,255,0,0,9,1,4,4.21
1,17,182,5940,1,1,2,2,2,100,0,2,0,2,0,1.79
1,21,165,6500,1,1,3,3,1,300,0,1,0,2,1,2.39
0,20,166,6000,0,1,3,1,2,100,0,0,0,2,1,2.18
1,16,172,6650,1,1,2,1,0,200,0,3,0,0,1,2.25
0,20,162,5000,1,1,3,4,1,200,1,2,0,1,1,1.91
0,16,155,4500,0,1,2,4,1,200,1,0,60,2,1,1.87
1,19,182,8786,0,1,2,3,2,229,0,2,42,2,2,2.65
0,16,164,4500,0,1,3,3,2,285,0,1,0,1,0,1.67
0,33,164,6500,1,1,2,3,2,200,0,0,48,1,5,2.42
0,17,153,5000,0,1,2,3,2,100,0,1,60,1,0,2.14
1,17,183,5999,1,1,2,4,2,200,0,2,7,2,5,1.79
0,26,162,11080,1,1,3,3,2,270,0,0,16,1,4,4.22
1,31,168,9001,1,1,2,2,2,235,0,1,0,1,2,3.19
0,17,167,5000,0,0,2,3,2,100,0,0,60,1,0,1.79
1,20,162,10223,1,1,2,3,2,103,0,0,3,2,2,3.9
1,25,182,11413,1,1,2,3,2,253,0,1,0,1,3,3.45
0,38,156,8000,1,1,2,3,2,100,0,0,60,2,2,3.29
0,22,165,8000,1,1,2,1,2,200,0,1,120,1,5,2.94
0,18,170,5000,1,1,2,3,1,100,0,1,60,2,0,1.73
0,21,163,8200,1,1,3,1,2,200,0,1,60,1,2,3.09
0,18,164,8200,1,1,2,1,2,100,0,0,80,2,2,3.05
0,25,160,10503,1,1,3,3,2,191,0,0,32,1,4,4.1
1,23,177,12124,1,1,2,2,2,202,0,1,0,1,3,3.87
0,19,171,4993,0,1,2,3,2,199,0,2,72,1,0,1.71
1,18,172,5251,1,1,2,3,2,200,0,0,113,2,0,1.77
1,23,168,9000,1,1,2,3,2,163,0,0,65,1,6,3.19
1,23,182,9781,1,1,2,2,2,297,0,2,116,2,2,2.95
1,24,185,9792,1,1,2,3,2,200,0,0,60,1,3,2.86
1,20,171,6800,1,0,3,3,2,300,0,2,0,2,1,2.33
0,26,165,11199,1,1,3,3,2,265,0,0,8,1,4,4.11
0,23,173,13395,1,1,3,3,2,283,0,1,54,1,4,4.48
0,37,155,8000,1,1,2,2,2,100,0,2,0,1,2,3.33
0,26,164,11182,1,1,3,3,2,263,0,0,14,1,4,4.16
0,40,175,7986,1,1,2,2,2,181,0,0,0,2,6,2.61
1,22,177,5501,1,1,2,3,1,200,0,2,0,2,0,1.76
0,33,176,8786,0,1,2,3,2,183,0,2,0,1,5,2.84
0,38,170,7896,1,1,2,3,2,100,0,0,92,1,5,2.73
1,23,161,10024,1,1,2,2,2,104,0,0,0,2,3,3.87
0,25,161,10200,1,1,3,3,2,100,0,0,60,1,4,3.94
0,17,160,6500,1,1,3,3,0,200,1,0,60,1,5,2.54
0,18,166,4500,0,1,3,3,1,269,1,1,44,1,0,1.63
0,21,155,6385,0,1,2,3,1,200,0,2,0,2,5,2.66
1,24,169,9954,1,1,2,2,2,100,0,0,28,2,3,3.49
0,17,175,5530,0,1,2,4,1,200,0,2,60,1,0,1.81
1,24,170,6200,0,0,3,3,2,100,0,3,60,2,1,2.15
0,26,165,11155,1,1,3,3,2,244,0,0,27,1,4,4.1
1,33,174,7500,1,0,3,1,2,200,0,3,0,2,5,2.48
0,20,162,5900,1,1,2,3,2,200,0,1,0,2,1,2.25
0,26,164,11182,1,1,3,3,2,262,0,0,41,1,4,4.16
0,34,160,8445,1,1,2,2,2,267,0,2,17,2,2,3.3
0,40,158,8000,1,1,2,3,2,132,0,0,0,1,2,3.2
0,25,167,10484,1,1,3,3,2,149,0,0,56,1,4,3.76
0,38,167,7800,1,1,2,2,2,194,0,0,0,1,6,2.8
0,30,156,6000,0,1,3,3,2,200,0,0,0,1,1,2.47
1,20,170,7000,0,1,2,3,0,200,0,0,60,1,1,2.42
0,18,165,5800,0,1,2,3,2,100,0,1,0,2,1,2.13
1,17,185,6500,1,1,3,3,2,200,0,1,120,1,0,1.9
1,25,183,12099,1,1,2,3,2,300,0,1,0,1,3,3.61
0,17,161,6500,1,1,3,3,2,200,0,1,60,1,1,2.51
0,21,153,6500,1,0,2,1,2,100,0,0,0,2,6,2.78
1,23,170,5500,1,1,2,3,2,200,0,2,60,2,0,1.9
0,33,148,4900,0,1,2,1,1,200,0,1,60,2,1,2.24
1,23,179,10502,1,1,2,3,2,229,0,0,30,1,2,3.28
1,18,170,8000,1,1,3,3,1,200,0,2,0,2,5,2.77
0,18,163,6800,0,0,3,3,2,300,0,0,120,2,5,2.56
0,42,151,8000,1,1,2,3,2,272,0,0,0,1,6,3.51
1,19,180,5700,1,1,2,3,2,300,0,1,60,1,1,1.76
1,25,165,6800,1,1,2,3,1,100,0,2,60,2,1,2.5
0,21,170,8000,1,1,2,3,2,200,1,2,0,2,6,2.77
1,24,160,6500,0,1,2,3,1,200,0,2,0,1,5,2.54
1,19,175,7500,1,1,3,3,1,200,0,2,60,1,1,2.45
0,30,165,6000,1,0,3,3,2,100,0,0,0,1,1,2.2
0,18,165,8200,1,1,1,3,2,166,0,1,93,1,2,3.01
1,21,175,7000,0,1,2,3,1,200,0,2,60,2,1,2.29
1,24,172,6640,0,1,3,3,2,200,0,2,0,1,1,2.24
0,21,162,5800,1,0,3,4,1,100,0,0,0,2,1,2.21
0,25,164,10498,1,1,3,3,2,120,0,0,33,1,4,3.9
1,21,167,7044,1,1,2,3,2,200,0,1,0,1,5,2.53
1,18,178,10800,1,0,2,1,2,100,0,1,60,2,2,3.41
0,21,178,13776,1,1,3,3,2,283,0,1,44,1,4,4.35
0,26,162,11081,1,1,3,3,2,261,0,0,33,1,4,4.22
0,22,167,5131,1,1,2,3,1,133,0,2,60,2,0,1.84
1,30,175,11287,1,1,1,3,2,203,0,0,5,1,3,3.69
0,33,165,6000,1,1,3,1,2,100,0,1,0,2,1,2.2
0,21,171,6600,1,1,3,3,2,200,0,1,0,1,1,2.26
0,26,165,11193,1,1,3,3,2,277,0,0,10,1,4,4.11
1,18,179,10831,1,1,2,1,2,246,0,1,60,2,2,3.38
0,18,160,6000,1,1,2,3,2,200,0,0,60,1,1,2.34
1,26,179,10519,1,1,3,3,2,271,0,0,6,1,2,3.28
0,17,170,5600,1,1,2,4,1,200,1,2,60,1,1,1.94
1,26,178,7500,1,1,2,3,1,200,1,2,0,1,1,2.37
1,28,178,12000,1,1,2,3,2,292,0,0,104,1,3,3.79
1,19,169,5000,0,1,2,4,2,200,0,2,60,2,0,1.75
1,26,175,11810,1,1,2,3,2,229,0,1,0,1,3,3.86
1,17,165,8500,1,0,2,3,2,200,0,1,60,2,2,3.12
1,20,177,10300,1,1,2,2,2,100,0,1,0,2,2,3.29
1,40,180,9200,1,0,3,3,1,300,0,0,0,0,6,2.84
1,33,170,8319,1,1,2,2,2,100,0,0,52,1,6,2.88
1,21,171,9866,1,1,2,3,2,287,0,2,0,2,2,3.37
0,19,156,4900,0,1,2,3,1,200,0,2,60,1,0,2.01
1,35,171,8398,1,1,2,2,2,200,0,1,0,2,6,2.87
0,25,161,10496,1,1,3,3,2,154,0,0,33,1,4,4.05
0,21,163,5800,1,1,2,3,2,100,0,1,60,1,1,2.18
0,18,150,5500,1,1,2,3,2,100,0,0,120,1,1,2.44
1,24,165,8949,1,1,1,3,2,200,0,0,0,1,2,3.29
0,26,162,11081,1,1,3,3,2,270,0,0,27,1,4,4.22
0,19,154,3969,0,1,3,3,2,265,0,2,120,1,0,1.67
1,16,160,4500,0,1,2,3,2,200,0,1,60,1,1,1.76
1,25,175,12000,1,1,3,3,2,300,0,1,0,1,3,3.92
0,23,162,8256,1,1,2,2,2,277,0,2,66,2,2,3.15
1,29,179,8983,1,1,2,2,2,189,0,0,0,1,2,2.8
1,19,176,7500,1,1,2,3,1,200,0,3,60,1,1,2.42
0,23,175,13388,1,1,3,3,2,286,0,1,40,1,4,4.37
1,17,170,5500,1,1,3,3,1,200,0,2,60,2,0,1.9
1,30,175,11908,1,1,2,3,2,216,0,0,66,1,3,3.89
0,21,168,6888,1,1,1,3,3,200,0,0,27,1,5,2.44
1,26,171,8038,1,1,2,2,2,264,0,0,30,0,5,2.75
0,25,164,5100,0,1,3,1,2,200,0,2,60,1,1,1.9
1,26,183,11729,1,1,2,3,2,215,0,1,51,1,3,3.5
0,40,164,7900,1,1,2,3,2,100,0,0,0,1,2,2.94
0,25,162,10487,1,1,3,3,2,107,0,0,28,1,4,4.0
1,20,170,8200,0,1,1,3,2,200,0,2,0,2,6,2.84
0,18,176,5300,1,1,3,3,1,200,0,2,60,1,0,1.71
1,27,182,12087,1,1,2,3,2,296,0,1,58,1,3,3.65
1,23,170,10268,1,1,2,2,2,100,0,1,0,2,3,3.55
1,18,172,8000,1,1,3,1,2,200,0,2,60,2,1,2.7
1,23,168,9074,1,1,2,2,2,185,0,0,62,1,2,3.21
1,21,176,9694,1,1,2,3,2,200,0,2,60,1,2,3.13
0,38,161,8091,1,1,2,2,2,194,0,0,0,1,2,3.12
1,18,170,5208,1,1,1,3,2,200,0,0,113,1,0,1.8
1,19,185,8600,0,1,2,4,1,200,0,3,0,0,5,2.51
1,18,180,8200,1,1,2,4,1,200,0,2,60,0,5,2.53
0,19,161,6791,1,1,1,3,2,214,1,0,99,1,5,2.62
1,34,179,8400,1,1,3,3,2,100,0,2,60,0,6,2.62
0,20,182,10525,1,1,2,3,2,278,0,2,47,2,2,3.18
0,26,165,7400,1,1,3,3,2,300,0,1,0,1,5,2.72
1,21,175,4700,0,1,2,3,1,300,0,2,60,1,0,1.53
1,23,176,5300,0,1,2,4,2,200,0,0,120,2,0,1.71
0,19,160,4800,0,1,2,3,0,100,0,2,60,1,1,1.87
0,23,162,8200,1,1,1,1,2,300,0,1,0,1,2,3.12
1,40,160,10959,1,1,2,3,2,201,0,1,0,2,3,4.28
0,21,165,7000,1,1,2,1,2,200,0,1,0,2,5,2.57
1,21,172,10000,1,1,2,1,2,200,0,1,0,2,2,3.38
1,19,175,7500,0,0,2,3,1,100,0,1,120,1,1,2.45
0,22,168,5200,0,0,3,3,1,100,0,0,0,2,0,1.84
0,20,152,4200,0,0,2,1,2,100,0,1,0,1,0,1.82
0,26,162,10494,1,1,3,3,2,239,0,0,27,1,4,4.0
1,38,176,11816,1,1,2,3,2,262,0,0,0,1,3,3.81
1,21,182,10642,1,1,2,3,2,200,0,0,95,2,2,3.21
0,23,165,6000,0,1,3,3,2,300,0,1,0,1,1,2.2
1,24,178,12098,1,1,2,3,2,294,0,1,6,1,3,3.82
0,25,164,10483,1,1,3,3,2,144,0,0,33,1,4,3.9
0,19,157,4500,0,1,2,4,1,100,0,1,60,2,0,1.83
1,20,167,8000,1,1,2,3,2,300,0,2,60,2,6,2.87
1,23,162,9744,1,1,2,3,2,200,0,1,118,2,2,3.71
1,27,175,12089,1,1,2,3,2,215,0,0,84,1,3,3.95
0,25,167,10479,1,1,3,3,2,265,0,0,32,1,4,3.76
1,23,172,7600,1,1,1,3,2,100,0,1,60,1,6,2.57
0,51,163,5000,1,1,3,3,2,100,0,0,0,1,1,1.88
1,22,165,5700,0,1,2,3,1,200,0,1,60,2,1,2.09
0,18,170,5000,0,1,1,3,2,100,0,1,57,1,0,1.73
0,20,161,6100,0,1,3,1,2,100,0,0,0,1,1,2.35
0,26,164,11195,1,1,3,3,2,261,0,0,15,1,4,4.16
1,21,164,7000,1,1,2,1,3,300,0,1,0,1,5,2.6
0,21,173,13098,1,1,3,3,2,161,0,1,54,1,4,4.38
0,22,171,5092,1,1,2,3,1,200,0,2,120,1,0,1.74
0,26,163,11194,1,1,3,3,2,273,0,0,8,1,4,4.21
0,16,160,4500,0,1,3,3,2,200,1,1,7,1,0,1.76
0,21,154,5000,1,0,3,3,1,300,0,3,60,2,1,2.11
1,24,179,9000,1,0,2,3,2,200,0,2,0,1,2,2.81
0,26,160,7805,1,1,2,1,2,259,0,0,0,0,5,3.05
0,20,170,5000,1,1,2,3,1,200,0,0,120,2,0,1.73
0,18,159,4800,0,1,3,3,2,200,0,1,0,2,1,1.9
1,24,175,12000,1,0,2,3,2,200,0,1,60,1,3,3.92
1,22,165,7000,1,1,2,1,2,200,0,0,120,1,5,2.57
0,17,161,5000,0,1,1,3,2,200,0,0,22,1,0,1.93
1,21,162,5300,1,1,2,3,2,100,0,1,0,1,1,2.02
1,24,175,7500,1,1,3,3,2,200,0,2,0,1,1,2.45
1,30,179,12090,1,1,2,2,2,251,0,1,0,1,3,3.77
1,20,178,10498,1,1,2,3,2,232,0,1,0,1,2,3.31
1,40,174,10990,1,1,2,3,2,100,0,0,0,2,3,3.63
1,21,165,6700,1,1,2,1,3,100,0,1,60,2,5,2.46
0,47,169,8192,1,1,2,1,2,182,0,0,0,2,6,2.87
0,18,162,6800,0,1,2,1,2,100,0,1,0,1,5,2.59
0,21,174,12790,1,1,3,3,2,170,0,1,56,1,4,4.22
0,26,162,11081,1,1,3,3,2,270,0,0,22,1,4,4.22
1,19,170,8000,1,0,2,3,1,200,0,2,60,2,6,2.77
0,26,164,11126,1,1,3,3,2,286,0,0,35,1,4,4.14
1,24,176,12106,1,1,3,3,2,136,0,1,7,1,3,3.91
1,21,167,9000,1,1,2,3,0,300,0,0,60,1,2,3.23
1,17,170,8400,1,1,2,3,1,200,0,1,120,0,6,2.91
1,36,174,7500,0,0,3,3,2,200,0,3,0,2,5,2.48
0,19,164,4900,0,0,2,3,2,200,0,2,60,1,0,1.82
1,25,184,11775,1,1,1,3,2,200,0,0,1,1,3,3.48
0,20,174,12985,1,1,3,3,2,165,0,1,51,1,4,4.29
1,19,180,8500,1,1,3,3,2,200,0,2,0,1,5,2.62
0,26,153,7100,1,0,2,3,1,200,0,0,0,1,6,3.03
1,33,169,10301,1,1,2,2,2,102,0,1,60,2,3,3.61
0,26,164,11194,1,1,3,3,2,272,0,0,9,1,4,4.16
0,23,165,8000,1,1,2,3,2,200,0,0,120,1,6,2.94
1,21,180,6800,0,0,3,3,2,300,0,1,0,1,1,2.1
0,37,156,8000,1,1,2,1,2,145,0,1,0,1,2,3.29
0,22,160,8200,1,1,2,1,2,200,0,1,0,2,2,3.2
1,24,176,11738,1,1,2,2,2,200,0,1,37,1,3,3.79
1,21,172,7000,0,1,3,3,0,200,0,2,0,1,5,2.37
0,18,170,5000,1,0,3,3,2,200,0,0,60,1,1,1.73
1,22,171,9527,1,1,1,3,2,200,0,2,60,1,2,3.26
0,38,174,7900,1,0,3,1,2,100,0,0,0,1,5,2.61
0,17,157,5300,0,1,1,3,2,200,0,0,60,2,1,2.15
1,22,173,9694,1,1,2,2,2,265,0,1,80,2,2,3.24
0,20,168,5569,0,1,2,3,1,133,0,0,4,1,0,1.97
1,22,162,7000,0,1,2,1,3,200,0,0,0,1,5,2.67
0,21,173,7866,1,1,2,2,2,277,0,2,48,1,5,2.63
0,23,163,6000,1,1,3,3,2,200,0,0,0,1,1,2.26
0,37,150,8000,1,1,2,1,2,167,0,0,0,2,6,3.56
1,18,172,5251,1,1,2,3,2,203,0,0,113,2,0,1.77
0,18,170,5000,0,1,1,3,2,100,0,1,60,1,0,1.73
1,25,178,11413,1,1,2,3,2,211,0,1,40,1,3,3.6
0,18,153,5100,0,1,2,3,2,300,0,1,0,1,1,2.18
1,25,177,10596,1,1,3,3,2,281,0,0,31,1,2,3.38
1,33,180,9100,0,1,2,3,2,200,0,1,0,1,6,2.81
1,18,184,10919,1,1,2,1,2,288,0,0,0,2,2,3.23
1,21,164,8847,1,1,2,1,2,200,0,0,91,2,2,3.29
1,24,169,9970,1,1,2,3,2,100,0,1,2,2,3,3.49
0,22,174,5365,1,1,2,3,2,200,0,2,52,2,0,1.77
1,34,175,8500,0,1,2,3,1,300,0,3,0,2,1,2.78
0,23,162,8241,1,1,2,3,2,216,0,0,17,1,2,3.14
0,38,157,7797,1,1,2,3,2,129,0,0,0,1,2,3.16
0,19,164,4900,1,1,2,3,2,200,1,0,120,1,0,1.82
0,29,162,7178,1,1,1,3,2,108,0,1,0,1,5,2.74
0,37,151,7666,1,1,2,3,2,177,0,0,0,1,2,3.36
1,33,166,10360,1,1,2,2,2,100,0,1,0,1,3,3.76
1,34,178,8656,1,1,2,2,2,200,0,0,0,1,6,2.73
1,21,183,9694,1,1,2,3,2,200,0,2,60,2,2,2.89
1,33,185,9700,1,1,2,3,2,300,0,2,0,1,6,2.83
0,19,153,4200,0,1,2,1,1,100,0,0,47,1,0,1.79
0,35,168,7800,1,1,3,3,1,100,0,1,0,1,6,2.76
1,29,184,12165,1,1,2,3,2,243,0,1,0,1,3,3.59
1,19,173,8500,1,1,2,3,2,300,0,2,0,1,5,2.84
0,25,168,10495,1,1,3,3,2,100,0,0,55,1,4,3.72
1,18,185,5000,1,1,3,4,1,200,0,1,120,2,0,1.46
0,21,165,5500,1,1,3,3,2,100,0,1,60,2,1,2.02
1,29,188,12915,1,1,2,3,2,103,0,1,0,1,3,3.65
1,21,162,5800,0,1,2,3,2,200,0,0,60,1,1,2.21
0,25,165,11092,1,1,3,3,2,263,0,0,43,1,4,4.07
0,22,148,6137,1,1,2,3,2,127,0,1,0,2,0,2.8
0,26,162,11082,1,1,3,3,2,163,0,0,16,1,4,4.22
1,25,177,11553,1,1,1,3,2,211,0,1,19,1,3,3.69
1,18,180,5000,1,1,2,3,2,200,0,1,60,1,0,1.54
1,21,175,12500,1,1,2,3,2,300,0,1,60,1,3,4.08
0,19,180,15247,1,1,3,3,2,279,0,1,37,1,4,4.71
0,22,165,8000,1,1,2,3,2,200,0,1,120,1,6,2.94
0,19,171,4994,0,1,3,3,2,149,0,2,71,1,0,1.71
1,22,185,7500,1,1,2,3,2,100,0,1,0,1,1,2.19
1,21,170,7500,1,1,2,3,2,161,0,1,0,1,5,2.6
1,17,185,8609,1,1,2,3,2,100,0,1,9,2,5,2.52
0,18,170,5000,0,1,3,3,1,100,0,2,60,1,0,1.73
0,19,164,4960,0,1,2,3,2,143,0,2,60,1,0,1.84
1,20,170,8300,1,1,2,3,1,100,0,1,60,0,6,2.87
1,22,166,9844,1,1,2,1,2,200,0,0,26,2,2,3.57
0,23,162,5800,1,0,2,3,2,100,0,0,0,1,1,2.21
1,22,176,11616,1,1,1,3,2,200,0,1,60,1,3,3.75
0,26,164,10687,1,1,3,3,2,286,0,0,24,1,4,3.97
1,25,182,11833,1,1,2,2,2,183,0,1,0,1,3,3.57
0,26,164,10482,1,1,3,3,2,265,0,0,15,1,4,3.9
0,26,165,11194,1,1,3,3,2,261,0,0,32,1,4,4.11
1,18,165,8696,1,1,2,3,2,100,0,1,10,2,6,3.19
1,19,169,7500,1,1,2,3,2,177,0,0,50,1,5,2.63
1,19,170,7500,1,1,2,3,2,200,0,3,60,1,5,2.6
1,18,171,5158,1,1,2,3,2,200,0,0,84,1,0,1.76
0,21,171,13374,1,1,3,3,2,284,0,1,49,1,4,4.57
0,21,158,4900,1,1,2,3,2,200,0,2,60,2,0,1.96
0,26,163,11126,1,1,3,3,2,262,0,0,13,1,4,4.19
0,19,160,4500,0,0,3,3,1,276,1,1,0,1,0,1.76
1,22,182,12120,1,1,2,1,2,200,0,1,93,2,3,3.66
0,19,171,4902,1,1,3,3,2,103,0,1,56,2,0,1.68
1,31,168,9149,1,1,2,2,2,113,0,0,6,1,2,3.24
1,18,179,9000,1,1,2,3,2,300,0,1,60,2,2,2.81
1,21,175,7500,1,1,2,3,2,200,0,3,0,1,1,2.45
0,20,159,4466,0,0,2,2,1,189,0,0,0,2,0,1.77
0,29,163,7100,0,1,2,3,2,100,0,1,0,0,5,2.67
1,16,165,6400,0,0,3,4,2,200,0,1,60,1,1,2.35
1,21,172,7500,0,0,2,1,1,300,1,1,60,1,5,2.54
0,25,164,11092,1,1,3,3,2,247,0,0,34,1,4,4.12
0,40,155,8000,1,1,2,3,2,100,0,0,0,2,2,3.33
1,18,162,5500,0,1,2,3,2,200,0,1,0,1,1,2.1
0,21,165,6000,1,1,3,1,2,200,0,0,0,2,1,2.2
0,19,159,4700,1,0,3,3,2,200,1,2,60,1,1,1.86
1,29,168,9363,1,1,2,3,2,138,0,0,0,1,2,3.32
1,31,177,12039,1,1,2,3,2,215,0,0,94,1,3,3.84
0,20,171,13187,1,1,3,3,2,185,0,1,49,1,4,4.51
0,22,163,4800,1,1,3,3,1,200,0,2,60,2,1,1.81
1,30,170,10208,1,1,2,3,2,100,0,0,95,2,3,3.53
1,29,177,12986,1,1,2,3,2,199,0,1,0,1,3,4.15
0,26,166,11201,1,1,3,3,2,106,0,0,8,1,4,4.06
1,29,178,6000,1,1,2,3,1,300,0,2,0,1,1,1.89
1,27,179,12034,1,1,2,3,2,253,0,1,38,1,3,3.76
0,19,174,13388,1,1,3,3,2,241,0,1,25,1,4,4.42
1,33,180,9792,1,1,2,1,2,200,0,1,0,1,6,3.02
0,26,164,11189,1,1,3,3,2,270,0,0,16,1,4,4.16
0,21,162,6800,1,1,2,1,3,200,0,1,0,1,5,2.59
1,23,184,9795,1,1,2,3,2,300,0,2,60,2,2,2.89
1,21,166,7000,1,1,2,3,2,100,0,1,60,1,1,2.54
0,25,163,10498,1,1,3,3,2,161,0,0,32,1,4,3.95
1,22,173,8925,1,1,2,3,2,183,0,0,60,1,6,2.98
0,26,164,11121,1,1,3,3,2,247,0,0,50,1,4,4.13
0,20,165,6200,1,1,3,1,2,100,0,0,60,1,1,2.28
1,25,184,11775,1,1,2,3,2,200,0,1,0,1,3,3.48
1,23,171,8000,1,1,2,3,2,200,0,1,85,2,6,2.74
1,25,177,11323,1,1,2,3,2,215,0,1,9,1,3,3.61
1,21,175,8000,1,1,3,3,2,200,0,0,60,1,6,2.61
1,30,175,11833,1,1,2,3,2,197,0,0,73,1,3,3.86
1,26,176,12008,1,1,2,3,2,189,0,0,7,1,3,3.88
0,18,156,4800,0,1,3,3,2,200,0,0,120,0,1,1.97
1,25,173,9960,1,1,3,1,2,100,0,0,104,2,3,3.33
1,34,184,9269,1,1,2,1,2,265,0,1,4,1,6,2.74
0,25,162,10483,1,1,3,3,2,255,0,0,37,1,4,3.99
0,26,164,11192,1,1,3,3,2,260,0,0,14,1,4,4.16
0,26,162,10998,1,1,3,3,2,260,0,0,22,1,4,4.19
0,18,160,6822,0,1,1,1,2,200,0,0,28,1,5,2.66
0,25,163,10252,1,1,3,3,2,102,0,0,27,1,4,3.86
0,18,160,6881,1,0,1,1,2,200,0,2,40,1,6,2.69
1,21,169,9500,1,1,2,3,2,300,0,2,120,1,2,3.33
1,19,183,7000,1,1,3,3,1,200,0,3,0,1,1,2.09
1,17,170,8300,1,1,2,3,2,200,0,1,60,1,6,2.87
0,21,193,9400,1,1,3,3,2,300,0,0,60,1,2,2.52
0,26,169,8000,0,1,2,3,1,200,0,3,0,1,1,2.8
1,27,175,9900,1,1,2,3,2,100,0,1,60,1,3,3.23
0,23,160,8171,1,1,2,1,2,163,0,0,0,2,2,3.19
0,18,160,8300,1,1,2,1,2,300,0,1,0,1,2,3.24
1,26,184,12064,1,1,2,3,2,215,0,1,1,1,3,3.56
1,30,175,12042,1,1,2,3,2,253,0,1,23,1,3,3.93
0,25,161,10496,1,1,3,3,2,101,0,0,39,1,4,4.05
0,21,159,4481,0,0,3,1,1,100,1,0,0,2,0,1.77
1,31,180,10513,1,1,2,2,2,219,0,1,50,1,2,3.24
0,23,150,6481,1,0,1,2,2,200,0,0,53,2,6,2.88
1,18,177,11616,1,1,1,3,2,252,0,0,60,1,2,3.71
1,18,178,5100,1,1,2,3,1,100,0,1,60,1,0,1.61
0,21,168,5000,0,1,2,1,2,100,0,1,60,1,0,1.77
1,22,162,9418,1,1,2,1,2,200,0,0,120,2,2,3.59
1,22,180,10603,1,1,2,2,2,250,0,0,11,2,3,3.27
1,17,178,5551,1,1,2,3,2,200,0,0,60,2,0,1.75
0,21,156,6100,1,1,3,3,2,200,0,0,60,2,1,2.51
1,23,172,8300,1,0,2,3,2,200,0,1,60,1,6,2.81
0,18,173,5047,0,1,2,3,2,153,0,0,60,1,0,1.69
1,21,170,7597,1,1,2,3,2,179,0,0,111,1,5,2.63
0,23,160,5300,0,1,2,3,2,200,0,1,60,1,1,2.07
1,18,185,6000,1,1,2,3,2,200,0,1,0,2,1,1.75
1,21,171,7500,1,1,2,3,1,300,0,1,0,1,5,2.56
1,19,181,8999,1,1,1,2,2,200,0,0,0,1,6,2.75
0,21,150,6359,1,0,2,1,2,200,0,2,118,2,6,2.83
1,18,171,5233,1,1,2,3,2,200,0,0,90,2,0,1.79
1,21,171,8093,1,1,2,3,2,200,0,0,76,2,6,2.77
0,21,170,7800,1,1,2,3,2,200,0,2,60,1,6,2.7
1,25,186,11542,1,1,1,3,2,215,0,1,62,1,3,3.34
1,17,185,5700,0,1,3,3,2,200,0,2,60,2,1,1.67
1,19,167,4960,0,0,2,3,3,100,0,2,60,1,0,1.78
1,22,179,10542,1,1,3,3,2,215,0,0,65,1,2,3.29
1,19,169,7500,1,1,2,3,2,220,1,1,80,1,5,2.63
0,21,173,13361,1,1,3,3,2,154,0,1,53,1,4,4.46
1,21,175,6700,0,1,2,3,2,300,0,3,60,1,1,2.19
1,18,184,6000,1,1,3,3,2,200,1,2,60,1,0,1.77
1,19,167,8000,1,0,3,3,1,200,0,1,60,2,6,2.87
1,21,175,8812,1,1,2,1,2,204,0,1,0,1,6,2.88
1,22,178,10549,1,1,2,1,2,200,0,0,37,1,2,3.33
1,29,185,8860,1,1,2,1,2,208,0,2,44,1,5,2.59
0,18,160,6800,0,1,3,1,2,100,0,1,0,1,5,2.66
1,21,170,6400,1,1,1,3,2,100,0,1,60,1,1,2.21
0,19,166,4955,0,1,1,3,2,169,0,2,60,1,0,1.8
0,25,162,10287,1,1,3,3,2,103,0,0,56,1,4,3.92
0,21,164,5000,0,0,2,3,2,100,0,3,60,1,1,1.86
0,34,150,7969,1,1,2,1,2,100,0,0,86,2,6,3.54
0,18,163,12649,1,1,3,3,2,195,0,0,16,1,4,4.76
0,19,156,4836,1,1,2,3,2,100,0,1,0,1,1,1.99
1,25,177,11447,1,1,1,3,2,209,0,1,44,1,3,3.65
0,22,163,8241,1,1,2,2,2,213,0,0,0,2,2,3.1
1,19,172,7800,1,0,2,3,2,200,0,1,60,1,6,2.64
1,24,164,9825,1,1,2,3,2,276,0,1,40,2,2,3.65
0,25,166,10477,1,1,3,3,2,117,0,0,34,1,4,3.8
1,17,184,5896,1,1,2,3,2,200,0,2,47,2,0,1.74
1,38,178,7500,1,1,2,3,2,100,0,2,0,1,5,2.37
0,25,162,10479,1,1,3,3,2,235,0,0,5,1,4,3.99
0,26,164,11182,1,1,3,3,2,269,0,0,45,1,4,4.16
1,17,171,8583,1,1,2,2,2,243,0,1,56,1,6,2.94
0,26,163,11157,1,1,3,3,2,251,0,0,31,1,4,4.2
1,27,182,7100,1,0,2,3,2,200,0,1,0,1,1,2.14
1,21,167,6700,1,1,2,3,2,200,0,1,60,1,1,2.4
0,18,160,5300,0,1,3,4,1,100,0,2,60,1,1,2.07
1,21,170,9908,1,1,2,1,2,194,0,0,100,2,2,3.43
1,20,186,12506,1,1,2,3,2,152,0,0,13,1,3,3.61
1,29,178,10801,1,1,2,2,2,196,0,1,67,2,2,3.41
0,18,168,9000,1,1,2,3,2,182,0,1,0,2,2,3.19
0,18,158,5300,0,1,2,1,2,100,0,1,0,1,5,2.12
1,33,179,9673,1,1,2,2,2,100,0,1,58,1,6,3.02
0,16,179,4408,0,1,3,3,2,270,0,0,0,1,0,1.38
1,23,187,6700,0,0,2,3,2,100,0,2,60,2,1,1.92
0,19,170,5008,1,1,1,3,1,160,0,1,60,1,0,1.73
1,22,165,9500,0,1,2,3,2,300,0,0,60,2,2,3.49
1,18,183,5300,0,1,2,4,1,200,0,1,60,1,0,1.58
1,23,177,11908,1,1,2,2,2,201,0,1,2,1,3,3.8
0,24,165,7709,1,1,3,2,2,100,0,1,0,1,6,2.83
1,23,187,12186,1,1,2,2,2,250,0,1,0,1,3,3.48
0,16,166,6700,1,1,1,1,2,100,0,1,60,1,5,2.43
1,24,170,9092,1,1,1,3,2,200,0,0,50,1,2,3.15
1,24,172,8500,1,1,2,3,2,208,0,1,5,1,6,2.87
0,26,162,10543,1,1,3,3,2,268,0,0,48,1,4,4.02
1,21,170,6600,0,1,3,3,2,200,0,0,120,1,1,2.28
1,25,177,11400,1,1,1,3,2,200,0,1,0,1,3,3.64
1,18,166,6000,0,1,3,3,2,100,0,0,60,2,1,2.18
0,21,174,13233,1,1,3,3,2,162,0,1,54,1,4,4.37
1,19,180,7900,1,1,2,3,2,200,0,1,60,2,1,2.44
0,29,160,6900,0,0,3,3,2,200,0,0,0,2,5,2.7
0,21,176,5000,1,1,3,3,1,220,0,1,7,1,0,1.61
0,18,164,8478,1,1,2,3,2,125,0,1,60,2,2,3.15
1,22,186,12165,1,1,3,3,2,272,0,1,0,1,3,3.52
0,18,174,13366,1,1,3,3,2,290,0,1,37,1,4,4.41
1,38,175,8000,0,0,2,3,2,200,0,0,120,2,5,2.61
1,21,175,7900,1,1,2,3,1,200,0,2,0,2,5,2.58
0,26,162,11193,1,1,3,3,2,268,0,0,4,1,4,4.26
1,21,172,7000,0,1,3,3,2,200,0,3,0,2,1,2.37
0,23,163,6000,1,1,2,3,2,200,0,1,0,2,1,2.26
1,19,179,6400,1,1,3,3,1,200,0,2,60,2,1,2.0
0,21,173,13373,1,1,3,3,2,133,0,1,45,1,4,4.47
0,24,155,6300,1,1,2,3,2,200,0,3,0,2,1,2.62
0,19,167,4966,1,1,2,3,2,200,0,2,62,2,0,1.78
0,20,180,15237,1,1,3,3,2,236,0,0,55,1,4,4.7
1,19,170,7800,1,0,2,3,2,300,0,2,60,2,6,2.7
0,21,173,13347,1,1,3,3,2,286,0,1,42,1,4,4.46
0,26,164,11193,1,1,3,3,2,289,0,0,5,1,4,4.16
0,17,157,5700,0,1,1,3,2,200,0,2,60,1,1,2.31
1,37,175,11820,1,1,2,3,2,198,0,0,0,1,3,3.86
1,18,170,5016,1,1,1,3,2,204,0,0,95,1,0,1.74
1,24,175,11201,1,1,1,3,2,200,0,1,20,1,3,3.66
0,21,175,13388,1,1,3,3,2,284,0,1,37,1,4,4.37
0,43,159,7735,1,1,2,3,2,100,0,0,0,2,2,3.06
1,21,169,7000,1,1,2,3,3,200,0,3,0,1,5,2.45
0,34,170,7393,0,1,3,1,2,200,0,2,60,1,5,2.56
1,21,178,10525,1,1,2,3,2,300,0,0,0,1,2,3.32
0,20,174,13140,1,1,3,3,2,247,0,1,26,1,4,4.34
0,19,152,4200,0,1,3,1,2,100,0,0,0,1,0,1.82
1,22,173,8227,1,1,2,1,2,200,0,0,80,1,6,2.75
0,22,157,5500,0,1,2,3,3,200,0,2,0,2,1,2.23
0,24,168,11447,1,1,3,3,2,272,0,0,35,1,4,4.06
0,22,175,9389,1,1,2,3,2,200,0,0,81,1,2,3.07
0,18,156,5000,1,1,2,3,2,200,0,0,60,1,1,2.05
0,33,165,7800,1,1,2,3,2,100,0,1,0,2,6,2.87
0,22,164,11327,1,1,3,3,2,283,0,0,37,1,4,4.21
0,21,180,13785,1,1,3,3,2,281,0,1,56,1,4,4.25
0,16,171,5000,1,1,2,3,2,100,0,0,7,1,0,1.71
1,22,191,12131,1,1,2,3,2,145,0,0,0,2,3,3.33
0,25,153,10236,1,1,3,3,2,103,0,0,32,1,4,4.37
1,21,165,8812,1,1,2,1,2,300,0,1,60,1,6,3.24
0,18,166,6000,1,1,2,3,2,100,0,1,60,1,1,2.18
0,40,156,8102,1,1,2,3,2,100,0,1,0,2,2,3.33
0,16,155,4500,0,1,3,3,1,200,0,1,60,2,1,1.87
1,30,168,8975,1,1,1,2,2,112,0,0,56,1,6,3.18
0,18,162,6800,1,1,2,3,2,100,0,1,120,2,5,2.59
0,20,170,7800,0,1,3,3,2,100,0,2,0,0,6,2.7
0,27,163,7800,1,1,3,1,0,300,0,0,0,2,6,2.94
0,21,150,4200,0,1,3,1,1,100,0,0,60,1,0,1.87
0,18,180,15239,1,1,3,3,2,268,0,1,50,1,4,4.7
1,30,176,12054,1,1,2,3,2,202,0,1,0,1,3,3.89
0,26,163,11193,1,1,3,3,2,274,0,0,15,1,4,4.21
0,23,150,5000,0,1,3,3,1,200,0,2,0,1,0,2.22
1,18,171,8624,1,1,2,3,2,195,0,0,60,1,6,2.95
0,19,173,4967,0,0,2,3,1,200,0,2,60,1,0,1.66
1,18,175,5144,0,1,2,3,2,181,0,1,106,1,0,1.68
0,19,160,5600,1,1,2,3,2,200,0,1,60,2,1,2.19
1,25,185,10710,1,1,2,3,2,245,0,1,0,1,2,3.13
1,32,170,7400,0,1,2,3,1,100,0,1,0,1,5,2.56
0,18,154,5300,0,1,3,3,2,200,0,3,60,2,1,2.23
0,17,160,4500,0,1,3,3,2,100,0,1,60,1,1,1.76
0,18,171,7100,1,1,3,3,2,200,0,2,60,1,1,2.43
1,23,176,8341,1,1,2,3,2,285,0,2,15,2,6,2.69
0,24,173,13316,1,1,3,3,2,286,0,1,55,1,4,4.45
1,25,169,11433,1,1,2,1,2,201,0,1,113,1,2,4.0
0,26,167,10990,1,1,3,3,2,268,0,0,26,1,4,3.94
0,21,152,4200,0,1,3,1,2,100,0,0,0,2,0,1.82
0,19,160,7800,0,1,2,3,2,100,0,1,0,2,6,3.05
1,23,174,7000,1,1,2,3,2,200,0,3,0,0,1,2.31
1,33,182,8785,1,1,2,1,2,300,0,2,0,1,5,2.65
0,19,153,4200,0,1,3,1,1,159,0,0,27,1,0,1.79
1,23,176,11746,1,1,2,2,2,183,0,0,0,1,3,3.79
1,26,186,12042,1,1,2,3,2,208,0,0,37,1,3,3.48
0,20,165,6000,1,1,2,3,2,100,1,0,0,1,1,2.2
1,25,190,12934,1,1,2,2,2,101,0,1,0,1,3,3.58
1,21,173,8000,1,1,2,2,2,175,0,0,76,2,6,2.67
1,21,160,7000,0,1,2,3,3,300,0,1,0,1,5,2.73
1,27,165,9981,1,1,3,3,2,215,0,1,84,2,3,3.67
1,19,170,6500,0,1,3,3,1,100,0,1,60,1,1,2.25
1,17,171,5028,1,1,2,3,2,200,0,1,120,2,0,1.72
1,29,191,12901,1,1,2,3,2,137,0,1,0,1,3,3.54
1,19,180,8700,1,1,2,3,0,200,1,3,60,1,5,2.69
1,17,175,5858,1,1,3,4,2,200,0,2,0,2,0,1.91
1,22,181,10668,1,1,2,3,2,285,0,0,120,1,2,3.26
1,31,175,11944,1,1,2,3,2,201,0,0,40,1,3,3.9
1,24,170,8315,1,1,2,1,2,100,0,0,0,2,6,2.88
0,18,153,4166,0,1,2,1,2,124,0,0,47,1,0,1.78
0,19,162,8222,1,1,2,3,2,114,0,1,56,2,2,3.13
1,18,170,6500,0,1,2,3,1,200,0,0,60,1,1,2.25
1,27,183,9795,1,1,2,2,2,174,0,1,39,1,6,2.92
0,23,160,5300,1,0,3,3,2,200,0,0,60,2,1,2.07
1,21,165,6500,1,1,2,3,2,100,0,1,60,1,1,2.39
0,18,163,5600,1,1,2,1,2,200,0,0,120,2,1,2.11
1,21,165,8999,1,1,2,2,2,196,0,0,60,1,6,3.31
0,18,175,7969,1,1,2,1,2,100,0,1,101,1,5,2.6
1,23,173,9342,1,1,2,3,2,124,0,0,60,2,2,3.12
0,21,172,13140,1,1,3,3,2,195,0,1,55,1,4,4.44
1,29,185,8986,1,1,2,3,2,213,0,2,0,1,5,2.63
0,21,174,13387,1,1,3,3,2,191,0,1,55,1,4,4.42
0,25,167,10492,1,1,3,3,2,184,0,0,32,1,4,3.76
1,35,180,8500,1,1,3,3,1,200,1,1,0,1,5,2.62
0,25,162,10483,1,1,3,3,2,255,0,0,29,1,4,3.99
1,24,170,10000,1,1,2,1,2,100,0,1,60,2,3,3.46
0,18,174,13361,1,1,3,3,2,268,0,1,37,1,4,4.41
0,25,161,10208,1,1,3,3,2,101,0,0,33,1,4,3.94
0,22,170,8000,1,1,3,3,1,200,0,2,60,0,6,2.77
1,20,189,6650,0,1,2,3,2,200,0,3,60,2,1,1.86
1,22,180,6500,0,1,2,3,2,100,0,1,60,1,1,2.01
0,19,155,6263,0,1,2,2,2,265,0,0,38,1,5,2.61
0,22,164,8813,1,1,2,1,2,200,0,0,0,2,6,3.28
1,19,181,7600,1,1,2,3,2,100,0,2,60,1,1,2.32
1,18,178,10872,1,1,2,1,2,253,0,1,95,2,2,3.43
1,17,174,6400,0,0,3,4,1,200,0,3,0,1,1,2.11
1,37,176,11853,1,1,2,2,2,189,0,0,0,1,3,3.83
1,21,167,6200,0,0,3,4,1,200,0,1,0,1,1,2.22
1,23,170,8315,1,1,2,2,2,118,0,0,60,1,6,2.88
0,19,170,5000,0,1,3,4,1,100,0,2,60,1,0,1.73
0,23,164,5380,0,1,2,3,2,100,0,0,60,1,1,2.0
1,23,170,8300,1,1,3,3,2,300,0,3,0,1,6,2.87
0,20,165,8000,1,0,2,1,2,200,0,1,0,1,6,2.94
0,25,162,10993,1,1,3,3,2,106,0,0,26,1,4,4.19
0,17,158,4336,0,1,2,3,2,291,0,2,82,1,0,1.74
0,18,164,5800,0,1,2,3,2,200,0,1,0,2,1,2.16
1,31,184,12511,1,1,2,3,2,149,0,0,87,1,3,3.7
1,27,187,11816,1,1,2,3,2,200,0,0,0,1,3,3.38
1,17,182,5779,1,1,2,3,2,200,0,0,86,2,0,1.74
0,19,171,13347,1,1,3,3,2,286,0,1,42,1,4,4.56
1,23,170,8398,1,1,2,2,2,245,0,0,0,2,6,2.91
1,33,183,11300,1,1,2,1,2,200,0,1,0,1,3,3.37
1,21,182,5800,1,1,2,4,1,300,0,2,0,1,0,1.75
0,21,173,5369,1,1,3,3,1,178,0,1,0,2,0,1.79
1,25,176,11274,1,1,1,3,2,200,0,1,9,1,3,3.64
0,39,158,8339,1,1,2,1,2,216,0,2,0,2,2,3.34
0,25,162,10483,1,1,3,3,2,256,0,0,35,1,4,3.99
0,34,168,8400,1,1,3,3,1,300,0,1,0,1,6,2.98
1,21,175,7300,0,1,3,3,1,200,0,3,0,1,1,2.38
1,21,160,5300,0,1,2,3,1,200,0,1,0,1,1,2.07
1,23,172,9529,1,1,2,3,2,200,0,0,58,1,6,3.22
1,17,184,5989,1,1,2,4,2,170,0,2,4,2,0,1.77
0,21,172,13152,1,1,3,3,2,124,0,1,55,1,4,4.45
0,38,155,5900,0,1,2,3,1,200,0,0,60,1,1,2.46
0,21,152,4400,0,0,2,3,1,195,0,1,0,2,0,1.9
1,22,184,12131,1,1,3,2,2,187,0,1,0,1,3,3.58
0,25,164,10483,1,1,3,3,2,148,0,0,12,1,4,3.9
1,30,175,12000,1,1,2,3,2,216,0,1,0,1,3,3.92
1,23,179,10502,1,1,2,3,2,250,0,0,40,1,2,3.28
1,18,175,8000,1,1,2,1,2,200,0,0,39,2,5,2.61
0,17,160,6500,1,1,3,1,2,200,1,1,60,2,5,2.54
1,22,176,5205,1,1,2,3,1,295,0,0,4,2,0,1.68
1,24,175,12000,1,1,2,3,2,200,0,2,60,1,3,3.92
1,23,165,7500,1,1,3,3,0,200,1,0,0,1,2,2.75
1,30,172,12506,1,1,2,3,2,181,0,0,24,1,3,4.23
1,19,172,7000,1,0,3,3,2,200,0,1,0,1,1,2.37
1,21,165,8812,1,1,2,2,2,287,0,1,0,1,6,3.24
1,30,165,10259,1,1,2,2,2,185,0,1,0,2,3,3.77
1,18,176,11800,1,1,3,3,2,200,0,1,60,2,3,3.81
0,37,169,8000,1,1,2,1,2,163,0,0,0,1,5,2.8
1,21,171,7548,1,1,3,3,2,300,1,1,0,0,5,2.58
1,23,184,12178,1,1,2,2,2,200,0,0,43,1,3,3.6
1,33,180,9700,1,1,2,3,2,200,0,1,0,1,6,2.99
0,25,168,10498,1,1,3,3,2,252,0,0,26,1,4,3.72
1,34,180,9700,1,1,2,3,2,300,0,1,0,2,6,2.99
1,23,177,10500,0,0,3,3,2,300,0,3,120,1,2,3.35
0,20,174,13374,1,1,3,3,2,132,0,1,55,1,4,4.42
0,26,163,11188,1,1,3,3,2,261,0,0,7,1,4,4.21
1,20,180,8507,1,1,2,3,2,253,0,0,60,1,5,2.63
1,22,184,8980,1,1,2,1,2,200,0,0,0,1,6,2.65
1,22,181,12186,1,1,3,2,2,122,0,0,0,1,3,3.72
0,33,165,7700,1,1,3,3,2,200,0,1,0,2,6,2.83
0,43,158,8191,1,1,2,1,2,255,0,0,0,2,5,3.28
1,23,170,7000,1,1,2,3,2,200,0,1,60,1,1,2.42
0,21,173,13395,1,1,3,3,2,286,0,1,52,1,4,4.48
0,21,168,4500,0,0,3,3,1,200,1,0,0,2,0,1.59
1,32,168,9000,1,1,2,1,2,100,0,0,42,1,6,3.19
0,18,174,13387,1,1,3,3,2,288,0,1,52,1,4,4.42
0,30,169,7800,1,0,2,3,2,100,0,0,78,2,6,2.73
1,18,172,5028,1,1,2,3,2,196,0,2,60,1,0,1.7
0,22,162,8200,1,1,1,1,2,200,0,0,106,1,2,3.12
1,30,186,12372,1,1,2,3,2,229,0,0,0,1,3,3.58
1,22,180,7200,1,1,3,3,2,200,0,3,0,1,1,2.22
1,19,179,8530,1,1,2,3,2,300,0,1,0,1,5,2.66
0,21,177,13396,1,1,3,3,2,282,0,1,50,1,4,4.28
0,39,153,7600,1,1,2,3,1,100,0,0,0,1,2,3.25
1,30,170,11243,1,1,1,3,2,107,0,0,103,1,3,3.89
0,23,166,6000,0,1,3,3,2,200,0,0,0,1,1,2.18
1,19,180,8500,1,1,2,3,2,200,0,1,60,1,6,2.62
1,21,178,10374,1,1,2,1,2,226,0,2,100,2,2,3.27
0,19,161,6410,0,1,2,2,2,162,1,0,0,1,5,2.47
1,30,175,11880,1,1,2,2,2,180,0,1,0,1,3,3.88
1,18,170,7800,0,1,3,1,2,200,0,1,0,1,6,2.7
0,19,172,4981,0,0,2,3,1,262,0,2,0,1,0,1.68
0,22,160,8258,1,1,2,1,2,248,0,0,120,2,2,3.23
1,23,175,11729,1,1,2,2,2,215,0,0,3,1,3,3.83
0,23,163,9300,1,1,3,1,0,200,0,0,60,1,2,3.5
0,38,150,6285,1,1,2,3,2,200,0,0,0,1,6,2.79
1,25,186,12015,1,1,2,3,2,214,0,1,0,1,3,3.47
1,30,193,10200,1,1,3,3,2,100,0,2,60,2,3,2.74
0,18,170,7000,1,1,3,4,1,300,0,1,0,1,1,2.42
1,22,172,9526,1,1,2,3,2,300,0,3,120,2,2,3.22
0,18,150,5000,1,1,2,3,1,200,0,0,120,1,1,2.22
1,20,178,13776,1,1,2,3,2,286,0,1,47,1,3,4.35
1,17,165,6000,0,1,2,3,2,200,0,3,60,1,1,2.2
1,24,187,12147,1,1,3,2,2,264,0,0,10,1,3,3.47
1,35,167,8000,1,0,2,1,2,200,0,1,0,1,6,2.87
0,19,166,4998,0,0,2,3,2,179,0,0,60,1,0,1.81
1,55,166,8072,1,1,2,2,2,200,0,1,0,2,6,2.93
0,18,174,13301,1,1,3,3,2,277,0,1,50,1,4,4.39
0,26,162,11181,1,1,3,3,2,270,0,0,7,1,4,4.26
0,26,164,10482,1,1,3,3,2,270,0,0,12,1,4,3.9
0,21,176,13387,1,1,3,3,2,282,0,1,56,1,4,4.32
0,18,170,5000,0,1,2,4,2,200,0,2,60,1,0,1.73
0,26,162,10544,1,1,3,3,2,229,0,0,33,1,4,4.02
0,20,171,11425,1,1,3,3,2,137,0,0,30,1,4,3.91
1,22,165,8000,1,1,2,2,2,300,0,1,60,2,6,2.94
0,28,159,6500,1,0,2,2,2,153,0,0,69,2,6,2.57
0,19,161,6100,1,1,3,1,1,200,0,1,60,1,1,2.35
0,19,158,4284,0,0,2,3,1,200,1,1,60,1,0,1.72
1,24,170,7500,1,1,2,3,2,200,0,0,56,2,5,2.6
0,21,162,8200,1,1,2,1,2,300,0,1,60,2,2,3.12
1,25,176,11308,1,1,1,3,2,201,0,1,0,1,3,3.65
1,19,175,7500,1,1,3,3,2,200,0,1,0,1,5,2.45
0,21,160,6500,1,0,2,3,2,300,0,3,0,1,5,2.54
1,22,175,8966,1,1,2,1,2,200,0,0,38,1,6,2.93
1,21,172,7000,0,1,2,4,2,100,0,2,0,2,1,2.37
1,32,177,12034,1,1,2,2,2,271,0,1,0,1,3,3.84
1,20,174,6400,1,1,3,3,0,200,0,0,0,2,1,2.11
0,21,152,4200,1,1,3,1,1,100,0,0,0,2,0,1.82
0,16,162,8200,1,1,2,1,2,100,0,0,104,2,2,3.12
0,18,165,8600,1,1,2,3,2,100,0,1,60,2,2,3.16
0,26,162,11188,1,1,3,3,2,261,0,0,15,1,4,4.26
0,21,171,5000,1,1,1,3,1,100,0,0,0,2,0,1.71
0,18,168,4500,0,1,3,3,2,284,1,2,4,1,0,1.59
0,23,174,13387,1,1,3,3,2,243,0,1,40,1,4,4.42
0,20,162,10479,1,1,3,3,2,251,0,1,27,1,4,3.99
1,26,190,11908,1,1,2,3,2,262,0,1,0,1,3,3.3
0,26,162,10997,1,1,3,3,2,258,0,0,27,1,4,4.19
0,23,166,8074,1,1,2,3,2,200,0,0,60,2,6,2.93
0,21,159,5300,1,1,2,3,1,200,0,2,60,2,1,2.1
0,25,162,10475,1,1,3,3,2,222,0,0,37,1,4,3.99
0,38,155,7700,1,1,2,1,2,100,0,0,0,1,2,3.2
1,17,170,5500,0,1,2,3,2,300,0,1,120,1,1,1.9
1,21,165,8000,1,1,2,3,2,300,0,2,60,2,6,2.94
0,17,173,4983,1,1,2,3,2,200,0,0,60,2,0,1.66
0,21,152,4200,0,1,3,1,1,100,0,0,0,1,0,1.82
0,25,164,10494,1,1,3,3,2,261,0,0,41,1,4,3.9
1,30,175,12002,1,1,2,3,2,104,0,1,60,1,3,3.92
1,23,175,8700,1,0,2,1,2,200,1,2,60,2,6,2.84
0,26,163,11080,1,1,3,3,2,262,0,0,16,1,4,4.17
0,22,162,8214,1,1,2,3,2,288,0,0,37,2,2,3.13
0,26,156,6000,0,1,3,3,2,200,0,0,0,1,1,2.47
0,25,161,10493,1,1,3,3,2,132,0,0,55,1,4,4.05
1,21,171,7500,1,1,3,3,1,100,1,1,0,1,5,2.56
1,17,160,5600,0,1,2,4,1,200,1,2,60,1,1,2.19
0,18,172,9106,1,1,1,3,2,104,0,0,113,1,2,3.08
1,30,168,10318,1,1,2,1,2,125,0,0,5,2,3,3.66
1,30,177,11239,1,1,1,3,2,216,0,0,76,1,3,3.59
1,18,179,8942,1,1,2,2,2,265,0,2,42,1,5,2.79
1,22,165,8942,1,1,1,3,2,200,0,0,0,1,2,3.28
0,21,174,13395,1,1,3,3,2,274,0,1,53,1,4,4.42
0,21,159,4481,0,0,2,1,1,197,0,0,0,1,0,1.77
1,24,172,9954,1,1,2,1,2,200,0,1,38,1,6,3.36
1,23,186,11765,1,1,2,2,2,200,0,0,46,1,3,3.4
0,20,168,10503,1,1,3,3,2,144,0,0,15,1,4,3.72
0,22,171,5000,1,1,2,3,1,100,0,1,0,2,0,1.71
0,21,168,12876,1,1,3,3,2,148,0,1,50,1,4,4.56
1,19,184,10430,1,1,2,3,2,231,0,2,93,2,2,3.08
0,38,168,7800,1,0,3,3,2,200,0,0,0,0,6,2.76
1,21,162,5380,0,1,2,3,2,100,0,1,60,1,1,2.05
0,21,174,13395,1,1,3,3,2,286,0,1,54,1,4,4.42
0,26,162,10998,1,1,3,3,2,277,0,0,10,1,4,4.19
1,34,178,8475,1,1,2,2,2,200,0,0,51,1,6,2.67
1,45,170,8700,0,1,3,3,2,200,0,3,0,0,6,3.01
1,18,178,10800,1,1,2,1,2,300,0,1,0,0,2,3.41
0,23,163,7800,1,1,2,3,2,200,0,0,60,0,2,2.94
1,21,172,8800,1,1,2,1,2,300,0,2,0,1,6,2.97
0,26,160,6600,1,0,3,3,2,200,0,0,0,1,5,2.58
1,23,167,6000,0,1,2,3,2,300,0,1,0,1,1,2.15
1,31,181,12317,1,1,2,2,2,100,0,1,0,1,3,3.76
0,18,162,5500,0,1,2,3,2,100,0,1,0,2,1,2.1
1,30,182,12407,1,1,2,3,2,204,0,0,33,1,3,3.75
0,20,153,7600,1,0,3,3,2,200,0,3,0,1,6,3.25
0,19,156,4500,0,0,3,3,1,100,0,1,0,1,0,1.85
1,30,175,11816,1,1,2,3,2,215,0,0,36,1,3,3.86
1,18,165,7000,1,1,2,3,1,200,0,1,60,1,1,2.57
1,23,170,8000,1,1,2,3,2,200,0,0,92,1,6,2.77
0,20,165,8000,1,0,2,3,2,200,0,2,0,2,6,2.94
0,19,160,4500,0,0,3,3,2,297,1,1,0,0,0,1.76
0,18,160,8200,1,1,3,1,2,200,0,1,0,1,2,3.2
1,33,170,8300,1,1,2,1,2,200,0,1,0,2,6,2.87
1,23,175,11908,1,1,2,3,2,292,0,0,60,1,3,3.89
1,24,175,11200,1,1,1,3,2,200,0,1,120,2,3,3.66
0,18,156,5000,1,1,2,3,2,200,1,1,60,1,1,2.05
0,23,168,6000,0,1,3,3,1,200,0,0,0,2,1,2.13
1,21,171,7000,0,0,2,3,2,200,0,1,0,1,1,2.39
0,17,152,6708,1,0,2,3,2,177,0,1,86,1,6,2.9
0,21,168,7500,1,1,3,3,2,200,0,1,0,1,5,2.66
1,21,177,7000,1,1,2,3,2,300,0,1,60,1,1,2.23
0,25,166,10483,1,1,3,3,2,115,0,0,46,1,4,3.8
1,31,170,8200,0,1,2,3,2,300,0,0,120,1,6,2.84
1,23,170,8300,1,0,2,3,2,200,0,1,60,1,6,2.87
1,18,183,6650,1,1,2,3,2,300,0,1,120,1,1,1.99
0,25,166,11228,1,1,3,3,2,286,0,1,26,1,4,4.07
0,26,164,11194,1,1,3,3,2,257,0,0,15,1,4,4.16
0,26,160,5100,1,1,3,3,2,200,0,0,0,1,1,1.99
1,23,175,11659,1,1,1,3,2,200,0,0,44,1,3,3.81
0,21,172,13347,1,1,3,3,2,288,0,1,55,1,4,4.51
1,27,181,12069,1,1,2,3,2,271,0,1,0,1,3,3.68
1,18,181,10880,1,1,2,1,2,271,0,1,7,1,2,3.32
1,24,177,10318,1,1,2,2,2,100,0,0,0,2,3,3.29
1,22,166,9418,1,1,2,2,2,200,0,0,120,2,2,3.42
1,34,174,8406,1,1,2,2,2,277,0,1,0,2,6,2.78
1,27,175,11227,1,1,2,3,2,200,0,0,111,1,3,3.67
0,25,169,10487,1,1,3,3,2,195,0,0,32,1,4,3.67
1,25,175,11512,1,1,3,3,2,211,0,1,0,1,3,3.76
0,23,170,6000,0,1,2,3,2,100,0,3,0,2,1,2.08
0,25,161,10208,1,1,3,3,2,106,0,0,35,1,4,3.94
0,21,173,16505,1,1,3,3,2,240,0,0,27,1,4,5.51
1,18,178,10800,1,1,2,3,2,300,0,2,0,1,2,3.41
0,19,164,4966,0,1,2,3,2,197,0,2,7,1,0,1.85
1,20,178,10360,1,1,2,3,2,200,0,1,0,2,2,3.27
0,19,169,4986,0,1,2,3,1,196,0,2,60,1,0,1.75
0,18,180,13803,1,1,3,3,2,269,0,1,53,1,4,4.26
1,17,180,9700,1,1,2,1,2,300,0,1,0,1,6,2.99
0,21,168,13388,1,1,3,3,2,224,0,1,50,1,4,4.74
1,21,172,6800,0,1,2,4,2,200,0,0,60,1,1,2.3
0,25,168,10477,1,1,3,3,2,149,0,0,43,1,4,3.71
1,30,184,9200,1,1,3,3,2,200,0,1,0,1,6,2.72
0,18,161,8228,1,1,2,3,2,187,0,0,16,2,2,3.17
1,17,171,5000,0,1,3,3,2,200,0,1,120,1,0,1.71
1,21,180,8500,1,1,2,3,0,300,0,1,0,1,5,2.62
0,21,174,13346,1,1,3,3,2,243,0,1,55,1,4,4.41
0,23,169,8200,1,1,2,2,2,200,0,0,22,2,6,2.87
1,25,177,11534,1,1,2,3,2,217,0,1,9,1,3,3.68
1,17,184,6000,1,0,2,3,0,200,0,1,120,2,0,1.77
0,21,159,4200,0,1,3,1,1,100,0,0,0,1,0,1.66
1,29,175,11200,1,1,2,3,2,200,0,0,60,1,3,3.66
1,28,173,7803,1,1,2,3,2,184,0,0,0,0,6,2.61
1,23,178,9526,1,1,2,3,2,300,0,3,120,2,2,3.01
0,21,174,13098,1,1,3,3,2,286,0,1,42,1,4,4.33
1,34,177,8710,0,1,2,1,2,200,0,1,0,1,5,2.78
0,22,159,4959,1,1,2,3,1,200,0,2,4,2,0,1.96
1,18,178,10825,1,1,2,2,2,261,0,0,85,2,2,3.42
0,21,171,13140,1,1,3,3,2,172,0,1,54,1,4,4.49
0,19,165,4900,1,1,3,3,2,200,0,2,60,2,0,1.8
0,26,164,11193,1,1,3,3,2,272,0,0,4,1,4,4.16
0,25,166,10494,1,1,3,3,2,265,0,0,41,1,4,3.81
1,38,170,7800,0,1,3,3,2,100,0,0,0,0,6,2.7
0,17,160,4500,0,0,3,3,2,200,1,1,0,1,0,1.76
1,22,184,12120,1,1,2,2,2,127,0,1,0,1,3,3.58
0,21,165,8800,1,1,2,3,2,300,0,3,60,2,2,3.23
1,18,175,8000,0,1,2,3,2,200,0,1,60,1,5,2.61
0,37,168,9000,1,1,2,1,2,161,0,0,0,1,2,3.19
1,22,171,5100,1,1,2,3,3,100,0,1,60,2,0,1.74
1,30,177,11840,1,1,2,2,2,100,0,0,0,1,3,3.78
0,25,162,10498,1,1,3,3,2,265,0,0,44,1,4,4.0
1,24,170,6500,1,1,2,3,2,200,0,0,60,0,1,2.25
1,17,181,5925,1,1,2,3,2,200,0,2,0,2,0,1.81
1,21,170,7500,0,1,3,3,2,100,0,1,0,2,5,2.6
1,23,176,11937,1,1,2,3,2,271,0,0,1,1,3,3.85
0,19,153,4212,0,0,3,3,1,127,0,0,44,1,0,1.8
1,20,197,5378,1,1,2,3,2,200,0,0,60,1,0,1.39
0,17,170,5000,0,1,1,4,1,100,0,2,60,1,0,1.73
0,25,163,10482,1,1,3,3,2,256,0,0,28,1,4,3.95
0,18,159,5200,1,1,3,3,1,100,0,0,120,1,0,2.06
1,29,169,8999,1,1,2,2,2,182,0,0,0,1,6,3.15
1,30,176,11200,1,1,1,3,2,200,0,0,60,2,3,3.62
1,21,158,7246,1,0,2,3,2,259,0,0,7,1,6,2.9
0,26,162,11160,1,1,3,3,2,269,0,0,10,1,4,4.25
1,25,175,11408,1,1,3,3,2,208,0,1,10,1,3,3.73
0,21,160,6500,1,1,3,3,2,200,1,0,0,1,5,2.54
1,20,180,10477,1,1,2,1,2,300,0,0,104,2,2,3.23
1,21,186,11659,1,1,2,3,2,200,0,1,1,1,3,3.37
0,21,174,13395,1,1,3,3,2,271,0,1,49,1,4,4.42
1,20,181,8522,1,1,2,3,2,285,0,1,0,1,5,2.6
1,25,170,10427,1,1,2,1,2,100,0,0,0,2,3,3.61
0,21,178,13776,1,1,3,3,2,283,0,1,55,1,4,4.35
1,21,172,8000,1,1,2,2,2,280,0,1,60,1,6,2.7
0,21,163,7899,1,1,2,1,2,200,0,0,0,2,2,2.97
1,21,170,7500,1,0,2,3,2,300,0,1,60,1,5,2.6
0,31,167,7181,1,1,2,2,2,179,0,0,90,1,5,2.57
0,25,166,10794,1,1,3,3,2,277,0,0,53,1,4,3.92
1,29,185,9700,1,1,2,3,2,300,0,1,0,1,6,2.83
0,21,174,13569,1,1,3,3,2,247,0,1,54,1,4,4.48
1,17,170,8500,1,1,3,3,2,200,0,3,60,1,6,2.94
0,26,164,11189,1,1,3,3,2,272,0,0,7,1,4,4.16
1,22,177,12124,1,1,2,3,2,262,0,0,0,1,3,3.87
1,26,183,11962,1,1,2,3,2,217,0,0,0,1,3,3.57
0,21,172,13226,1,1,3,3,2,285,0,1,52,1,4,4.47
1,17,179,5602,1,1,2,4,2,200,0,2,111,2,0,1.75
1,22,170,7500,1,1,2,3,2,196,0,1,0,1,5,2.6
1,23,177,8128,1,1,2,2,2,181,0,0,0,1,6,2.59
0,38,168,7800,1,1,2,3,2,265,0,0,0,1,6,2.76
0,32,171,7843,1,1,2,3,2,183,0,0,0,0,6,2.68
0,18,162,6800,1,1,2,1,2,200,0,1,60,1,5,2.59
1,30,184,12064,1,1,2,3,2,204,0,0,71,1,3,3.56
0,23,166,6000,1,0,3,4,1,200,0,0,0,0,1,2.18
0,26,163,11071,1,1,3,3,2,260,0,0,23,1,4,4.17
0,41,157,8000,1,1,2,1,0,300,0,2,0,1,2,3.25
0,21,167,7800,0,1,2,1,1,300,0,1,0,1,6,2.8
0,26,163,6300,0,1,2,1,2,200,0,1,0,1,1,2.37
0,39,167,7800,1,0,2,3,2,219,0,0,0,2,6,2.8
1,20,170,7200,1,1,3,3,2,200,0,1,60,1,1,2.49
0,25,166,10475,1,1,3,3,2,141,0,0,49,1,4,3.8
0,23,165,8000,1,1,2,1,0,200,0,2,60,2,2,2.94
1,23,176,11840,1,1,2,3,2,200,0,0,0,1,3,3.82
0,23,163,4500,0,0,3,3,1,200,1,2,0,2,0,1.69
0,18,158,5000,1,1,3,3,2,100,0,1,60,1,1,2.0
0,38,154,8000,1,1,2,1,2,200,0,0,0,1,2,3.37
1,24,178,11779,1,1,2,3,2,202,0,1,58,1,3,3.72
0,26,163,11194,1,1,3,3,2,273,0,0,32,1,4,4.21
1,20,170,5530,1,1,2,3,1,200,0,3,120,1,0,1.91
1,21,162,9425,1,1,2,2,2,203,0,0,76,2,2,3.59
0,38,154,8000,1,1,2,2,2,132,0,0,0,1,2,3.37
0,21,171,5143,1,1,3,3,1,188,0,0,57,2,0,1.76
1,23,165,6000,1,1,3,3,2,300,0,0,0,1,1,2.2
0,19,169,4983,0,1,3,3,2,100,0,2,60,1,0,1.74
1,22,170,9528,1,1,2,1,2,251,0,1,75,2,2,3.3
1,30,165,10162,1,1,2,3,2,100,0,1,0,2,3,3.73
1,18,170,6700,1,1,2,3,2,200,0,1,60,1,1,2.32
1,22,176,10374,1,1,2,2,2,173,0,0,0,2,3,3.35
1,23,174,9479,1,1,2,3,2,200,0,2,0,2,2,3.13
1,21,175,8000,1,1,2,1,2,200,0,2,0,1,5,2.61
1,22,162,9630,1,1,2,1,2,293,0,1,62,2,2,3.67
1,21,179,10687,1,1,2,3,2,265,0,0,32,1,2,3.34
0,26,164,11191,1,1,3,3,2,262,0,0,5,1,4,4.16
1,23,175,7500,0,1,2,3,2,200,0,0,120,2,1,2.45
0,20,161,4983,1,0,2,3,1,113,0,0,43,2,0,1.92
0,18,161,12814,1,1,3,3,2,282,0,1,46,1,4,4.94
0,20,153,5800,0,0,3,3,1,100,0,1,0,0,5,2.48
0,25,160,10255,1,1,3,3,2,103,0,0,32,1,4,4.01
1,25,175,11757,1,1,2,1,2,200,0,0,0,1,3,3.84
1,23,178,10544,1,1,2,3,2,242,0,0,120,1,2,3.33
0,26,164,11195,1,1,3,3,2,263,0,0,12,1,4,4.16
1,22,182,10513,1,1,2,3,2,300,0,1,84,1,2,3.17
0,19,159,4800,0,1,2,3,2,200,0,1,0,1,1,1.9
1,17,170,8500,1,0,2,3,2,200,0,2,60,0,6,2.94
0,20,152,4020,1,1,2,1,2,134,0,0,0,1,2,1.74
0,21,175,13387,1,1,3,3,2,272,0,1,54,1,4,4.37
1,18,162,5800,1,1,3,3,2,200,0,1,60,1,1,2.21
0,20,156,4800,0,1,3,3,2,200,0,3,0,2,1,1.97
1,23,170,8300,1,1,2,3,1,200,0,0,60,0,6,2.87
1,21,177,8980,0,1,2,3,2,300,0,2,60,1,6,2.87
0,21,175,13384,1,1,3,3,2,284,0,1,50,1,4,4.37
0,18,171,4139,0,1,2,1,2,139,0,0,83,2,0,1.42
1,37,176,11225,1,1,1,3,2,200,0,0,43,1,3,3.62
0,23,170,8000,1,1,2,1,2,200,0,2,104,2,6,2.77
0,21,160,6772,1,1,2,3,3,152,0,0,26,1,5,2.65
1,31,188,9120,1,1,2,2,2,120,0,0,120,1,2,2.58
1,20,179,10492,1,1,2,3,2,200,0,0,81,2,2,3.27
1,23,168,9000,1,1,2,3,2,111,0,0,96,1,2,3.19
0,20,173,13384,1,1,3,3,2,287,0,1,56,1,4,4.47
0,21,165,5600,1,1,2,3,2,200,0,2,0,2,1,2.06
1,21,172,8200,1,1,2,1,2,300,0,3,60,1,6,2.77
0,19,161,6400,0,1,2,3,2,100,0,2,60,2,1,2.47
1,30,170,13093,1,1,2,3,2,194,0,1,60,1,3,4.53
0,20,175,13384,1,1,3,3,2,289,0,1,39,1,4,4.37
0,33,162,5900,0,1,2,1,2,200,0,1,60,2,1,2.25
0,21,156,6300,0,1,2,1,2,200,0,1,0,1,5,2.59
0,26,164,11160,1,1,3,3,2,265,0,0,16,1,4,4.15
0,26,162,11153,1,1,3,3,2,262,0,0,10,1,4,4.25
0,26,168,11193,1,1,3,3,2,262,0,0,32,1,4,3.97
0,25,163,10999,1,1,3,3,2,244,0,0,35,1,4,4.14
1,22,160,10500,1,1,2,3,2,300,0,1,0,1,2,4.1
0,37,158,7800,1,1,2,3,2,100,0,0,0,1,2,3.12
0,21,175,13394,1,1,3,3,2,286,0,1,53,1,4,4.37
0,26,163,11194,1,1,3,3,2,283,0,0,7,1,4,4.21
0,25,160,10535,1,1,3,3,2,132,0,0,27,1,4,4.12
0,38,162,7855,1,1,2,1,2,200,0,0,0,1,2,2.99
1,19,174,8000,0,1,2,3,2,200,0,2,0,2,5,2.64
1,24,160,10024,1,1,2,3,2,116,0,1,10,1,3,3.92
0,21,150,4800,1,1,2,3,2,100,0,2,0,1,1,2.13
0,26,163,11160,1,1,3,3,2,265,0,0,30,1,4,4.2
0,25,162,10496,1,1,3,3,2,209,0,0,35,1,4,4.0
0,18,172,5000,0,1,3,1,1,100,0,0,25,1,0,1.69
1,30,175,12000,1,1,2,3,2,217,0,1,81,1,3,3.92
0,21,172,13384,1,1,3,3,2,165,0,1,56,1,4,4.52
0,18,178,5000,1,1,1,4,1,100,0,2,60,1,0,1.58
0,29,175,7800,0,1,3,1,2,200,0,0,0,0,5,2.55
0,21,163,6800,1,1,3,3,2,100,0,1,0,2,1,2.56
0,19,156,6200,0,1,2,3,2,100,0,1,60,1,1,2.55
0,23,165,8000,1,1,3,1,0,300,0,0,120,2,2,2.94
1,22,170,7900,1,1,2,1,1,200,0,2,0,0,6,2.73
0,22,162,8200,1,1,2,3,2,258,0,0,24,1,2,3.12
0,40,157,7943,1,1,2,3,2,186,0,0,0,2,2,3.22
0,19,175,13384,1,1,3,3,2,295,0,1,39,1,4,4.37
0,20,158,5300,1,1,2,1,2,200,0,2,60,2,1,2.12
1,23,184,12142,1,1,2,3,2,159,0,0,60,1,3,3.59
1,18,185,8600,1,1,3,4,1,200,0,2,60,2,0,2.51
1,21,169,7500,1,1,2,3,2,177,0,0,7,1,5,2.63
1,25,177,11417,1,1,2,3,2,201,0,1,0,1,3,3.64
1,29,176,11371,1,1,1,3,2,209,0,0,0,1,3,3.67
1,20,175,7900,0,1,3,3,2,200,1,2,0,1,5,2.58
1,27,182,7100,1,1,2,3,1,200,0,3,0,1,1,2.14
0,18,171,5499,1,1,2,3,2,101,0,0,60,2,0,1.88
1,30,175,11201,1,1,1,3,2,200,0,0,10,1,3,3.66
1,30,175,10043,1,1,2,2,2,100,0,1,0,2,3,3.28
1,30,194,11833,1,1,1,1,2,200,0,0,60,1,3,3.14
1,33,172,8319,1,1,3,2,2,127,0,2,0,2,6,2.81
1,27,175,11225,1,1,1,3,2,200,0,0,0,1,3,3.67
0,21,174,14729,1,1,3,3,2,233,0,1,55,1,4,4.86
1,23,185,6161,1,1,2,3,2,259,0,1,95,1,0,1.8
1,33,170,10358,1,1,2,3,2,100,0,0,1,1,3,3.58
1,21,160,7000,0,1,2,1,3,300,0,2,0,2,5,2.73
0,33,168,8300,1,1,2,1,2,300,0,1,0,1,6,2.94
0,21,172,13374,1,1,3,3,2,282,0,1,54,1,4,4.52
1,21,180,7000,1,1,2,3,2,200,0,2,60,2,1,2.16
0,18,180,15239,1,1,3,3,2,268,0,1,54,1,4,4.7
1,18,170,6800,0,1,2,4,1,100,0,1,60,2,1,2.35
0,25,160,10498,1,1,3,3,2,165,0,0,54,1,4,4.1
1,24,182,12071,1,1,2,3,2,231,0,1,0,1,3,3.64
1,24,182,12163,1,1,2,3,2,256,0,1,25,1,3,3.67
0,38,156,7800,1,0,2,3,2,100,0,0,0,1,2,3.21
1,24,175,11736,1,1,2,3,2,200,0,1,0,1,3,3.83
0,25,161,10268,1,1,3,3,2,102,0,0,60,1,4,3.96
0,21,173,5228,1,1,2,3,1,122,0,0,0,2,0,1.75
1,19,173,8519,1,1,2,3,2,298,0,1,0,1,5,2.85
1,22,170,7000,0,1,3,3,2,200,0,1,60,1,1,2.42
0,16,158,4336,0,0,2,3,2,291,0,2,82,1,0,1.74
0,24,168,11320,1,1,3,3,2,231,0,0,55,1,4,4.01
1,22,176,9784,1,1,2,1,2,200,0,0,118,2,6,3.16
0,38,175,7755,1,1,2,3,2,154,0,0,0,1,2,2.53
0,25,162,10498,1,1,3,3,2,123,0,0,33,1,4,4.0
1,25,170,7800,1,1,2,3,1,200,0,0,60,1,6,2.7
1,26,186,11908,1,1,2,3,2,273,0,0,9,1,3,3.44
0,26,162,10501,1,1,3,3,2,274,0,0,24,1,4,4.0
0,25,162,10500,1,1,3,3,2,131,0,0,32,1,4,4.0
1,23,175,7500,1,1,2,3,1,200,0,0,120,1,5,2.45
1,31,186,12165,1,1,2,2,2,184,0,1,0,1,3,3.52
0,25,161,10494,1,1,3,3,2,141,0,0,39,1,4,4.05
0,26,164,11168,1,1,3,3,2,262,0,0,15,1,4,4.15
1,31,185,9163,1,1,2,3,2,264,0,0,100,1,2,2.68
1,17,182,5929,1,1,2,2,2,200,0,0,0,2,0,1.79
1,40,180,10700,1,1,2,3,2,200,0,1,60,0,2,3.3
0,19,163,6800,1,0,2,1,2,200,0,0,120,1,5,2.56
0,18,164,5600,1,0,3,3,2,100,0,0,0,2,1,2.08
0,20,170,6500,1,1,2,3,2,200,0,1,60,2,1,2.25
0,18,162,5200,0,1,2,3,2,100,0,0,60,1,1,1.98
1,19,183,6361,1,1,2,3,2,282,0,2,22,1,0,1.9
0,21,162,6877,1,1,1,1,2,200,0,0,16,1,5,2.62
1,21,162,7000,1,1,2,3,2,300,0,1,60,1,5,2.67
1,24,160,10007,1,1,2,1,2,197,0,1,0,2,3,3.91
0,18,163,5100,0,1,2,3,1,100,0,1,60,1,0,1.92
1,17,174,9781,1,1,2,3,2,200,0,0,114,2,2,3.23
1,38,176,11820,1,1,2,3,2,117,0,1,0,1,3,3.82
0,25,167,10459,1,1,3,3,2,166,0,0,43,1,4,3.75
0,20,150,5500,1,1,2,1,2,200,0,0,0,1,5,2.44
0,18,156,5500,1,1,3,3,2,200,0,0,60,1,1,2.26
0,22,156,8000,1,1,2,1,2,237,0,2,0,2,2,3.29
1,27,182,11984,1,1,2,3,2,214,0,0,8,1,3,3.62
1,23,175,11225,1,1,1,3,2,200,0,1,0,1,3,3.67
0,20,156,5300,0,1,3,3,1,200,1,1,0,1,1,2.18
1,31,179,10295,1,1,2,3,2,100,0,1,0,1,3,3.21
0,19,160,4230,0,0,3,1,2,200,1,3,0,1,0,1.65
0,16,177,4500,0,1,2,3,2,213,1,2,60,1,0,1.44
1,17,184,6000,1,1,2,4,2,200,0,2,60,2,0,1.77
1,26,175,11729,1,1,2,3,2,202,0,1,0,1,3,3.83
1,21,170,6400,1,0,2,3,1,200,0,0,60,1,1,2.21
1,23,167,9000,1,1,2,3,2,300,0,0,60,1,2,3.23
1,30,187,12211,1,1,2,3,2,100,0,1,59,1,3,3.49
1,19,183,8785,0,1,2,3,2,200,0,0,27,1,5,2.62
1,27,176,11937,1,1,2,3,2,280,0,0,0,1,3,3.85
1,40,175,12015,1,1,2,2,2,114,0,0,0,1,3,3.92
1,25,182,11833,1,1,2,3,2,200,0,0,21,1,3,3.57
0,21,174,13355,1,1,3,3,2,171,0,1,45,1,4,4.41
1,40,170,10959,1,1,2,3,2,201,0,0,42,1,3,3.79
1,26,183,11837,1,1,2,3,2,253,0,1,1,1,3,3.53
1,18,172,10800,1,1,2,1,2,200,0,1,60,2,2,3.65
0,24,165,8000,1,1,2,1,1,200,0,0,120,2,6,2.94
1,27,180,8500,0,1,3,4,0,300,0,3,60,0,5,2.62
1,23,176,12186,1,1,2,2,2,249,0,0,0,1,3,3.93
0,19,173,13384,1,1,3,3,2,271,0,1,49,1,4,4.47
0,21,174,13373,1,1,3,3,2,283,0,1,54,1,4,4.42
1,19,180,8500,1,1,2,3,1,200,0,1,60,1,5,2.62
0,24,163,11377,1,1,3,3,2,232,0,0,31,1,4,4.28
1,19,170,7000,0,1,2,3,2,200,0,3,0,1,1,2.42
1,28,191,12976,1,1,2,3,2,100,0,1,0,1,3,3.56
0,21,173,7855,1,1,2,1,2,200,0,1,80,1,6,2.62
0,22,163,8000,1,1,2,1,2,200,0,2,81,2,2,3.01
0,20,160,5600,0,1,3,3,2,300,0,2,0,1,1,2.19
1,22,185,12168,1,1,2,2,2,184,0,1,0,1,3,3.56
1,26,180,8500,1,1,3,1,2,200,0,1,0,1,5,2.62
1,27,187,11943,1,1,3,3,2,273,0,0,0,1,3,3.42
1,17,185,8700,1,1,2,4,2,200,0,2,60,1,2,2.54
0,26,164,11193,1,1,3,3,2,272,0,0,5,1,4,4.16
0,22,160,8260,1,1,2,1,2,200,0,0,0,1,2,3.23
0,22,169,6500,1,1,2,3,2,200,0,1,0,1,1,2.28
1,19,170,7500,0,0,3,3,2,200,1,1,60,1,5,2.6
0,24,172,13387,1,1,3,3,2,283,0,1,32,1,4,4.53
1,18,171,5725,1,1,2,3,2,200,0,2,49,2,0,1.96
0,26,164,11194,1,1,3,3,2,263,0,0,26,1,4,4.16
0,34,168,7795,1,1,2,1,2,280,0,1,0,2,2,2.76
0,25,166,10498,1,1,3,3,2,135,0,0,44,1,4,3.81
0,26,165,11191,1,1,3,3,2,276,0,0,10,1,4,4.11
1,21,167,8248,1,1,2,1,2,216,0,0,0,2,2,2.96
1,19,175,5501,1,1,2,3,2,297,0,2,60,1,0,1.8
0,21,160,5000,0,1,3,4,1,100,1,0,0,1,1,1.95
0,21,161,6500,1,0,2,3,0,200,0,1,60,1,1,2.51
1,23,170,7500,1,1,2,3,2,200,0,3,60,1,5,2.6
1,23,174,8438,1,1,2,3,2,232,0,2,76,1,6,2.79
0,26,162,10503,1,1,3,3,2,255,0,0,30,1,4,4.0
0,22,173,7802,1,1,3,3,2,267,0,1,60,1,6,2.61
0,18,168,6800,0,1,2,3,2,200,0,1,60,1,1,2.41
1,24,178,12090,1,1,2,3,2,292,0,1,4,2,3,3.82
1,31,172,6800,1,1,2,3,1,100,0,0,60,2,1,2.3
1,23,171,7500,1,1,2,3,2,200,1,0,0,1,5,2.56
0,16,173,5000,0,1,2,3,2,100,0,0,67,1,0,1.67
0,23,155,5500,1,0,3,3,2,200,0,0,60,1,1,2.29
1,21,171,8000,1,1,2,3,2,200,0,1,60,1,6,2.74
1,23,176,9792,1,1,2,3,2,300,0,3,116,1,2,3.16
1,21,181,8693,1,1,2,3,2,200,0,0,118,1,6,2.65
0,26,164,11199,1,1,3,3,2,272,0,0,15,1,4,4.16
0,24,166,11227,1,1,3,3,2,260,0,0,33,1,4,4.07
0,19,175,5200,1,0,3,4,1,200,0,2,120,2,0,1.7
0,21,171,13187,1,1,3,3,2,165,0,1,55,1,4,4.51
1,23,184,12179,1,1,2,2,2,198,0,1,0,1,3,3.6
0,18,160,8200,1,1,2,1,2,100,0,1,120,1,2,3.2
0,18,158,8000,1,1,2,3,2,200,0,1,60,1,6,3.2
1,19,165,7843,1,0,2,2,2,246,0,0,20,1,6,2.88
1,22,172,9600,1,1,2,1,2,200,0,0,120,1,2,3.24
1,30,194,12811,1,1,2,3,2,100,0,1,56,1,3,3.4
1,18,171,5000,0,1,1,3,2,136,0,0,71,1,0,1.71
1,22,173,9500,1,1,2,3,2,300,0,1,115,2,2,3.17
0,21,172,13280,1,1,3,3,2,165,0,1,54,1,4,4.49
0,18,165,8300,1,1,2,1,2,200,0,1,60,2,2,3.05
1,22,170,8053,1,1,2,2,2,200,0,0,67,2,6,2.79
0,18,174,13366,1,1,3,3,2,286,0,1,37,1,4,4.41
0,19,155,5600,1,1,2,3,3,100,0,0,60,1,1,2.33
1,43,158,7530,1,1,2,3,2,104,0,0,0,1,0,3.02
0,18,155,5000,1,1,1,3,2,100,0,0,60,2,1,2.08
0,18,172,5000,0,1,1,3,2,100,0,2,60,1,0,1.69
0,19,159,4500,0,1,2,3,2,130,1,1,0,1,0,1.78
1,21,170,5000,0,1,2,4,2,100,0,2,0,2,1,1.73
0,18,160,6000,1,1,2,3,0,200,0,1,60,1,1,2.34
1,22,174,11659,1,1,2,3,2,200,0,0,60,1,3,3.85
0,23,175,7000,1,0,3,3,2,200,0,1,60,2,1,2.29
0,20,174,12814,1,1,3,3,2,122,0,1,42,1,4,4.23
0,26,162,10502,1,1,3,3,2,261,0,0,27,1,4,4.0
0,21,172,13152,1,1,3,3,2,134,0,1,56,1,4,4.45
1,35,183,9105,1,1,2,2,2,180,0,0,0,1,6,2.72
0,23,171,5416,1,1,3,3,1,232,0,2,39,2,0,1.85
1,20,172,10495,1,1,2,1,2,100,0,0,65,2,3,3.55
1,17,182,5940,1,1,2,3,2,200,0,0,59,2,0,1.79
1,19,177,7600,0,1,2,3,0,200,0,1,60,1,1,2.43
1,39,175,8999,1,1,2,2,2,181,0,0,0,1,2,2.94
0,23,170,5000,1,1,3,3,2,100,0,1,0,1,1,1.73
0,25,160,10209,1,1,3,3,2,100,0,0,39,1,4,3.99
0,19,170,4200,0,1,2,1,1,100,0,1,12,1,0,1.45
1,22,178,9503,1,1,2,3,2,200,0,1,67,2,2,3.0
1,26,182,9000,1,1,2,3,2,200,0,0,60,1,6,2.72
1,23,176,10603,1,1,2,2,2,200,0,0,32,1,2,3.42
1,31,175,11820,1,1,2,2,2,215,0,0,119,1,3,3.86
0,21,174,13374,1,1,3,3,2,286,0,1,58,1,4,4.42
0,26,164,11191,1,1,3,3,2,272,0,0,15,1,4,4.16
1,22,165,9500,1,1,2,3,2,300,0,1,60,2,2,3.49
1,19,182,6200,1,0,2,4,1,200,1,2,60,2,0,1.87
1,22,180,10535,1,1,2,3,2,265,0,0,40,1,2,3.25
0,20,174,13390,1,1,3,3,2,286,0,1,53,1,4,4.42
0,38,150,7900,1,1,2,1,2,100,0,0,0,1,2,3.51
1,24,187,12163,1,1,2,2,2,236,0,0,0,1,3,3.48
0,21,165,5600,0,0,3,3,2,200,0,0,0,1,1,2.06
1,32,175,10500,1,1,2,1,2,292,0,1,104,1,3,3.43
0,18,170,5000,0,1,2,3,2,200,0,0,120,2,0,1.73
1,18,181,10820,1,1,2,3,2,200,0,1,92,1,2,3.3
0,28,168,6800,1,1,3,4,2,300,0,2,0,2,1,2.41
1,23,180,6500,0,1,3,3,2,200,0,0,60,1,1,2.01
0,21,171,13087,1,1,3,3,2,171,0,1,54,1,4,4.48
1,21,171,7500,1,1,2,3,2,185,0,0,12,1,5,2.56
1,31,176,12098,1,1,2,3,2,204,0,0,60,1,3,3.91
0,19,160,4500,0,1,3,3,1,200,0,1,0,1,0,1.76
0,26,162,10544,1,1,3,3,2,256,0,0,15,1,4,4.02
1,27,184,12042,1,1,2,3,2,282,0,1,14,1,3,3.56
0,45,153,8000,1,1,2,3,2,100,0,0,0,2,2,3.42
1,24,175,11736,1,1,1,3,2,200,0,1,37,1,3,3.83
1,21,185,11500,1,1,2,3,2,300,0,0,60,1,2,3.36
0,17,152,5350,0,1,2,3,2,100,0,0,60,1,1,2.32
1,25,175,11228,1,1,1,3,2,200,0,0,66,1,3,3.67
1,22,166,6200,1,1,3,1,2,200,0,1,0,1,1,2.25
0,39,156,8000,1,1,2,3,2,200,0,0,0,1,2,3.29
1,23,170,9500,1,1,2,3,2,200,0,0,115,1,2,3.29
1,19,181,8500,1,1,2,3,2,297,0,2,38,1,5,2.59
1,18,180,8600,1,1,2,3,2,200,0,1,60,1,6,2.65
0,23,163,8200,1,1,1,1,2,200,0,0,9,1,2,3.09
0,21,166,6000,1,1,3,3,2,200,0,1,0,1,1,2.18
0,26,164,11160,1,1,3,3,2,263,0,0,14,1,4,4.15
0,19,155,5800,1,1,2,1,2,200,0,1,0,1,1,2.41
0,26,164,11082,1,1,3,3,2,264,0,0,15,1,4,4.12
1,18,184,5251,1,1,2,3,2,200,0,0,81,1,0,1.55
1,19,170,7800,1,1,2,1,2,100,0,1,120,1,5,2.7
1,24,185,12131,1,1,2,2,2,254,0,0,0,1,3,3.54
0,35,167,7319,1,0,3,3,2,157,0,1,0,1,5,2.62
0,40,156,7735,1,1,2,3,2,100,0,0,0,1,2,3.18
1,30,182,12098,1,1,2,3,2,235,0,1,0,1,3,3.65
1,29,177,10847,1,1,2,3,2,208,0,1,0,1,2,3.46
1,23,175,11666,1,1,3,3,2,200,0,2,60,1,3,3.81
0,38,150,7800,1,1,2,3,2,100,0,0,0,1,2,3.47
1,26,181,11738,1,1,2,2,2,282,0,0,0,1,3,3.58
0,39,169,8000,1,1,2,2,2,175,0,0,0,2,6,2.8
1,18,179,10800,1,1,2,3,1,200,0,1,60,2,2,3.37
0,20,187,6600,0,1,3,4,1,300,1,2,60,1,1,1.89
0,23,165,7803,1,1,2,3,2,169,0,0,0,2,6,2.87
0,20,173,12811,1,1,3,3,2,133,0,1,55,1,4,4.28
1,17,183,9797,1,1,2,2,2,300,0,1,0,1,6,2.93
1,23,174,9673,1,1,2,2,2,269,0,2,83,2,2,3.19
0,19,160,4993,0,1,2,3,2,153,0,2,60,2,0,1.95
0,21,163,5500,0,1,3,3,1,100,0,0,0,2,1,2.07
1,33,180,9700,1,1,2,1,2,200,0,1,60,1,3,2.99
1,21,168,6800,1,1,2,3,0,100,0,1,0,2,1,2.41
0,22,160,8326,1,1,2,1,2,200,0,0,0,2,2,3.25
0,25,160,10495,1,1,3,3,2,281,0,0,39,1,4,4.1
0,21,175,7800,1,1,2,1,2,300,0,1,0,1,5,2.55
1,20,176,10500,1,1,2,3,2,273,0,0,0,1,2,3.39
1,31,184,12131,1,1,2,2,2,100,0,0,0,1,3,3.58
1,21,165,9400,1,1,2,3,2,300,0,1,60,2,2,3.45
1,19,170,7000,0,1,2,3,1,200,0,2,60,1,1,2.42
1,34,175,12000,1,1,3,3,2,300,0,2,0,1,3,3.92
1,27,184,11390,1,1,2,3,2,228,0,1,0,1,2,3.36
0,18,158,4139,0,1,2,1,2,163,0,0,60,1,0,1.66
1,24,177,12099,1,1,2,3,2,200,0,1,17,1,3,3.86
0,21,173,12811,1,1,3,3,2,171,0,1,54,1,4,4.28
0,21,172,5000,1,1,1,3,1,100,0,0,58,1,0,1.69
1,27,177,9700,1,1,3,3,2,300,0,0,60,0,2,3.1
1,30,174,8232,1,1,2,3,2,177,0,0,0,2,6,2.72
1,38,178,11853,1,1,2,2,2,198,0,0,0,2,3,3.74
1,29,176,11200,1,1,1,3,0,200,0,0,60,1,2,3.62
0,26,163,11194,1,1,3,3,2,273,0,0,2,1,4,4.21
1,17,180,8700,0,1,3,3,2,200,0,3,60,1,5,2.69
1,21,185,8708,1,1,2,1,2,300,0,0,80,1,6,2.54
1,30,175,11880,1,1,2,3,2,228,0,1,0,1,3,3.88
0,34,167,7735,1,1,2,1,2,138,0,0,0,1,6,2.77
1,33,172,8300,1,0,2,3,2,200,0,2,0,1,6,2.81
1,26,175,11616,1,1,2,3,2,217,0,0,115,1,3,3.79
0,21,160,6886,0,1,1,3,2,200,0,0,32,1,5,2.69
0,26,164,11186,1,1,3,3,2,238,0,0,9,1,4,4.16
0,26,164,11193,1,1,3,3,2,263,0,0,9,1,4,4.16
1,23,181,10540,1,1,2,3,2,200,0,0,95,1,2,3.22
1,17,185,5929,1,1,2,3,2,200,0,2,60,2,0,1.73
1,21,166,8000,0,0,2,3,2,200,0,2,0,1,5,2.9
1,18,181,8000,1,1,1,3,2,213,0,1,54,1,5,2.44
1,21,175,9673,1,1,2,3,2,200,0,0,76,2,2,3.16
1,33,176,8500,1,1,2,2,2,191,0,1,0,2,6,2.74
0,24,160,5600,1,1,2,3,1,200,0,3,60,1,1,2.19
1,21,180,9900,1,1,2,1,2,300,0,1,0,2,2,3.06
0,21,174,13346,1,1,3,3,2,298,0,1,38,1,4,4.41
0,26,164,11182,1,1,3,3,2,263,0,0,5,1,4,4.16
0,25,161,10998,1,1,3,3,2,247,0,0,26,1,4,4.24
1,28,175,7800,1,1,2,3,2,300,0,2,0,1,6,2.55
0,33,158,6000,0,1,2,1,2,100,0,0,0,1,5,2.4
1,21,170,8000,1,1,2,1,2,300,0,1,60,1,6,2.77
1,22,177,11631,1,1,1,3,2,200,0,1,9,1,3,3.71
1,26,172,7200,0,1,2,3,0,200,0,1,60,0,1,2.43
1,26,181,11786,1,1,2,3,2,281,0,1,0,1,3,3.6
1,22,169,8000,1,1,2,3,2,200,0,2,60,2,5,2.8
0,21,165,6300,1,0,3,1,2,300,0,1,0,1,6,2.31
1,36,174,9857,1,1,2,1,2,266,0,1,0,1,2,3.26
1,17,170,8500,1,1,2,3,2,200,0,1,60,2,6,2.94
1,40,163,10959,1,1,2,3,2,100,0,0,34,1,3,4.12
0,20,160,5200,1,0,3,3,2,200,0,0,0,1,1,2.03
1,28,178,10702,1,1,2,3,2,298,0,0,32,1,2,3.38
0,26,163,11098,1,1,3,3,2,271,0,0,25,1,4,4.18
1,23,169,9532,1,1,2,3,2,200,0,0,93,2,2,3.34
0,18,170,5500,1,1,3,3,2,200,0,2,0,2,1,1.9
1,24,160,10043,1,1,2,1,2,100,0,1,118,2,3,3.92
0,21,165,8000,1,1,2,2,2,200,0,1,77,1,6,2.94
0,26,163,11191,1,1,3,3,2,281,0,0,6,1,4,4.21
1,21,169,10561,1,1,2,3,2,211,0,1,69,1,2,3.7
0,17,164,5961,1,1,3,1,2,200,0,0,8,2,0,2.22
0,18,156,5500,1,1,2,3,1,200,0,1,60,2,1,2.26
0,20,150,6500,1,0,2,3,2,200,0,1,0,1,6,2.89
0,18,160,6000,1,1,2,4,1,100,0,2,60,1,1,2.34
0,25,162,10483,1,1,3,3,2,222,0,0,33,1,4,3.99
0,26,162,11182,1,1,3,3,2,231,0,0,38,1,4,4.26
0,21,154,6500,0,1,2,3,2,100,0,0,60,1,5,2.74
1,21,178,8980,1,1,2,2,2,200,0,0,60,2,6,2.83
0,22,163,11234,1,1,3,3,2,263,0,0,48,1,4,4.23
1,23,184,12127,1,1,2,2,2,217,0,1,0,1,3,3.58
1,33,167,7500,0,1,2,3,2,200,0,1,0,1,5,2.69
0,23,170,8000,1,1,3,3,2,200,0,0,120,2,6,2.77
1,19,175,7300,1,1,2,3,1,200,0,3,60,1,1,2.38
0,17,166,6000,1,0,3,4,2,100,0,1,120,2,1,2.18
0,26,164,11194,1,1,3,3,2,277,0,0,8,1,4,4.16
0,18,163,5000,1,1,3,3,2,100,0,0,60,2,1,1.88
0,23,156,8000,1,1,2,2,2,293,0,0,0,2,2,3.29
1,25,177,11283,1,1,1,3,2,209,0,1,0,1,3,3.6
0,25,162,10997,1,1,3,3,2,252,0,0,35,1,4,4.19
0,20,153,4500,1,1,3,4,2,200,0,2,0,2,0,1.92
1,21,178,10500,1,1,2,3,2,235,0,0,0,1,2,3.31
0,21,175,13380,1,1,3,3,2,221,0,1,51,1,4,4.37
0,21,158,6500,1,0,2,3,2,300,0,0,42,2,6,2.6
0,21,174,13257,1,1,3,3,2,167,0,1,51,1,4,4.38
0,23,165,9377,1,1,1,2,2,100,0,0,60,2,2,3.44
0,21,151,6793,1,0,2,3,2,159,0,0,82,2,6,2.98
1,22,171,9000,1,1,2,1,2,200,0,1,120,1,2,3.08
0,20,176,13390,1,1,3,3,2,285,0,1,46,1,4,4.32
0,33,150,5500,0,1,2,3,2,200,1,0,120,1,5,2.44
1,24,161,9825,1,1,2,2,2,100,0,1,0,2,3,3.79
0,18,166,5024,1,1,2,3,2,200,0,1,0,2,0,1.82
1,21,169,8000,1,0,2,3,2,200,0,0,120,2,6,2.8
0,25,166,10480,1,1,3,3,2,155,0,0,34,1,4,3.8
0,18,160,8200,1,1,2,1,2,185,0,1,93,2,2,3.2
0,22,162,8200,1,1,2,1,2,140,0,0,24,2,2,3.12
0,21,158,4431,0,0,2,1,1,279,0,1,0,2,0,1.77
1,25,175,8802,1,1,1,3,2,200,0,0,101,1,6,2.87
1,21,178,10503,1,1,2,3,2,203,0,0,0,1,2,3.31
0,23,159,4230,0,1,3,1,1,200,0,0,0,1,0,1.67
1,22,181,9418,1,1,2,3,2,265,0,0,43,2,2,2.87
1,20,173,9857,1,1,2,3,2,216,0,2,114,2,2,3.29
0,25,166,10476,1,1,3,3,2,161,0,0,47,1,4,3.8
1,19,171,7855,1,0,2,2,2,116,0,1,0,1,6,2.69
0,26,165,11193,1,1,3,3,2,277,0,0,5,1,4,4.11
1,28,178,10252,1,1,2,1,2,100,0,1,0,2,3,3.24
1,20,184,8400,1,1,3,3,2,200,1,1,60,2,1,2.48
1,18,170,6500,1,1,2,3,1,100,0,1,60,1,1,2.25
1,20,181,8942,1,1,2,3,2,264,0,2,75,2,6,2.73
1,21,170,7000,1,1,2,3,2,200,0,1,0,2,1,2.42
0,19,152,4200,0,1,3,1,1,100,0,0,0,1,0,1.82
1,23,162,7000,0,1,2,1,2,200,0,1,0,1,5,2.67
1,22,170,8600,1,1,3,3,2,200,0,3,0,1,6,2.98
1,20,180,8700,0,1,3,4,2,200,0,2,60,1,5,2.69
1,19,182,6400,1,1,3,1,2,100,0,0,0,1,1,1.93
1,23,170,9050,1,1,2,3,2,153,0,0,60,1,2,3.13
1,21,172,8000,1,1,2,3,2,182,0,1,86,1,6,2.7
0,21,175,7800,1,1,2,1,2,200,0,2,0,1,5,2.55
1,25,177,11820,1,1,1,3,2,200,0,1,31,1,3,3.77
1,33,173,8477,1,1,2,2,2,125,0,1,0,2,6,2.83
0,22,164,8734,1,1,2,1,2,194,0,0,75,1,2,3.25
1,21,167,6700,0,1,2,3,2,200,0,1,60,1,1,2.4
0,30,170,7800,1,0,3,3,2,200,0,0,0,0,6,2.7
1,23,178,12092,1,1,2,2,2,231,0,1,16,1,3,3.82
0,23,166,8099,1,1,2,2,2,200,0,0,75,2,2,2.94
1,20,179,10565,1,1,2,3,2,152,0,0,31,1,2,3.3
1,23,185,12131,1,1,2,2,2,200,0,1,0,1,3,3.54
1,19,184,8608,1,1,2,3,2,253,0,1,0,1,5,2.54
1,22,165,8000,1,1,2,3,2,200,0,2,120,1,6,2.94
0,35,168,7300,1,1,2,1,2,300,0,1,0,1,5,2.59
0,26,162,10997,1,1,3,3,2,265,0,0,33,1,4,4.19
1,18,175,5530,1,1,3,4,2,216,0,2,0,2,0,1.81
0,20,172,13087,1,1,3,3,2,165,0,1,50,1,4,4.42
1,21,165,8000,1,1,2,3,2,200,0,2,84,2,6,2.94
0,24,163,8400,1,1,3,1,2,200,0,1,0,2,6,3.16
0,26,165,11193,1,1,3,3,2,262,0,0,4,1,4,4.11
0,22,163,8200,1,1,1,1,2,138,0,0,18,1,2,3.09
0,19,158,5600,0,0,2,3,0,200,0,1,0,0,1,2.24
1,21,172,7557,1,1,2,3,2,237,0,2,10,1,5,2.55
0,20,180,15314,1,1,3,3,2,238,0,0,37,1,4,4.73
0,23,151,6300,0,1,2,3,1,200,0,0,60,1,5,2.76
0,25,162,10488,1,1,3,3,2,256,0,0,26,1,4,4.0
0,21,158,4405,0,0,3,2,1,100,1,1,0,1,0,1.76
0,39,155,8000,1,1,2,3,2,296,0,0,0,1,2,3.33
0,41,157,8000,1,1,2,1,2,100,0,0,0,1,2,3.25
1,26,170,6800,0,0,3,3,2,200,0,1,0,1,1,2.35
0,16,153,4200,0,1,1,1,2,117,0,0,6,1,0,1.79
1,22,165,9418,1,1,2,1,2,200,0,1,0,2,2,3.46
0,22,162,8200,1,1,1,1,2,196,0,0,93,1,2,3.12
0,22,160,8200,1,1,2,1,2,200,0,1,120,1,2,3.2
1,21,174,7600,0,1,3,3,2,300,0,1,0,1,5,2.51
0,17,166,6000,0,1,3,3,2,200,0,2,60,2,1,2.18
1,32,177,12015,1,1,2,3,2,217,0,1,0,1,3,3.84
0,22,150,5500,1,0,2,3,2,200,0,1,0,1,1,2.44
1,24,175,11631,1,1,1,3,2,200,0,1,45,1,3,3.8
0,25,168,10209,1,1,3,3,2,151,0,0,33,1,4,3.62
1,29,175,11823,1,1,2,3,2,208,0,0,60,1,3,3.86
0,21,161,6793,1,1,1,3,2,170,0,0,82,1,5,2.62
1,21,170,8000,1,1,2,3,2,200,0,1,60,1,6,2.77
1,22,184,12202,1,1,3,1,2,102,0,0,0,1,3,3.6
0,19,155,5000,1,1,3,3,2,100,0,1,60,1,1,2.08
1,17,171,5858,1,1,2,3,2,200,0,2,60,2,0,2.0
1,39,150,7941,1,0,3,1,2,200,0,0,0,1,6,3.53
1,32,183,12147,1,1,2,2,2,140,0,0,0,1,3,3.63
0,26,162,6800,1,1,3,3,2,100,0,0,0,1,5,2.59
0,22,161,8200,1,1,1,1,2,300,0,2,120,2,2,3.16
1,17,181,5920,1,1,2,4,2,200,0,2,60,1,0,1.81
0,25,164,10479,1,1,3,3,2,281,0,0,41,1,4,3.9
0,26,164,11160,1,1,3,3,2,265,0,0,39,1,4,4.15
0,26,164,10494,1,1,3,3,2,265,0,0,45,1,4,3.9
0,26,162,11080,1,1,3,3,2,270,0,0,16,1,4,4.22
0,23,160,6318,0,1,2,1,2,200,0,0,0,1,5,2.47
1,22,165,8913,1,1,2,2,2,217,0,1,60,2,2,3.27
1,33,170,8400,1,0,3,3,2,300,0,0,0,1,6,2.91
0,21,160,4500,0,1,2,3,2,200,0,1,0,1,1,1.76
0,21,165,7300,1,1,2,1,2,200,0,3,0,1,5,2.68
1,21,170,8000,1,1,2,2,2,200,0,0,60,1,6,2.77
0,18,160,6800,0,1,3,1,2,100,0,1,0,2,5,2.66
1,18,165,6000,0,1,3,4,1,200,0,2,0,2,1,2.2
1,23,184,12211,1,1,3,2,2,100,0,2,0,1,3,3.61
1,21,160,7000,0,1,2,1,3,300,0,1,0,1,5,2.73
1,29,184,12064,1,1,2,2,2,300,0,0,112,1,3,3.56
0,26,161,11195,1,1,3,3,2,274,0,0,4,1,4,4.32
0,18,167,5008,0,1,3,3,2,145,0,0,0,1,0,1.8
1,18,178,9000,1,0,2,3,2,300,0,1,0,1,2,2.84
0,33,167,7720,1,1,2,3,2,188,0,0,39,2,6,2.77
1,23,172,6600,0,0,2,3,2,200,0,0,60,1,1,2.23
0,31,165,7300,1,1,3,3,2,200,0,0,0,2,5,2.68
1,33,175,12000,1,0,2,3,2,300,0,0,60,1,3,3.92
0,26,164,11188,1,1,3,3,2,276,0,0,7,1,4,4.16
0,25,162,10236,1,1,3,3,2,103,0,0,27,1,4,3.9
1,23,170,6000,0,1,3,3,1,200,0,1,60,1,1,2.08
0,38,156,8000,1,1,2,3,2,100,0,0,60,1,2,3.29
1,31,181,12213,1,1,2,3,2,173,0,0,42,1,3,3.73
1,17,170,5000,1,1,2,3,1,200,0,2,60,1,0,1.73
0,18,165,8000,1,1,2,1,2,289,0,2,120,2,2,2.94
1,32,169,10287,1,1,2,3,2,100,0,1,60,1,3,3.6
0,19,152,4200,0,1,1,2,1,100,0,0,33,1,0,1.82
1,18,186,8955,1,1,2,3,2,100,0,0,47,1,2,2.59
1,23,175,11948,1,1,1,3,2,200,0,0,10,1,3,3.9
0,32,168,7464,1,1,2,1,2,200,0,0,0,1,6,2.64
0,20,174,5000,0,1,3,3,2,161,0,1,56,2,0,1.65
0,19,156,4200,0,1,2,3,1,100,0,0,60,1,0,1.73
0,37,164,8000,1,1,3,3,2,187,0,0,0,1,2,2.97
1,21,162,5300,0,0,3,3,2,200,0,1,0,1,1,2.02
0,18,176,13388,1,1,3,3,2,268,0,1,51,1,4,4.32
1,21,170,7500,0,1,3,3,2,300,0,2,60,1,5,2.6
1,25,176,11425,1,1,1,3,2,211,0,1,0,1,3,3.69
0,19,152,4200,0,1,1,3,1,100,0,1,0,1,0,1.82
0,21,173,7800,1,1,2,3,2,241,0,2,80,2,6,2.61
0,18,170,8000,1,1,2,3,2,200,0,1,60,0,6,2.77
0,16,161,6718,0,1,1,1,2,200,1,0,97,1,5,2.59
0,18,158,5500,1,1,3,3,2,200,0,1,60,1,1,2.2
1,21,165,7000,0,1,2,1,3,300,0,1,0,1,5,2.57
0,22,184,12131,1,1,3,3,2,108,0,1,37,1,4,3.58
1,19,172,7500,1,1,3,3,1,200,1,3,60,2,1,2.54
1,22,185,9588,1,1,2,2,2,200,0,1,118,1,6,2.8
0,25,161,10370,1,1,3,3,2,148,0,0,56,1,4,4.0
0,20,159,4400,0,0,3,2,1,151,0,0,0,1,0,1.74
1,19,170,7000,1,1,2,3,2,200,0,1,0,2,1,2.42
1,21,170,7500,1,1,2,3,2,163,0,1,60,1,5,2.6
1,30,176,12077,1,1,2,3,2,229,0,1,18,1,3,3.9
0,19,165,5600,0,1,2,3,1,200,0,1,0,2,1,2.06
1,30,175,11201,1,1,1,3,2,200,0,0,36,1,3,3.66
1,29,179,11253,1,1,2,3,2,204,0,0,0,1,3,3.51
0,22,155,5600,1,0,3,3,1,200,1,3,0,1,1,2.33
1,21,162,7000,1,1,2,1,2,300,0,1,60,1,5,2.67
0,19,160,4500,0,0,3,3,1,287,1,1,0,1,0,1.76
0,25,163,11082,1,1,3,3,2,261,0,0,8,1,4,4.17
0,25,163,10259,1,1,3,3,2,106,0,0,60,1,4,3.86
1,22,177,9400,1,1,2,3,2,300,0,3,60,1,2,3.0
1,21,167,7500,1,1,2,3,2,100,0,1,0,1,5,2.69
1,34,165,9000,1,1,2,1,2,200,0,1,0,0,6,3.31
0,19,160,4900,1,0,3,3,2,200,1,3,60,2,1,1.91
0,40,158,6300,0,0,2,1,2,100,0,1,0,2,6,2.52
1,18,176,11000,1,1,2,3,2,100,0,1,0,2,2,3.55
1,20,183,6600,1,1,3,3,2,200,1,1,60,2,1,1.97
1,24,167,9000,1,1,2,3,2,207,0,0,0,1,2,3.23
0,19,160,4500,0,1,3,3,2,200,1,1,0,1,0,1.76
1,27,182,12099,1,1,2,3,2,283,0,1,0,1,3,3.65
0,25,162,10495,1,1,3,3,2,131,0,0,55,1,4,4.0
0,25,161,10255,1,1,3,3,2,166,0,0,43,1,4,3.96
0,21,164,8860,1,1,2,1,2,300,0,1,80,1,2,3.29
0,25,173,11234,1,1,3,3,2,124,0,0,9,1,4,3.75
0,21,171,13395,1,1,3,3,2,231,0,1,42,1,4,4.58
0,26,163,11186,1,1,3,3,2,262,0,0,8,1,4,4.21
0,26,164,11193,1,1,3,3,2,247,0,0,12,1,4,4.16
0,37,150,7958,1,1,2,1,2,100,0,0,0,1,2,3.54
1,22,172,6200,1,1,2,3,2,200,0,1,60,1,1,2.1
1,31,175,11937,1,1,2,2,2,198,0,1,37,1,3,3.9
1,25,180,7300,1,1,2,3,1,200,0,3,60,1,1,2.25
0,18,170,8000,1,0,2,2,2,200,0,1,60,1,6,2.77
0,25,162,11021,1,1,3,3,2,244,0,0,26,1,4,4.2
1,21,171,7100,1,1,2,4,2,300,0,3,60,2,1,2.43
1,20,170,9500,1,1,2,3,1,300,0,1,60,2,2,3.29
0,23,174,13380,1,1,3,3,2,281,0,1,45,1,4,4.42
1,21,169,7000,0,1,2,1,3,300,0,1,0,1,5,2.45
0,26,164,11195,1,1,3,3,2,277,0,0,8,1,4,4.16
0,18,169,9000,1,1,2,3,2,129,0,1,120,1,2,3.15
1,23,176,6500,0,0,2,3,2,200,0,1,60,1,1,2.1
0,21,176,13387,1,1,3,3,2,286,0,1,55,1,4,4.32
0,21,171,13377,1,1,3,3,2,148,0,1,54,1,4,4.57
1,30,175,12043,1,1,2,3,2,280,0,0,69,1,3,3.93
0,25,162,10999,1,1,3,3,2,123,0,0,26,1,4,4.19
1,33,173,8477,1,1,2,2,2,203,0,2,0,2,6,2.83
1,26,176,8484,1,1,3,3,2,201,0,2,53,2,2,2.74
0,26,164,11082,1,1,3,3,2,270,0,0,16,1,4,4.12
1,18,180,5800,1,1,2,3,2,200,0,1,60,2,0,1.79
1,18,162,7000,1,0,2,3,2,300,0,1,0,1,6,2.67
1,20,170,7500,1,1,2,3,1,200,0,0,60,1,5,2.6
0,47,163,8472,1,1,2,3,2,101,0,0,0,1,2,3.19
0,21,152,5000,0,1,3,3,1,100,0,0,0,1,0,2.16
0,20,160,9479,1,1,2,3,2,300,0,2,0,2,2,3.7
1,18,180,8400,0,1,3,3,2,300,0,2,0,1,6,2.59
0,22,158,5380,1,1,2,3,2,200,0,0,120,1,1,2.16
1,21,162,7000,0,1,2,1,1,300,0,1,0,1,5,2.67
0,19,174,4969,0,1,1,3,2,119,0,2,60,1,0,1.64
1,24,163,9744,1,1,2,3,2,297,0,0,81,2,2,3.67
1,18,185,5113,1,1,2,3,2,282,0,0,60,1,0,1.49
1,16,179,5858,1,1,2,3,2,200,0,0,8,2,0,1.83
0,16,168,5900,1,1,2,3,2,300,0,2,0,2,1,2.09
0,17,160,5500,1,1,3,4,2,200,0,2,60,1,5,2.15
0,25,161,10268,1,1,3,3,2,103,0,0,5,1,4,3.96
0,18,163,5800,0,1,3,3,2,200,0,1,60,1,1,2.18
1,41,175,11500,1,1,2,1,2,100,0,1,0,1,3,3.76
1,22,185,12165,1,1,2,1,2,209,0,0,0,1,3,3.55
0,18,176,5552,1,1,2,4,2,200,0,2,95,2,0,1.79
1,19,172,5362,0,1,2,3,2,122,0,2,77,1,0,1.81
0,27,155,7271,1,1,2,3,2,200,0,1,60,1,6,3.03
1,23,177,10700,1,1,2,3,2,300,0,0,60,1,2,3.42
1,19,167,7735,1,1,2,1,2,169,0,0,41,1,5,2.77
0,21,175,13384,1,1,3,3,2,283,0,1,54,1,4,4.37
0,26,162,11186,1,1,3,3,2,273,0,0,30,1,4,4.26
1,21,190,7500,1,1,2,3,1,200,0,0,120,1,5,2.08
0,22,171,5150,1,1,2,3,2,200,0,0,120,1,0,1.76
0,18,156,5000,1,1,2,3,1,200,0,0,60,2,1,2.05
1,18,180,6000,1,1,3,4,2,200,0,2,60,2,0,1.85
0,25,150,6640,0,1,2,3,2,200,0,0,60,2,1,2.95
0,20,166,6000,1,0,2,3,0,300,0,0,0,2,1,2.18
1,26,182,12087,1,1,2,3,2,235,0,0,80,1,3,3.65
1,30,182,12097,1,1,2,3,2,262,0,0,28,1,3,3.65
0,19,169,4981,0,1,2,3,2,200,1,2,60,1,0,1.74
1,18,170,5500,1,1,2,3,2,200,0,0,120,1,1,1.9
1,24,165,7000,1,1,1,1,2,300,0,1,0,1,5,2.57
0,19,173,13380,1,1,3,3,2,238,0,1,53,1,4,4.47
0,29,162,6900,0,0,3,3,2,100,0,0,0,1,5,2.63
1,27,170,7500,0,1,2,3,1,200,0,2,0,0,5,2.6
0,18,156,5100,0,1,1,3,2,100,0,1,60,1,1,2.1
1,18,183,5169,1,1,2,3,2,264,0,2,60,2,0,1.54
0,19,156,4500,0,1,3,3,2,100,0,1,0,1,0,1.85
0,21,160,6600,0,1,3,3,2,200,0,1,0,1,5,2.58
0,29,165,8425,1,1,2,3,2,227,0,1,100,2,2,3.09
1,18,180,8000,0,1,2,1,2,200,0,2,60,1,5,2.47
0,22,161,8203,1,1,1,1,2,200,0,0,75,1,2,3.16
0,25,165,11054,1,1,3,3,2,256,0,0,37,1,4,4.06
1,30,183,10294,1,1,2,3,2,100,0,1,0,1,3,3.07
0,19,174,13152,1,1,3,3,2,247,0,1,55,1,4,4.34
0,21,172,13190,1,1,3,3,2,180,0,1,55,1,4,4.46
1,31,175,12089,1,1,2,3,2,292,0,0,40,1,3,3.95
0,37,150,6300,1,1,2,1,2,100,0,0,0,1,5,2.8
1,18,162,5800,0,1,2,3,2,200,0,2,0,1,1,2.21
0,20,160,4500,0,0,3,3,2,100,0,1,0,2,0,1.76
1,22,187,10503,1,1,2,3,2,217,0,0,95,1,2,3.0
1,22,185,8867,1,1,2,2,2,127,0,0,0,1,6,2.59
0,21,162,5000,0,1,3,3,1,100,0,1,60,1,1,1.91
0,26,162,11079,1,1,3,3,2,270,0,0,23,1,4,4.22
1,24,176,12099,1,1,2,2,2,273,0,1,36,1,3,3.91
0,40,150,6300,1,1,2,3,2,200,0,0,0,2,6,2.8
0,21,164,6839,0,1,1,3,2,185,0,0,0,1,5,2.54
0,21,175,13336,1,1,3,3,2,285,0,1,46,1,4,4.35
1,23,167,10281,1,1,2,1,2,101,0,0,61,2,3,3.69
1,18,175,5300,1,1,2,3,2,200,0,2,120,1,0,1.73
1,18,172,5100,0,1,3,3,2,100,0,2,60,1,0,1.72
1,30,177,12074,1,1,2,3,2,184,0,0,0,1,3,3.85
0,26,162,11185,1,1,3,3,2,247,0,0,9,1,4,4.26
1,22,179,8967,1,1,2,1,2,300,0,0,96,2,2,2.8
0,21,178,13779,1,1,3,3,2,274,0,1,50,1,4,4.35
1,19,165,6000,1,1,3,3,1,200,0,0,0,1,1,2.2
0,26,163,11194,1,1,3,3,2,277,0,0,5,1,4,4.21
0,25,162,10498,1,1,3,3,2,152,0,0,40,1,4,4.0
0,18,153,6900,1,1,2,3,2,100,0,0,60,1,5,2.95
0,18,168,7982,1,1,2,3,2,155,0,1,50,2,2,2.83
1,18,180,6800,1,1,2,3,2,200,0,1,0,2,1,2.1
0,21,174,13316,1,1,3,3,2,285,0,1,56,1,4,4.4
1,18,177,5159,1,1,1,3,2,200,0,1,60,1,0,1.65
1,38,170,7800,0,1,3,3,1,200,0,0,0,0,5,2.7
0,21,171,5000,0,1,3,3,2,124,0,0,4,1,0,1.71
0,21,165,8800,1,1,2,1,2,300,0,1,0,2,2,3.23
1,14,182,7200,1,0,3,3,2,300,0,2,60,1,1,2.17
1,33,180,9700,1,1,2,3,2,200,0,1,60,0,6,2.99
1,30,186,12372,1,1,2,3,2,229,0,1,0,1,3,3.58
1,27,179,9109,1,1,1,3,2,115,0,0,40,1,6,2.84
0,22,161,9782,1,1,2,1,2,200,0,0,91,2,2,3.77
1,17,180,8500,0,1,2,3,1,200,0,1,60,1,6,2.62
1,33,171,10306,1,1,2,1,2,100,0,0,62,1,3,3.52
1,30,176,11836,1,1,2,3,2,211,0,0,114,1,3,3.82
1,27,165,9900,1,1,2,1,2,100,0,1,60,2,3,3.64
0,22,160,5300,0,1,3,3,2,100,0,0,60,2,1,2.07
1,18,179,10831,1,1,2,1,2,242,0,1,8,2,2,3.38
0,20,175,12511,1,1,3,3,2,120,0,0,51,1,4,4.09
1,21,175,6200,1,1,2,3,2,100,0,1,0,1,1,2.02
0,18,165,7900,1,0,3,3,2,200,0,2,0,2,6,2.9
1,41,165,9000,1,1,2,1,2,300,0,1,0,1,2,3.31
0,19,163,5600,0,1,3,3,2,100,0,1,60,1,1,2.11
1,20,179,10200,1,1,2,1,2,200,0,2,0,2,2,3.18
0,23,165,7500,1,0,2,3,2,100,0,1,0,1,5,2.75
1,21,162,7000,1,1,2,1,2,200,0,2,60,2,5,2.67
0,38,175,7982,1,1,2,3,2,229,0,0,66,0,5,2.61
0,21,176,5131,1,1,2,3,1,213,0,2,60,2,0,1.66
0,25,174,10494,1,1,3,3,2,281,0,0,46,1,4,3.47
0,18,163,5300,1,1,2,3,2,200,0,0,60,1,1,1.99
0,23,168,8000,1,1,2,2,2,182,0,0,60,2,6,2.83
0,16,173,5028,1,1,2,3,2,200,0,0,60,1,0,1.68
0,19,160,4500,1,1,3,3,1,200,1,1,0,1,0,1.76
0,21,152,4200,0,0,2,3,1,198,0,1,0,1,0,1.82
1,22,179,5725,1,1,2,3,2,200,0,0,63,2,0,1.79
1,23,180,5800,1,1,2,3,2,200,0,0,60,2,1,1.79
1,55,170,8000,0,1,2,3,1,200,0,2,0,2,6,2.77
1,29,175,11272,1,1,2,3,2,200,0,0,44,1,3,3.68
1,21,181,9013,1,1,2,3,2,217,0,1,40,1,5,2.75
1,23,171,7500,1,1,2,3,1,200,0,2,60,1,5,2.56
0,21,162,5300,1,0,3,1,2,200,0,1,0,2,1,2.02
0,38,158,8000,1,1,2,1,2,280,0,0,0,1,2,3.2
0,20,171,13187,1,1,3,3,2,191,0,1,55,1,4,4.51
0,21,174,15051,1,1,3,3,2,286,0,1,41,1,4,4.97
0,26,161,10596,1,1,3,3,2,270,0,0,24,1,4,4.09
1,24,182,12098,1,1,2,3,2,274,0,1,36,1,3,3.65
1,22,182,12142,1,1,2,2,2,215,0,0,0,1,3,3.67
1,30,166,10054,1,1,2,2,2,100,0,1,64,1,3,3.65
1,22,167,6000,1,0,2,3,2,200,0,1,0,1,1,2.15
0,28,175,7971,1,1,2,3,2,100,0,0,120,1,5,2.6
0,22,187,12141,1,1,3,3,2,134,0,0,3,1,4,3.47
0,26,164,11182,1,1,3,3,2,257,0,0,4,1,4,4.16
1,34,178,8331,1,1,2,1,2,279,0,1,65,1,5,2.63
1,26,176,10500,1,1,3,3,2,300,0,1,0,1,2,3.39
0,21,165,6200,0,1,3,3,0,200,0,1,60,1,1,2.28
1,21,164,7000,0,1,2,1,3,122,0,1,0,1,5,2.6
1,21,170,7000,1,1,2,3,2,200,0,2,60,1,1,2.42
0,21,175,13783,1,1,3,3,2,239,0,1,16,1,4,4.5
0,19,171,5000,0,1,3,4,1,100,0,2,0,1,0,1.71
0,26,164,11155,1,1,3,3,2,262,0,0,0,1,4,4.15
1,30,181,12919,1,1,2,2,2,154,0,1,0,1,3,3.94
1,23,175,6000,1,1,2,1,2,200,0,2,0,2,1,1.96
1,31,193,9134,1,1,2,2,2,154,0,0,22,1,6,2.45
1,23,185,7500,0,1,2,3,2,100,0,1,60,2,1,2.19
0,18,168,8000,1,1,2,3,2,280,0,1,92,2,5,2.83
1,25,175,11542,1,1,2,3,2,215,0,1,0,1,3,3.77
0,26,164,11172,1,1,3,3,2,263,0,0,26,1,4,4.15
1,23,181,8538,1,1,2,3,2,210,1,0,81,2,5,2.61
1,17,167,6000,1,1,2,4,2,200,0,2,60,1,1,2.15
0,26,162,10544,1,1,3,3,2,267,0,0,27,1,4,4.02
0,20,155,7713,1,0,2,1,2,171,0,0,60,2,6,3.21
1,23,165,9300,1,1,2,1,2,200,0,1,60,2,2,3.42
0,22,176,5600,0,1,2,4,1,200,0,2,0,2,0,1.81
1,17,170,8500,1,1,2,3,2,200,0,1,60,1,6,2.94
0,22,165,8000,1,1,3,2,2,200,0,1,75,2,6,2.94
1,23,167,7500,1,1,2,1,2,112,0,1,24,1,5,2.69
1,18,180,6000,0,1,3,3,2,200,0,1,0,2,1,1.85
0,25,164,10458,1,1,3,3,2,143,0,0,43,1,4,3.89
0,19,164,4200,0,1,3,1,1,265,0,0,0,1,0,1.56
1,21,178,6800,1,1,2,3,0,300,0,1,60,2,1,2.15
0,21,160,6662,1,1,2,3,2,218,0,1,0,1,5,2.6
0,26,164,11183,1,1,3,3,2,247,0,0,12,1,4,4.16
0,16,161,5000,0,1,3,3,2,141,1,0,60,1,0,1.93
1,23,180,10600,1,1,2,3,2,300,1,3,60,2,2,3.27
0,23,165,8003,1,1,2,3,2,200,0,0,103,2,6,2.94
0,18,161,8252,1,1,2,3,2,237,0,0,16,2,2,3.18
0,26,163,11172,1,1,3,3,2,261,0,0,15,1,4,4.2
0,26,162,11194,1,1,3,3,2,274,0,0,5,1,4,4.27
0,19,160,6500,1,1,3,3,2,200,0,0,60,1,5,2.54
0,26,163,10547,1,1,3,3,2,292,0,0,32,1,4,3.97
0,23,171,5000,0,1,2,3,1,195,0,0,60,2,0,1.71
1,19,164,4900,1,1,3,3,2,100,0,2,60,2,0,1.82
0,19,172,13368,1,1,3,3,2,286,0,1,57,1,4,4.52
0,26,162,10494,1,1,3,3,2,261,0,0,32,1,4,4.0
1,30,190,12901,1,1,2,3,2,112,0,0,0,1,3,3.57
0,16,157,4494,0,1,2,1,2,196,1,0,80,1,5,1.82
0,22,160,8247,1,1,2,1,2,237,0,0,93,1,2,3.22
1,21,180,8800,1,1,2,3,2,300,0,2,60,1,6,2.72
1,23,169,8171,1,1,1,1,2,164,0,0,4,1,5,2.86
1,23,170,7000,1,1,2,3,2,200,0,3,60,1,1,2.42
0,23,160,5800,1,1,2,3,2,100,0,1,0,2,1,2.27
1,30,176,11911,1,1,2,3,2,201,0,0,10,1,3,3.85
0,29,162,6900,0,1,2,1,2,100,0,1,0,1,5,2.63
1,25,166,6400,0,1,2,3,1,200,0,1,0,1,1,2.32
1,25,177,8812,1,1,1,3,2,200,0,1,8,1,6,2.81
1,21,170,7500,0,1,2,4,1,300,0,2,0,1,5,2.6
0,27,163,6300,0,0,3,3,2,200,0,2,60,1,1,2.37
0,37,156,8047,1,1,2,3,2,100,0,0,0,1,2,3.31
1,18,179,10874,1,1,2,1,2,300,0,1,60,2,2,3.39
1,30,169,10281,1,1,2,3,2,100,0,1,0,1,3,3.6
0,19,160,4900,0,1,1,3,1,200,0,2,60,1,0,1.91
0,23,166,11323,1,1,3,3,2,207,0,0,43,1,4,4.11
1,21,172,6800,1,1,1,1,1,200,0,1,60,1,1,2.3
1,23,172,8282,1,1,2,3,2,208,0,0,10,1,6,2.8
1,23,180,9500,1,1,2,3,2,300,0,0,60,2,6,2.93
0,20,160,6200,0,1,3,3,2,200,0,1,0,1,1,2.42
1,25,182,12080,1,1,2,3,2,253,0,0,80,1,3,3.65
1,23,185,8500,1,1,2,4,1,300,0,2,0,1,5,2.48
1,23,168,7969,1,1,2,2,3,212,0,0,82,1,6,2.82
0,21,152,4200,0,1,3,1,1,100,0,1,0,2,0,1.82
0,38,156,7800,1,0,3,3,2,100,0,0,0,2,6,3.21
0,32,167,7488,1,1,2,1,2,100,0,0,0,1,6,2.68
1,22,184,10513,1,1,2,3,2,182,0,1,0,1,2,3.11
1,21,175,7500,1,1,3,3,1,300,0,2,0,1,1,2.45
0,26,162,11193,1,1,3,3,2,265,0,0,28,1,4,4.26
0,21,165,7000,1,1,2,3,3,100,0,1,0,1,5,2.57
0,25,152,4200,0,1,3,2,1,124,0,0,4,1,0,1.82
0,23,160,5000,1,1,2,3,1,100,0,1,0,2,1,1.95
1,24,177,11786,1,1,2,2,2,202,0,1,7,1,3,3.76
1,25,175,10050,1,0,2,3,2,200,0,3,120,1,3,3.28
0,25,162,10542,1,1,3,3,2,239,0,0,9,1,4,4.02
1,30,191,12996,1,1,2,3,2,101,0,0,2,1,3,3.56
1,32,177,12042,1,1,2,1,2,231,0,0,0,1,3,3.84
0,20,157,4189,0,1,2,1,1,163,0,0,0,1,0,1.7
1,21,162,6700,0,1,2,1,2,100,0,1,0,1,5,2.55
0,19,178,16093,1,1,3,3,2,274,0,1,56,1,4,5.08
1,21,179,5416,1,1,2,3,1,200,0,2,88,2,0,1.69
0,20,155,4900,0,1,2,3,1,200,0,2,60,1,0,2.04
0,26,162,11191,1,1,3,3,2,261,0,0,9,1,4,4.26
1,19,172,10542,1,1,2,3,0,300,0,0,60,2,2,3.56
0,19,160,4900,0,1,2,1,2,200,0,3,60,1,1,1.91
1,18,184,5800,1,1,3,3,2,200,0,1,0,1,0,1.71
1,21,182,7200,1,1,2,3,1,200,0,3,60,1,1,2.17
1,24,179,9791,1,1,2,3,2,200,0,2,81,2,2,3.06
1,25,181,12020,1,1,2,3,2,300,0,1,0,1,3,3.67
1,26,162,10503,1,1,3,3,2,256,0,0,24,1,2,4.0
0,20,170,4500,0,1,3,3,1,130,0,0,0,1,0,1.56
1,21,172,8285,1,1,2,3,2,197,0,1,51,1,6,2.8
1,20,180,7000,1,1,3,3,0,300,0,0,60,2,1,2.16
0,20,180,15141,1,1,3,3,2,222,0,1,56,1,4,4.67
1,18,175,5200,1,1,1,3,2,200,0,0,60,2,0,1.7
1,18,178,7000,0,1,3,3,2,100,0,1,60,1,1,2.21
1,26,180,12000,1,1,2,3,2,250,0,0,0,1,3,3.7
0,18,175,13384,1,1,3,3,2,286,0,1,51,1,4,4.37
1,23,179,10505,1,1,2,3,2,253,0,0,31,1,2,3.28
1,30,176,8843,1,1,2,2,2,122,0,0,86,1,6,2.85
0,17,159,6500,1,1,2,2,2,100,1,0,97,1,5,2.57
0,19,158,4200,0,1,3,1,2,100,0,1,5,1,0,1.68
1,24,175,11729,1,1,1,3,2,200,0,0,37,1,3,3.83
0,18,173,13390,1,1,3,3,2,286,0,1,46,1,4,4.47
1,30,177,10114,1,1,2,3,2,104,0,1,68,1,3,3.23
1,36,189,7100,1,1,2,3,1,100,0,2,0,1,1,1.99
0,19,159,6000,1,1,3,3,2,200,0,1,0,1,1,2.37
1,25,177,12120,1,1,3,3,2,201,0,0,0,1,3,3.87
0,20,180,15243,1,1,3,3,2,236,0,1,46,1,4,4.7
1,18,180,7500,0,1,2,4,1,200,0,0,60,0,1,2.31
0,18,167,6000,0,1,2,3,2,200,0,1,60,2,1,2.15
1,20,175,7500,0,1,2,3,2,300,0,1,0,2,1,2.45
1,21,170,6997,0,1,2,1,3,300,0,1,0,1,5,2.42
0,26,163,11181,1,1,3,3,2,261,0,0,9,1,4,4.21
1,21,185,6000,1,1,3,3,2,200,0,3,0,1,0,1.75
0,21,173,13304,1,1,3,3,2,281,0,1,55,1,4,4.45
1,22,180,9700,1,1,2,3,2,300,0,1,60,1,6,2.99
0,21,173,13252,1,1,3,3,2,149,0,1,16,1,4,4.43
1,17,170,5600,1,1,2,3,2,200,0,1,60,1,1,1.94
0,21,171,5000,0,1,1,3,1,100,0,0,33,2,0,1.71
0,21,157,6000,1,1,2,3,2,200,0,1,0,2,1,2.43
1,26,184,12087,1,1,2,2,2,197,0,1,0,1,3,3.57
1,17,184,5832,1,1,2,4,2,200,0,2,4,2,0,1.72
1,18,172,5000,0,1,3,3,1,200,0,1,0,1,0,1.69
0,18,161,6400,1,1,3,3,2,100,0,2,120,2,1,2.47
0,18,159,5200,0,1,3,4,1,200,0,2,0,1,0,2.06
0,22,172,13290,1,1,3,3,2,281,0,1,31,1,4,4.49
0,21,173,13127,1,1,3,3,2,172,0,1,55,1,4,4.39
1,24,167,10061,1,1,2,1,2,100,0,0,0,2,3,3.61
1,23,170,8000,1,1,2,3,2,200,0,2,120,0,6,2.77
1,22,170,9532,1,1,2,3,2,200,0,2,72,2,2,3.3
0,20,166,4951,0,0,2,3,1,100,0,2,60,1,0,1.8
1,19,170,7500,1,1,2,3,2,248,1,1,0,1,5,2.6
1,23,181,7100,1,1,2,1,2,200,0,1,0,2,1,2.17
0,21,158,6200,0,1,2,1,2,100,0,1,0,2,5,2.48
1,20,171,7500,1,0,2,1,2,100,0,0,60,1,6,2.56
0,22,161,6300,1,0,2,3,2,300,0,1,120,1,1,2.43
1,31,175,8710,0,1,2,3,2,136,0,2,35,1,5,2.84
0,20,160,7200,1,0,2,3,2,100,0,0,0,2,6,2.81
1,17,176,5369,1,1,2,3,2,200,0,0,120,1,0,1.73
0,21,171,13376,1,1,3,3,2,282,0,1,51,1,4,4.57
0,22,174,5205,0,1,2,3,1,212,0,0,0,1,0,1.72
0,26,164,11195,1,1,3,3,2,262,0,0,24,1,4,4.16
0,24,164,11327,1,1,3,3,2,284,0,0,43,1,4,4.21
1,22,171,9500,1,1,2,3,2,231,0,0,60,1,2,3.25
0,21,174,12742,1,1,3,3,2,284,0,0,56,1,4,4.21
1,24,175,11253,1,1,2,1,2,203,0,0,104,1,3,3.67
0,23,173,13347,1,1,3,3,2,286,0,0,13,1,4,4.46
0,26,162,10998,1,1,3,3,2,268,0,0,27,1,4,4.19
0,26,162,11081,1,1,3,3,2,270,0,0,27,1,4,4.22
1,28,175,11843,1,1,2,3,2,200,0,1,0,1,3,3.87
0,26,161,10498,1,1,3,3,2,161,0,0,24,1,4,4.05
0,19,168,4974,0,0,2,3,1,163,0,2,60,1,0,1.76
0,22,170,8472,1,1,2,3,2,100,0,1,60,2,2,2.93
1,21,180,10540,1,1,2,3,2,260,0,0,60,1,2,3.25
0,19,175,13345,1,1,3,3,2,286,0,1,37,1,4,4.36
1,21,172,7500,1,1,2,3,2,200,0,3,60,1,1,2.54
0,25,164,10495,1,1,3,3,2,124,0,0,7,1,4,3.9
1,16,166,6000,0,1,2,3,0,200,0,1,60,1,1,2.18
0,18,156,4020,0,1,2,3,2,159,0,0,120,1,0,1.65
0,22,159,8200,1,1,1,1,2,200,0,0,95,1,2,3.24
1,21,175,5779,1,1,2,3,1,253,0,2,67,2,0,1.89
0,21,174,7888,1,1,2,1,2,200,0,2,0,1,5,2.61
0,22,165,9500,1,1,2,3,2,200,0,0,60,2,2,3.49
1,19,185,10500,1,1,2,3,2,200,0,1,120,1,2,3.07
1,21,162,7000,0,1,2,3,3,200,0,1,0,1,5,2.67
0,23,168,6400,1,1,3,3,2,200,0,1,60,1,1,2.27
1,17,185,8674,1,1,2,3,2,200,0,2,56,1,5,2.53
1,22,170,7500,0,1,2,3,2,200,0,3,120,1,5,2.6
1,19,183,8531,1,1,2,3,2,297,0,1,57,1,5,2.55
1,16,170,7100,1,1,3,3,2,200,1,1,120,1,5,2.46
1,19,180,8500,0,0,3,3,1,300,0,1,0,2,5,2.62
1,19,160,4500,1,1,2,3,1,248,1,1,0,2,0,1.76
0,20,171,12901,1,1,3,3,2,148,0,1,46,1,4,4.41
0,31,167,7160,1,1,2,1,2,266,0,1,9,1,5,2.57
0,18,164,8507,1,1,2,3,2,200,0,1,93,2,2,3.16
0,37,154,8000,1,1,2,1,2,159,0,1,0,2,2,3.37
1,20,177,7000,1,1,2,3,3,200,0,1,60,2,1,2.23
1,34,173,8455,1,1,2,2,2,229,0,0,53,2,6,2.83
0,19,153,4139,0,1,2,1,2,100,0,0,23,1,0,1.77
0,33,170,7764,1,1,2,1,2,102,0,1,0,2,6,2.69
0,26,162,10500,1,1,3,3,2,262,0,0,32,1,4,4.0
0,23,155,5000,0,0,2,3,2,100,0,0,60,2,1,2.08
0,21,170,12131,1,1,3,3,2,261,0,1,43,1,4,4.2
0,21,169,13388,1,1,3,3,2,131,0,1,41,1,4,4.69
1,21,162,5800,0,1,2,3,2,200,0,1,60,1,1,2.21
0,27,174,7400,1,1,1,3,2,300,0,0,60,1,5,2.44
1,23,172,8165,1,1,2,2,2,127,0,0,110,1,6,2.76
1,24,186,12098,1,1,2,3,2,300,0,1,43,1,3,3.5
0,21,158,6536,0,1,2,3,2,107,0,0,48,1,5,2.62
1,17,169,6500,1,1,2,4,2,200,1,0,120,1,1,2.28
1,30,190,12923,1,1,2,3,2,159,0,1,0,1,3,3.58
1,19,170,8500,1,1,2,3,2,200,0,1,60,2,6,2.94
0,22,158,4431,0,0,3,3,1,231,1,1,0,2,0,1.77
0,21,159,5000,0,1,2,3,1,200,0,1,0,1,1,1.98
1,23,180,9700,1,0,2,3,2,300,0,3,60,2,2,2.99
0,25,164,10498,1,1,3,3,2,143,0,0,31,1,4,3.9
0,22,170,5000,1,1,3,4,2,200,0,2,120,2,0,1.73
0,19,152,4200,0,1,3,1,1,100,0,0,0,1,0,1.82
1,25,183,11534,1,1,1,3,2,211,0,1,0,1,3,3.44
1,22,187,12260,1,1,3,2,2,165,0,0,2,1,3,3.51
0,25,160,10999,1,1,3,3,2,149,0,0,27,1,4,4.3
0,31,155,6233,1,1,2,3,2,100,0,0,5,1,5,2.59
1,31,176,9179,1,1,2,3,2,204,0,0,1,1,6,2.96
0,37,161,8000,1,1,2,3,2,103,0,1,0,1,2,3.09
0,23,163,5500,1,1,2,2,2,200,0,3,60,2,1,2.07
0,33,169,8356,1,1,2,2,2,187,0,0,55,2,6,2.93
1,22,185,12182,1,1,2,2,2,171,0,1,0,1,3,3.56
1,22,170,12131,1,1,2,3,2,100,0,1,0,1,3,4.2
1,18,172,5200,1,1,3,3,1,200,0,2,0,1,0,1.76
1,21,177,10502,1,1,2,3,2,229,0,0,36,1,2,3.35
1,23,186,12182,1,1,3,2,2,185,0,1,0,1,3,3.52
0,26,165,11193,1,1,3,3,2,270,0,0,5,1,4,4.11
0,19,171,4995,0,1,2,4,2,245,0,2,93,1,0,1.71
1,25,184,12091,1,1,2,3,2,286,0,1,44,1,3,3.57
1,21,160,5300,1,1,2,3,0,100,0,1,60,1,1,2.07
0,26,163,10998,1,1,3,3,2,247,0,0,31,1,4,4.14
1,33,185,6650,0,1,2,3,1,200,0,2,0,1,1,1.94
0,17,167,6791,1,1,3,3,2,265,0,0,42,1,5,2.44
0,38,154,7800,1,1,2,1,2,200,0,1,0,1,2,3.29
0,18,171,5000,0,1,1,3,2,113,0,0,60,1,0,1.71
0,21,167,7500,1,1,3,3,1,200,0,0,120,1,5,2.69
1,17,184,6000,1,1,3,4,2,200,0,2,8,1,0,1.77
1,24,160,10200,1,1,2,2,2,100,0,1,0,2,3,3.98
1,17,180,5896,1,1,2,3,2,200,0,2,97,2,0,1.82
1,19,172,6500,1,0,2,3,2,300,0,1,60,1,1,2.2
1,23,180,9694,1,1,2,2,2,200,0,2,60,2,2,2.99
1,21,170,10000,1,1,2,3,2,300,0,1,120,2,2,3.46
0,28,173,7804,1,1,2,1,2,200,0,0,0,2,6,2.61
0,21,174,13366,1,1,3,3,2,285,0,1,55,1,4,4.41
1,38,181,8674,1,1,2,3,2,189,0,2,0,1,5,2.65
0,22,152,4200,0,1,3,1,1,100,0,0,60,1,0,1.82
0,19,155,4966,0,1,2,3,2,179,0,2,60,1,0,2.07
1,21,177,8800,1,1,2,3,2,200,0,1,60,1,6,2.81
1,28,177,12000,1,1,2,3,2,256,0,0,80,1,3,3.83
1,33,170,7500,1,1,3,3,0,100,0,2,0,1,5,2.6
1,23,172,7200,1,1,2,3,2,200,0,2,60,1,1,2.43
0,25,164,10448,1,1,3,3,2,160,0,0,5,1,4,3.88
0,18,164,5800,0,1,2,4,2,100,1,2,0,2,5,2.16
1,26,184,12042,1,1,2,3,2,285,0,0,23,1,3,3.56
0,18,160,8260,1,1,3,3,2,132,0,0,0,2,2,3.23
0,33,168,8000,1,1,2,2,2,265,0,0,47,2,6,2.83
0,21,174,13364,1,1,3,3,2,286,0,1,53,1,4,4.41
1,21,172,9409,1,1,2,2,2,200,0,0,71,2,2,3.18
0,18,166,8232,1,1,2,1,2,231,0,0,120,2,2,2.99
0,23,163,6600,1,1,3,1,2,200,0,0,0,1,5,2.48
1,19,178,10800,0,1,2,3,2,200,0,1,60,1,2,3.41
1,23,170,7500,0,1,2,3,2,200,0,1,60,1,5,2.6
0,31,165,7300,1,1,2,3,2,200,0,1,0,1,5,2.68
0,22,165,8800,1,1,3,3,2,200,0,2,0,2,2,3.23
1,20,185,7500,1,1,2,3,1,300,0,0,60,2,1,2.19
1,18,171,5208,1,1,2,3,2,279,0,0,60,2,0,1.78
0,38,170,7800,1,1,3,3,1,100,0,1,0,0,6,2.7
0,30,170,7300,0,0,2,3,1,200,0,0,0,0,5,2.53
1,34,170,8500,1,1,2,3,2,100,0,0,60,2,6,2.94
0,19,176,13348,1,1,3,3,2,283,0,1,54,1,4,4.31
1,27,182,12054,1,1,2,3,2,256,0,0,60,1,3,3.64
0,19,175,5300,0,1,2,3,1,100,0,2,60,1,0,1.73
1,18,176,5171,1,1,2,3,2,197,0,0,60,1,0,1.67
0,18,170,5000,0,1,1,3,2,200,0,2,60,1,0,1.73
0,22,170,5000,0,0,3,3,1,200,0,2,0,1,0,1.73
0,20,155,5200,1,0,2,3,2,200,0,0,60,1,1,2.16
1,23,165,6500,0,1,2,1,2,200,0,3,0,1,1,2.39
0,26,164,11193,1,1,3,3,2,263,0,0,5,1,4,4.16
1,29,167,9000,1,1,2,2,2,197,0,2,45,1,2,3.23
1,23,183,8500,1,0,3,3,2,300,0,3,120,0,2,2.54
1,30,186,12936,1,1,2,3,2,144,0,1,0,1,3,3.74
1,40,170,9800,1,0,3,3,2,300,0,3,120,2,2,3.39
1,21,171,8246,1,1,2,3,2,235,0,0,115,1,6,2.82
1,24,177,12077,1,1,2,3,2,163,0,1,32,1,3,3.85
1,33,170,8431,1,1,2,2,2,228,0,1,0,2,6,2.92
1,24,177,11490,1,1,2,3,2,210,0,0,72,1,2,3.67
1,24,165,10000,1,1,2,3,2,100,0,1,60,1,3,3.67
1,21,170,7538,1,1,2,3,2,235,0,0,52,1,5,2.61
1,21,170,7500,1,1,2,3,2,200,0,2,60,1,5,2.6
0,38,150,7800,1,1,2,3,1,100,0,0,0,1,2,3.47
1,22,160,6700,1,1,2,1,2,200,0,1,60,1,6,2.62
1,18,180,10919,1,1,2,1,2,208,0,1,0,2,2,3.37
1,17,170,6500,0,1,3,3,2,300,0,2,60,1,1,2.25
1,37,176,11853,1,1,2,2,2,188,0,0,23,1,3,3.83
1,37,175,11833,1,1,2,2,2,181,0,1,0,1,3,3.86
1,30,186,12060,1,1,2,3,2,214,0,0,85,1,3,3.49
0,21,161,7000,1,1,2,1,2,129,0,0,97,1,5,2.7
0,26,163,11188,1,1,3,3,2,263,0,0,14,1,4,4.21
1,18,178,5200,1,1,3,3,1,200,0,1,60,1,0,1.64
1,24,170,9000,1,1,2,3,2,100,0,0,16,1,6,3.11
0,25,162,10208,1,1,3,3,2,106,0,0,60,1,4,3.89
0,26,162,10503,1,1,3,3,2,270,0,0,31,1,4,4.0
1,33,172,8300,1,0,3,3,2,200,0,3,0,2,5,2.81
0,21,170,8000,1,1,2,3,2,200,0,2,60,1,6,2.77
1,37,175,11827,1,1,2,3,2,183,0,0,0,1,3,3.86
1,18,175,5143,1,1,2,3,2,200,0,1,60,2,0,1.68
0,37,166,7393,1,1,2,3,2,165,0,0,15,1,5,2.68
0,40,156,8013,1,1,2,1,2,197,0,1,0,2,2,3.29
0,38,154,7160,1,1,3,1,2,200,0,0,87,1,5,3.02
1,17,180,5800,0,1,2,4,1,200,0,2,60,2,0,1.79
1,30,175,11201,1,1,1,3,2,100,0,0,0,1,3,3.66
1,24,174,10459,1,1,3,3,2,284,0,1,38,1,2,3.45
1,29,183,12934,1,1,2,3,2,215,0,1,13,1,3,3.86
1,41,180,9900,1,1,2,1,2,300,0,1,0,1,6,3.06
1,21,175,7100,1,0,2,3,1,200,0,2,60,1,1,2.32
0,23,165,8300,1,1,2,3,2,300,0,1,60,2,2,3.05
0,20,159,4400,0,1,3,1,1,100,0,0,0,1,0,1.74
0,21,174,13187,1,1,3,3,2,286,0,1,40,1,4,4.36
1,22,184,12165,1,1,2,2,2,235,0,1,44,1,3,3.59
1,26,181,12104,1,1,2,3,2,229,0,1,0,1,3,3.69
0,34,155,7735,1,1,2,3,2,198,0,0,0,1,5,3.22
0,20,160,6400,1,1,3,3,2,200,0,2,0,2,1,2.5
0,19,166,5800,1,1,3,3,2,200,0,2,60,1,1,2.1
0,21,170,7800,1,1,2,1,2,200,0,2,0,0,6,2.7
1,29,179,8999,1,1,2,2,2,200,0,0,47,1,6,2.81
0,27,153,6500,1,0,3,3,2,100,0,1,0,2,6,2.78
1,22,170,9954,1,1,2,2,2,219,0,1,75,2,2,3.44
0,21,166,10492,1,1,3,3,2,159,0,0,54,1,4,3.81
1,18,180,8000,1,1,2,3,1,200,0,2,60,1,6,2.47
0,25,167,10496,1,1,3,3,2,134,0,0,48,1,4,3.76
1,21,165,7000,1,1,2,3,3,200,0,1,0,1,5,2.57
0,26,156,6300,1,0,3,4,1,100,0,0,0,1,1,2.59
0,26,165,11191,1,1,3,3,2,263,0,0,5,1,4,4.11
1,23,165,6700,1,1,1,3,1,200,0,1,0,2,1,2.46
0,17,162,5800,1,0,3,3,0,200,0,1,60,2,1,2.21
0,21,171,13301,1,1,3,3,2,177,0,1,40,1,4,4.55
0,28,162,10991,1,1,2,3,2,198,0,0,0,1,2,4.19
0,22,164,8812,1,1,2,1,2,100,0,0,60,2,2,3.28
1,19,180,7300,0,1,2,3,1,300,0,3,0,1,5,2.25
1,20,178,10492,1,1,2,3,2,148,0,0,36,2,2,3.31
0,25,161,10259,1,1,3,3,2,100,0,0,32,1,4,3.96
0,25,168,10479,1,1,3,3,2,134,0,0,46,1,4,3.71
1,18,176,5500,1,1,2,4,2,218,0,2,60,1,0,1.78
1,30,182,12407,1,1,2,3,2,196,0,0,0,1,3,3.75
1,22,183,5205,1,1,2,3,1,282,0,0,60,1,0,1.55
0,25,150,4800,0,0,2,3,2,300,0,3,0,1,1,2.13
0,25,162,10495,1,1,3,3,2,287,0,0,6,1,4,4.0
0,19,154,4200,0,1,3,1,1,163,0,0,0,1,0,1.77
0,26,163,11188,1,1,3,3,2,261,0,0,7,1,4,4.21
1,18,170,8000,1,1,2,3,2,200,0,2,60,1,6,2.77
1,18,174,9800,1,1,2,3,1,100,0,0,60,1,2,3.24
0,18,155,5500,1,1,2,3,2,100,0,0,120,1,5,2.29
0,23,165,6000,0,1,3,3,2,200,0,2,0,2,1,2.2
1,22,178,6600,0,1,3,3,1,300,1,3,0,2,1,2.08
0,25,153,6385,0,1,3,3,2,249,0,0,49,1,5,2.73
1,20,164,10432,1,1,2,2,2,258,0,0,120,2,2,3.88
0,21,175,7800,1,1,2,2,2,200,0,0,0,1,5,2.55
0,26,162,11186,1,1,3,3,2,264,0,0,6,1,4,4.26
0,31,165,5700,1,1,2,3,0,200,0,1,0,1,1,2.09
0,26,165,11193,1,1,3,3,2,277,0,0,3,1,4,4.11
1,21,169,8000,1,1,2,1,2,200,0,1,60,2,6,2.8
1,27,185,12020,1,1,2,3,2,292,0,1,0,1,3,3.51
1,23,175,7500,1,1,2,3,1,200,0,1,0,1,1,2.45
1,16,160,6700,1,0,3,1,2,100,1,0,0,1,5,2.62
0,25,162,11081,1,1,3,3,2,106,0,0,27,1,4,4.22
1,22,187,12145,1,1,2,2,2,100,0,1,0,1,3,3.47
0,21,173,13390,1,1,3,3,2,173,0,1,43,1,4,4.47
0,23,175,7500,1,1,3,3,2,300,0,3,60,1,1,2.45
1,34,184,9149,1,1,2,2,2,113,0,0,43,1,6,2.7
1,23,185,12109,1,1,2,2,2,200,0,0,0,1,2,3.54
1,34,174,8413,1,1,2,3,2,297,0,0,2,2,6,2.78
1,30,184,12480,1,1,2,3,2,256,0,0,67,1,3,3.69
0,20,157,6000,1,1,2,3,2,200,0,0,60,2,1,2.43
0,19,175,7500,0,0,3,3,2,100,0,2,0,1,5,2.45
1,19,181,8530,1,1,2,2,2,297,0,1,0,1,5,2.6
1,30,178,12541,1,1,2,3,2,100,0,0,55,1,3,3.96
0,29,165,8700,1,0,3,1,2,100,0,1,0,2,2,3.2
1,29,177,12077,1,1,2,3,2,214,0,1,68,1,3,3.85
0,26,158,11193,1,1,3,3,2,231,0,0,35,1,4,4.48
0,26,163,11155,1,1,3,3,2,261,0,0,14,1,4,4.2
1,31,185,12002,1,1,2,3,2,235,0,0,81,1,3,3.51
1,26,170,7000,0,0,2,3,2,300,0,3,0,1,1,2.42
1,19,181,8767,0,1,2,3,2,300,0,2,0,1,5,2.68
1,23,175,9500,1,1,2,2,2,200,0,0,120,2,2,3.1
1,25,165,8000,1,1,2,3,2,200,0,0,120,2,6,2.94
1,21,168,5500,1,1,2,3,2,200,0,3,0,1,1,1.95
1,18,172,5300,1,1,2,3,1,200,0,1,120,1,0,1.79
1,18,179,7941,1,1,2,1,2,200,0,1,0,2,5,2.48
0,26,162,10568,1,1,3,3,2,261,0,0,33,1,4,4.03
0,19,155,7808,1,1,2,3,2,288,0,1,0,1,2,3.25
0,18,165,5600,1,1,3,3,2,200,0,0,60,1,1,2.06
0,38,155,6289,1,1,2,1,2,127,0,0,2,1,6,2.62
0,21,160,6900,1,1,2,1,2,200,0,1,0,1,5,2.7
1,18,172,10800,1,1,2,3,2,300,0,1,60,2,2,3.65
1,30,177,12034,1,1,2,3,2,219,0,0,80,1,3,3.84
0,18,170,8000,1,0,2,3,2,200,0,1,60,1,6,2.77
1,27,182,12086,1,1,2,3,2,200,0,0,32,1,3,3.65
0,18,150,5000,0,1,1,3,0,100,0,1,60,0,1,2.22
1,26,182,11538,1,1,2,3,2,195,0,1,73,1,3,3.48
0,26,164,10496,1,1,3,3,2,265,0,0,43,1,4,3.9
1,20,171,7100,0,1,2,4,2,200,0,1,60,0,1,2.43
1,18,178,10830,1,1,2,3,2,211,0,1,0,2,2,3.42
0,40,156,8000,1,1,2,1,2,132,0,0,0,1,2,3.29
0,21,175,7863,1,1,2,3,2,287,0,2,0,1,5,2.57
1,17,170,8434,1,0,2,3,2,200,0,1,42,2,6,2.92
0,23,170,7500,1,1,2,3,2,192,0,0,0,1,5,2.6
1,18,178,6800,1,1,2,3,2,200,0,2,60,1,1,2.15
1,25,182,12086,1,1,2,3,2,204,0,0,38,1,3,3.65
1,24,169,9960,1,1,2,2,2,100,0,1,0,2,3,3.49
1,19,187,9600,1,1,2,1,0,200,0,0,60,1,6,2.75
0,25,165,10547,1,1,3,3,2,162,0,0,32,1,4,3.87
1,18,170,8000,1,1,1,1,2,200,0,1,60,1,5,2.77
0,25,162,10200,1,1,3,3,2,131,0,0,60,1,4,3.89
0,23,158,8000,1,1,2,1,2,200,0,0,82,2,2,3.2
0,17,170,5000,0,1,3,3,2,200,0,0,120,1,0,1.73
0,21,160,6801,0,1,1,1,3,267,0,1,0,1,5,2.66
1,18,179,5251,1,1,1,3,2,200,1,1,60,1,0,1.64
0,23,166,11448,1,1,3,3,2,250,0,0,14,1,4,4.15
1,19,190,6000,0,1,3,3,2,300,0,3,60,1,1,1.66
0,21,163,6600,1,1,3,3,1,200,0,0,0,1,1,2.48
0,19,159,4209,0,1,3,3,2,245,0,1,0,2,0,1.66
0,23,165,8449,1,1,2,1,2,227,0,0,60,2,2,3.1
1,34,175,10370,1,1,2,1,2,200,0,1,60,2,3,3.39
0,17,170,5000,1,1,1,3,2,200,0,0,8,1,0,1.73
1,18,175,6800,1,1,2,3,2,100,0,1,120,2,1,2.22
0,18,164,6990,1,1,2,1,2,200,1,0,118,2,5,2.6
0,26,162,11092,1,1,3,3,2,268,0,0,16,1,4,4.23
0,18,165,8700,1,1,2,4,1,200,1,2,120,2,2,3.2
0,19,158,6000,0,0,2,3,2,100,0,2,0,1,5,2.4
0,26,162,11080,1,1,3,3,2,270,0,0,16,1,4,4.22
1,19,180,8500,0,1,2,3,2,300,0,2,60,1,5,2.62
0,19,160,7843,1,0,2,2,2,245,0,1,45,1,6,3.06
0,20,170,4700,1,1,3,3,2,200,0,2,60,2,1,1.63
1,23,173,8000,1,1,2,3,2,200,0,0,110,1,6,2.67
0,21,173,13348,1,1,3,3,2,284,0,1,55,1,4,4.46
0,26,163,10483,1,1,3,3,2,220,0,0,6,1,4,3.95
0,19,152,4200,0,0,3,1,2,100,1,0,0,1,0,1.82
1,30,175,11866,1,1,2,3,2,215,0,1,22,1,3,3.87
0,25,162,10482,1,1,3,3,2,265,0,0,33,1,2,3.99
0,23,165,8000,1,1,2,3,3,200,0,2,120,1,5,2.94
1,23,170,7500,1,1,2,3,1,200,0,1,60,1,5,2.6
1,17,170,8472,1,1,2,3,2,200,0,1,25,1,6,2.93
1,26,180,12015,1,1,2,3,2,196,0,0,0,1,3,3.71
1,34,174,8472,1,1,2,2,2,200,0,1,0,2,6,2.8
1,22,174,9532,1,1,2,3,2,200,0,0,86,2,2,3.15
0,19,150,4200,0,1,3,1,1,100,0,0,0,1,0,1.87
1,26,165,6000,0,0,2,3,2,200,0,2,0,1,1,2.2
1,30,175,11228,1,1,2,3,2,214,0,0,41,1,3,3.67
1,20,172,7200,0,1,3,4,1,200,0,2,0,2,1,2.43
1,30,175,12000,1,1,2,3,2,217,0,1,71,1,3,3.92
1,55,170,8000,0,1,2,3,2,200,0,1,0,1,6,2.77
1,21,183,10500,1,1,3,3,2,300,0,2,0,1,2,3.14
1,18,176,5500,1,1,1,3,2,200,1,2,81,1,5,1.78
1,27,180,9900,1,1,2,3,2,200,0,1,120,0,6,3.06
0,26,163,11188,1,1,3,3,2,277,0,0,15,1,4,4.21
0,21,167,7500,1,1,2,3,1,100,0,1,0,1,5,2.69
1,17,181,5920,1,1,2,3,2,200,0,2,90,2,0,1.81
0,40,156,8000,1,1,2,3,2,100,0,0,0,2,2,3.29
0,20,163,5450,1,0,3,3,1,100,0,0,60,2,0,2.05
1,30,180,8600,0,0,2,3,0,100,0,1,0,1,5,2.65
0,20,168,12811,1,1,3,3,2,176,0,0,55,1,4,4.54
0,17,159,5100,0,1,2,4,2,200,0,2,60,1,0,2.02
1,20,188,7500,1,1,3,3,0,300,0,2,0,2,1,2.12
1,22,161,6200,0,1,1,3,2,200,0,1,0,1,1,2.39
1,30,175,11227,1,1,1,3,2,231,0,0,25,1,3,3.67
1,20,185,11500,1,1,2,3,2,300,0,2,60,1,2,3.36
0,24,166,9000,1,1,1,4,0,300,0,2,60,0,2,3.27
0,19,152,4200,1,1,3,1,1,100,1,0,0,1,0,1.82
0,25,179,10558,1,1,3,3,2,215,0,0,25,1,4,3.3
1,21,175,7800,1,1,2,1,2,200,0,3,0,0,5,2.55
0,23,160,8000,1,1,3,3,2,200,0,2,60,1,6,3.12
0,18,173,5016,1,1,1,3,2,127,0,0,100,1,0,1.68
0,18,160,5000,0,1,2,3,2,100,0,1,60,1,1,1.95
1,20,172,12500,1,1,2,3,1,200,0,1,60,1,2,4.23
1,18,167,8000,1,1,2,3,2,200,0,0,2,2,6,2.87
1,28,182,12086,1,1,2,3,2,300,0,0,40,1,3,3.65
0,26,169,11126,1,1,3,3,2,263,0,0,14,1,4,3.9
0,20,172,13104,1,1,3,3,2,165,0,1,55,1,4,4.43
0,27,165,7300,1,1,3,3,2,100,0,0,0,1,5,2.68
0,24,173,13290,1,1,3,3,2,283,0,1,34,1,4,4.44
0,18,170,7800,1,0,3,3,2,300,0,3,60,1,6,2.7
1,21,170,7500,1,1,2,3,2,197,1,0,81,1,5,2.6
0,22,167,7500,1,1,2,3,2,268,0,0,95,1,5,2.69
0,25,160,10479,1,1,3,3,2,123,0,0,44,1,4,4.09
1,18,185,6600,0,1,2,3,2,100,0,0,60,1,1,1.93
1,19,169,6000,0,1,2,3,2,200,0,1,60,1,1,2.1
0,21,163,7000,1,0,2,3,2,200,0,1,0,1,5,2.63
0,26,162,11115,1,1,3,3,2,261,0,0,27,1,4,4.24
0,26,163,11193,1,1,3,3,2,262,0,0,24,1,4,4.21
1,29,175,11908,1,1,1,3,2,215,0,0,38,1,3,3.89
0,43,160,5500,1,1,2,4,0,200,0,0,0,0,1,2.15
1,25,177,11413,1,1,1,3,2,207,0,1,9,1,3,3.64
1,43,176,11856,1,1,3,3,2,200,0,0,0,1,3,3.83
1,21,172,9418,1,1,2,3,2,200,0,0,76,2,2,3.18
1,33,176,8333,1,1,2,2,2,100,0,1,1,2,6,2.69
0,19,157,7271,1,0,3,3,2,300,0,1,60,1,6,2.95
1,24,181,12060,1,1,2,3,2,236,0,1,4,1,3,3.68
1,30,170,10259,1,1,2,2,2,100,0,1,0,2,3,3.55
1,25,165,10200,1,1,2,3,2,100,0,1,0,1,2,3.75
1,21,178,10500,1,1,2,3,2,300,0,1,60,2,2,3.31
0,19,169,4500,0,0,3,3,1,200,0,1,0,1,0,1.58
0,17,161,6500,0,1,2,3,2,200,0,0,60,2,1,2.51
1,18,178,6800,1,1,3,1,2,200,0,2,60,2,1,2.15
0,25,166,10458,1,1,3,3,2,272,0,0,32,1,4,3.8
1,18,180,10825,1,1,2,1,2,254,0,1,38,2,2,3.34
1,19,180,6000,1,1,2,3,2,200,0,1,120,1,1,1.85
1,23,180,8500,1,1,2,3,2,200,0,3,60,1,5,2.62
0,33,156,5500,0,1,2,1,2,100,0,0,0,1,1,2.26
1,17,170,8341,1,1,2,2,2,200,0,0,60,2,6,2.89
1,25,178,8200,1,1,1,3,1,200,0,3,0,2,2,2.59
1,30,176,10252,1,1,2,2,2,100,0,0,39,2,3,3.31
0,25,165,6000,0,1,3,3,2,200,0,2,0,1,1,2.2
0,36,176,7910,1,1,2,3,2,187,0,0,0,1,6,2.55
0,21,171,13185,1,1,3,3,2,172,0,1,55,1,4,4.51
0,18,163,8530,1,1,2,3,2,283,0,1,8,2,2,3.21
1,25,176,11425,1,1,2,3,2,211,0,1,17,1,3,3.69
0,19,168,13395,1,1,3,3,2,283,0,1,26,1,4,4.75
0,19,164,4500,0,1,3,3,1,200,1,1,0,1,0,1.67
0,22,161,8285,1,1,1,3,2,277,0,0,46,1,2,3.2
0,26,162,11067,1,1,3,3,2,269,0,0,14,1,4,4.22
1,39,179,10831,1,1,2,3,2,100,0,1,0,1,3,3.38
0,20,156,4500,0,0,2,4,1,100,1,2,0,1,0,1.85
1,22,177,11616,1,1,1,3,2,200,0,0,60,1,3,3.71
0,19,177,7200,0,0,3,3,2,200,0,2,60,1,6,2.3
0,18,159,4800,1,1,3,3,1,100,0,1,0,1,1,1.9
1,18,173,8406,1,1,2,2,2,286,0,0,10,2,6,2.81
0,26,164,11160,1,1,3,3,2,254,0,0,15,1,4,4.15
1,25,179,11201,1,1,1,3,2,200,0,1,0,1,3,3.5
1,22,171,8258,1,1,1,1,2,200,0,0,66,1,6,2.82
0,19,172,7843,1,0,3,3,2,237,0,2,78,1,6,2.65
1,18,180,6800,0,1,1,3,2,200,0,2,60,1,5,2.1
0,21,172,7804,1,1,2,1,2,100,0,0,60,1,5,2.64
1,21,160,6000,0,0,2,3,2,200,0,1,0,1,1,2.34
1,29,180,8700,1,1,3,3,2,200,0,1,0,1,5,2.69
1,21,170,7500,0,1,2,3,2,300,0,1,60,1,5,2.6
0,21,175,13373,1,1,3,3,2,141,0,1,45,1,4,4.37
1,17,168,8556,1,1,2,2,2,295,0,1,0,1,5,3.03
1,20,194,6000,1,1,2,4,2,245,0,2,0,1,0,1.59
0,20,157,4900,1,1,3,3,2,100,0,3,60,2,1,1.99
0,25,162,10483,1,1,3,3,2,165,0,0,56,1,4,3.99
0,26,164,11184,1,1,3,3,2,277,0,0,12,1,4,4.16
1,22,180,8955,1,1,2,2,2,200,0,0,0,2,2,2.76
0,20,166,4903,0,0,2,3,2,200,0,2,50,1,0,1.78
1,18,174,5145,1,1,2,3,2,242,0,2,60,1,0,1.7
1,37,177,11843,1,1,2,3,2,203,0,0,0,1,3,3.78
0,18,172,5000,0,1,1,3,2,103,0,0,4,1,0,1.69
1,23,176,6440,1,1,3,3,2,200,0,1,60,0,1,2.08
0,25,163,10236,1,1,3,3,2,106,0,0,60,1,4,3.85
0,26,161,11199,1,1,3,3,2,267,0,0,27,1,4,4.32
1,19,175,5714,1,1,2,3,1,278,0,2,110,2,0,1.87
0,18,182,14254,1,1,3,3,2,247,0,1,80,1,4,4.3
1,17,180,5920,1,1,2,3,2,297,0,2,0,2,0,1.83
1,18,170,5300,1,1,3,3,1,200,0,2,60,1,1,1.83
1,18,186,10825,1,1,2,1,2,200,0,1,93,1,2,3.13
0,22,160,6500,1,1,2,3,2,200,0,2,0,1,5,2.54
1,25,171,8577,1,1,2,3,2,211,0,0,33,1,6,2.93
0,20,173,12870,1,1,3,3,2,241,0,0,50,1,4,4.3
0,25,153,5500,1,1,2,4,1,200,0,2,0,2,1,2.35
1,27,178,10292,1,1,2,3,2,161,0,1,60,1,3,3.25
1,22,165,9879,1,1,2,2,2,209,0,0,81,2,2,3.63
0,25,161,10494,1,1,3,3,2,223,0,0,34,1,4,4.05
1,22,174,9400,1,1,2,3,2,200,0,0,120,2,2,3.1
1,21,176,9636,1,1,2,1,2,300,0,1,37,2,3,3.11
1,18,177,6000,1,1,3,1,0,200,0,3,0,2,1,1.92
1,25,161,6600,0,0,3,3,2,100,1,3,0,1,1,2.55
1,23,172,10000,1,0,3,3,2,300,0,1,60,2,3,3.38
1,23,180,9500,1,1,2,3,2,300,0,3,0,1,2,2.93
0,25,158,11010,1,1,3,3,2,181,0,0,26,1,4,4.41
1,21,183,10500,1,1,2,3,2,300,0,1,60,1,2,3.14
1,24,177,11666,1,1,2,1,2,100,0,1,0,1,3,3.72
0,26,162,11082,1,1,3,3,2,270,0,0,12,1,4,4.22
0,26,164,11188,1,1,3,3,2,263,0,0,12,1,4,4.16
0,19,159,6480,0,1,1,3,2,154,0,0,7,1,5,2.56
1,27,193,10300,1,1,2,1,2,100,0,1,0,1,3,2.77
0,20,175,5369,1,1,2,3,1,107,0,2,120,1,0,1.75
0,26,162,11194,1,1,3,3,2,273,0,0,5,1,4,4.27
1,18,170,5000,0,1,1,3,2,100,0,0,60,1,0,1.73
1,32,190,9962,1,1,2,1,2,100,0,0,104,1,3,2.76
0,43,158,7581,1,1,2,3,2,197,0,1,0,1,2,3.04
1,21,162,6800,0,1,2,3,0,300,0,2,0,1,5,2.59
1,30,169,10213,1,1,2,3,2,100,0,1,10,2,3,3.58
0,26,164,11194,1,1,3,3,2,106,0,0,5,1,4,4.16
0,37,156,8000,1,1,2,1,2,100,0,0,0,1,2,3.29
0,21,158,4336,0,0,2,3,1,232,1,1,0,2,0,1.74
1,39,178,9866,1,1,2,1,2,211,0,1,0,1,2,3.11
1,30,175,11920,1,1,2,3,2,214,0,0,0,1,3,3.89
1,36,178,10535,1,1,2,3,2,245,0,1,0,1,2,3.33
0,25,162,10481,1,1,3,3,2,265,0,0,37,1,4,3.99
0,26,164,11188,1,1,3,3,2,268,0,0,8,1,4,4.16
0,21,150,5000,0,1,3,1,3,200,0,0,0,1,1,2.22
0,22,163,8200,1,1,1,1,2,100,0,0,83,1,2,3.09
1,21,180,6500,0,0,2,3,2,100,0,1,0,1,1,2.01
0,20,173,13361,1,1,3,3,2,270,0,1,40,1,4,4.46
1,23,174,7500,0,1,2,3,1,200,0,1,0,1,1,2.48
1,20,184,5600,1,1,3,3,1,200,0,2,0,1,0,1.65
1,25,176,10498,1,1,1,3,2,252,0,0,60,1,3,3.39
0,22,163,6000,1,0,3,3,2,200,0,2,0,1,1,2.26
1,21,180,10500,1,0,3,3,2,100,0,1,120,1,2,3.24
1,17,170,8500,1,1,2,3,2,300,0,1,60,0,6,2.94
0,18,155,4152,0,1,2,2,2,100,0,0,60,1,0,1.73
0,18,174,13387,1,1,3,3,2,285,0,1,43,1,4,4.42
1,23,176,10649,1,1,2,3,2,300,0,0,102,2,2,3.44
0,38,162,7954,1,1,2,3,2,174,0,0,0,1,2,3.03
0,21,150,6200,0,1,2,3,2,200,0,0,0,1,1,2.76
1,17,180,8700,0,1,2,4,2,200,0,2,60,0,5,2.69
1,21,180,7000,0,1,3,4,0,300,0,2,60,2,1,2.16
1,22,176,11616,1,1,1,3,2,200,0,0,36,1,3,3.75
0,25,163,10483,1,1,3,3,2,253,0,0,33,1,4,3.95
0,23,165,6400,1,1,3,3,2,200,0,0,0,2,1,2.35
0,26,163,11188,1,1,3,3,2,263,0,0,10,1,4,4.21
1,33,169,9920,1,1,2,2,2,100,0,1,60,2,3,3.47
1,26,176,11866,1,1,3,3,2,297,0,0,34,1,3,3.83
0,45,167,7969,1,1,2,3,2,160,0,0,0,2,6,2.86
0,20,171,13140,1,1,3,3,2,172,0,1,54,1,4,4.49
0,26,162,11100,1,1,3,3,2,270,0,0,4,1,4,4.23
0,18,171,8000,1,1,2,3,2,200,0,2,84,2,6,2.74
1,18,170,7500,1,1,2,3,1,300,0,1,60,1,5,2.6
0,16,162,6500,0,1,2,3,2,100,0,3,60,1,1,2.48
0,18,160,5100,1,1,3,3,2,100,0,0,60,1,1,1.99
0,26,164,11182,1,1,3,3,2,261,0,0,10,1,4,4.16
0,21,163,6552,1,1,2,2,3,212,0,0,95,1,5,2.47
1,17,183,9500,1,0,2,3,2,300,0,3,60,1,6,2.84
1,37,175,11814,1,1,1,3,2,207,0,0,0,1,3,3.86
0,41,154,8000,1,1,2,1,2,200,0,0,0,1,2,3.37
1,25,184,11763,1,1,2,3,2,200,0,1,1,1,3,3.47
1,21,166,6000,0,0,3,1,2,200,0,0,0,1,1,2.18
1,21,161,6400,0,0,2,3,2,200,0,1,0,1,1,2.47
0,26,164,11188,1,1,3,3,2,263,0,0,5,1,4,4.16
0,20,160,6500,1,0,2,4,2,100,0,0,60,1,6,2.54
1,28,184,11315,1,1,2,3,2,216,0,1,0,1,3,3.34
1,31,176,12042,1,1,2,3,2,204,0,1,40,1,3,3.89
0,22,162,5800,0,1,2,3,2,100,0,2,0,1,1,2.21
0,18,178,13779,1,1,3,3,2,268,0,1,50,1,4,4.35
0,18,165,6000,1,1,3,3,2,200,0,1,60,2,5,2.2
0,18,173,5095,0,1,1,3,2,195,0,0,22,1,0,1.7
1,23,184,12124,1,1,2,3,2,254,0,0,7,1,3,3.58
1,25,175,11239,1,1,1,3,2,200,0,1,0,1,3,3.67
1,17,174,5500,1,1,3,4,1,200,0,2,60,2,0,1.82
0,33,160,6300,1,1,3,3,2,200,0,0,0,1,5,2.46
1,22,182,7200,1,1,3,3,0,100,0,0,0,1,1,2.17
1,33,170,8301,1,1,2,2,2,268,0,1,0,1,6,2.87
1,35,167,10226,1,1,2,3,2,200,0,1,34,2,3,3.67
1,31,182,12043,1,1,2,3,2,235,0,0,101,1,3,3.64
0,20,153,4196,0,1,2,1,1,124,0,1,0,2,0,1.79
0,26,173,11186,1,1,3,3,2,139,0,0,13,1,4,3.74
0,18,158,4139,0,1,3,1,1,115,0,0,9,1,0,1.66
1,24,178,11337,1,1,2,2,2,211,0,1,10,1,3,3.58
0,26,163,10701,1,1,3,3,2,257,0,0,5,1,4,4.03
0,26,160,11194,1,1,3,3,2,277,0,0,16,1,4,4.37
0,19,175,13347,1,1,3,3,2,279,0,1,55,1,4,4.36
1,18,180,10800,1,1,2,3,2,200,0,1,60,1,2,3.33
0,18,158,7000,1,1,2,1,2,211,0,1,0,1,5,2.8
1,33,172,8300,0,1,2,1,2,200,0,3,0,1,5,2.81
0,26,165,11193,1,1,3,3,2,277,0,0,5,1,4,4.11
1,22,170,5000,0,1,3,4,2,200,0,0,120,2,0,1.73
0,18,173,13257,1,1,3,3,2,286,0,1,37,1,4,4.43
0,24,160,6600,1,1,3,3,2,200,0,1,0,2,5,2.58
1,27,187,8734,0,1,2,3,2,263,0,2,58,1,5,2.5
1,26,179,11816,1,1,2,3,2,233,0,0,4,1,3,3.69
0,26,162,11067,1,1,3,3,2,269,0,0,24,1,4,4.22
1,39,171,9619,1,1,2,1,2,185,0,0,0,2,6,3.29
0,24,160,5300,0,1,3,3,1,200,0,1,0,2,1,2.07
0,26,165,11193,1,1,3,3,2,277,0,0,7,1,4,4.11
0,26,163,11193,1,1,3,3,2,255,0,0,5,1,4,4.21
1,23,180,6800,1,1,2,3,2,200,0,1,0,1,1,2.1
0,43,159,7735,1,1,2,3,2,211,0,0,0,1,2,3.06
1,17,172,5300,1,1,2,3,2,200,0,2,120,1,0,1.79
0,19,162,7000,0,1,2,3,1,200,0,2,0,1,1,2.67
1,34,170,8356,1,1,2,3,2,248,0,0,0,1,6,2.89
1,23,172,9869,1,1,2,1,2,100,0,1,0,2,3,3.34
0,22,162,8241,1,1,2,1,2,200,0,0,0,1,2,3.14
0,26,164,11191,1,1,3,3,2,247,0,0,27,1,4,4.16
0,19,162,6938,0,1,2,1,2,133,0,0,67,1,5,2.64
1,21,174,8000,1,1,2,3,2,200,0,0,120,0,6,2.64
1,32,169,10281,1,1,2,3,2,100,0,0,0,1,3,3.6
0,22,174,8200,1,1,2,3,2,262,0,2,0,2,2,2.71
1,24,186,12042,1,1,2,3,2,282,0,0,43,1,3,3.48
1,21,165,6600,1,0,2,3,2,200,0,2,0,1,1,2.42
0,22,162,8200,1,1,1,1,2,100,0,0,60,1,2,3.12
1,33,170,8300,1,1,2,2,2,197,0,1,0,2,6,2.87
1,29,170,9286,1,1,2,3,2,116,0,1,60,0,2,3.21
0,21,173,13347,1,1,3,3,2,184,0,1,51,1,4,4.46
0,26,162,10998,1,1,3,3,2,247,0,0,27,1,4,4.19
0,26,162,10997,1,1,3,3,2,131,0,0,28,1,4,4.19
0,18,160,5100,1,1,2,3,2,100,0,1,60,2,1,1.99
1,24,175,12098,1,1,2,3,2,292,0,1,26,1,3,3.95
1,26,176,11227,1,1,1,3,2,200,0,0,15,1,3,3.62
1,31,182,12511,1,1,2,3,2,166,0,0,0,1,3,3.78
0,20,161,5350,1,1,2,3,2,100,0,2,60,2,1,2.06
0,25,160,10208,1,1,3,3,2,102,0,0,42,1,4,3.99
0,21,174,13366,1,1,3,3,2,248,0,1,46,1,4,4.41
0,35,161,7400,1,0,3,3,2,300,0,0,0,1,6,2.85
1,18,180,10830,1,1,2,3,2,262,0,1,0,2,2,3.34
1,22,179,10569,1,1,2,3,2,204,0,0,24,1,2,3.3
1,30,164,8269,1,1,2,3,2,195,0,1,0,1,2,3.07
1,18,171,5105,1,1,2,3,2,220,0,1,104,2,0,1.75
1,20,174,6400,1,1,3,3,2,200,0,1,60,1,1,2.11
1,18,175,5602,1,1,2,3,2,281,0,1,69,1,0,1.83
0,17,171,5000,0,1,2,3,2,100,0,2,60,1,0,1.71
1,18,179,5200,1,1,3,3,2,200,0,1,60,1,0,1.62
0,20,169,6000,1,1,3,3,1,200,0,0,0,2,0,2.1
1,23,181,12173,1,1,2,2,2,134,0,1,0,1,3,3.72
1,23,175,11659,1,1,1,3,2,200,0,0,120,1,3,3.81
1,18,180,5500,0,1,2,3,2,200,0,1,60,1,1,1.7
0,18,162,7000,1,1,2,1,2,234,0,0,56,2,5,2.67
1,25,178,11274,1,1,1,3,2,274,0,0,0,1,3,3.56
1,22,185,12152,1,1,3,2,2,184,0,1,0,1,3,3.55
0,26,163,11091,1,1,3,3,2,267,0,0,28,1,4,4.17
1,23,175,7500,1,1,3,3,2,200,0,1,60,1,1,2.45
0,18,163,8449,1,1,2,3,2,119,0,1,0,1,2,3.18
1,25,178,11306,1,1,1,3,2,200,0,1,0,1,3,3.57
1,17,172,5000,0,0,3,3,2,200,0,2,120,2,0,1.69
0,21,162,6800,0,1,2,3,2,300,0,1,0,1,5,2.59
0,20,173,12511,1,1,3,3,2,154,0,0,53,1,4,4.18
0,21,174,13390,1,1,3,3,2,283,0,1,42,1,4,4.42
0,18,174,13301,1,1,3,3,2,247,0,1,44,1,4,4.39
0,18,175,13316,1,1,3,3,2,274,0,1,46,1,4,4.35
1,21,169,8000,1,1,2,3,2,200,0,0,60,2,6,2.8
0,19,153,4200,0,0,2,3,1,100,0,0,7,1,0,1.79
1,24,178,12079,1,1,2,3,2,284,0,1,44,1,3,3.81
1,25,178,11274,1,1,2,3,2,200,0,1,0,1,3,3.56
1,25,174,7200,1,0,3,3,2,100,0,2,0,1,1,2.38
0,26,162,11077,1,1,3,3,2,261,0,0,22,1,4,4.22
0,26,163,11126,1,1,3,3,2,272,0,0,11,1,4,4.19
0,37,156,8000,1,1,2,3,2,170,0,0,0,1,2,3.29
0,21,158,4308,0,0,3,1,1,255,0,0,0,2,0,1.73
1,24,172,8400,1,1,2,3,2,300,0,3,0,1,6,2.84
1,36,178,10106,1,1,2,2,2,100,0,1,0,2,3,3.19
1,19,172,5300,0,1,2,3,1,200,0,1,120,2,1,1.79
1,31,161,10200,1,1,2,2,2,100,0,1,0,2,3,3.94
1,20,167,9000,1,1,2,1,0,300,0,3,0,1,2,3.23
0,18,170,5000,0,1,2,3,2,100,0,2,60,1,0,1.73
1,31,177,12043,1,1,2,3,2,204,0,1,0,1,3,3.84
0,21,173,13364,1,1,3,3,2,235,0,1,51,1,4,4.47
1,27,183,11833,1,1,2,3,2,289,0,0,0,1,3,3.53
0,18,166,5600,1,1,2,3,2,100,0,1,0,1,1,2.03
1,23,184,12104,1,1,2,2,2,201,0,1,17,1,3,3.58
1,19,185,8500,0,1,3,3,2,300,0,1,60,1,5,2.48
0,21,153,4200,0,0,3,1,1,149,0,0,0,1,0,1.79
1,19,162,6900,1,0,3,1,2,200,0,1,0,2,6,2.63
0,17,181,6126,1,1,2,3,2,272,1,0,115,1,0,1.87
0,26,164,11182,1,1,3,3,2,270,0,0,15,1,4,4.16
1,21,170,8000,1,1,3,3,2,100,0,2,60,2,6,2.77
1,29,177,11234,1,1,1,3,2,204,0,0,37,1,3,3.59
0,21,164,6839,1,1,1,3,3,200,0,0,34,1,5,2.54
0,19,171,6500,1,1,3,3,2,300,0,1,60,2,1,2.22
0,26,164,11191,1,1,3,3,2,286,0,0,4,1,4,4.16
1,31,180,12541,1,1,2,3,2,216,0,0,3,1,3,3.87
1,31,180,12901,1,1,2,3,2,204,0,1,0,1,3,3.98
1,17,186,5894,1,1,3,3,2,265,0,1,8,2,0,1.7
1,30,176,10377,1,1,2,3,2,100,0,0,0,1,3,3.35
0,19,174,13166,1,1,3,3,2,289,0,1,42,1,4,4.35
0,19,152,4200,0,0,3,1,1,100,0,2,0,1,0,1.82
0,26,164,11182,1,1,3,3,2,270,0,0,13,1,4,4.16
0,26,162,10493,1,1,3,3,2,132,0,0,120,1,4,4.0
1,26,176,5200,1,0,2,3,2,200,0,0,60,1,0,1.68
0,22,175,5552,1,1,2,3,2,200,0,1,120,2,0,1.81
0,16,173,5000,0,1,1,3,2,199,0,0,105,1,0,1.67
0,21,163,6600,1,1,2,3,2,200,0,1,0,1,5,2.48
0,26,165,11182,1,1,3,3,2,267,0,0,16,1,4,4.11
1,33,173,8431,1,1,2,3,2,200,0,1,0,2,6,2.82
0,18,160,8200,1,1,1,2,2,200,0,0,45,2,2,3.2
0,20,153,4139,0,1,2,2,1,245,0,0,33,1,0,1.77
0,26,162,11062,1,1,3,3,2,255,0,0,60,1,4,4.22
0,26,163,11194,1,1,3,3,2,273,0,0,7,1,4,4.21
0,20,162,6500,1,1,3,1,2,200,0,0,60,2,6,2.48
1,24,160,10043,1,1,1,1,2,200,0,1,37,2,3,3.92
1,33,165,7300,1,1,2,3,2,300,0,3,0,1,5,2.68
0,25,162,10483,1,1,3,3,2,251,0,0,27,1,4,3.99
1,25,176,11784,1,1,1,3,2,232,0,1,8,1,3,3.8
0,26,162,11016,1,1,3,3,2,240,0,0,28,1,4,4.2
1,21,181,10525,1,1,2,3,2,300,0,1,0,1,2,3.21
1,17,170,8300,1,1,2,3,2,200,0,1,60,1,6,2.87
1,18,180,5800,1,1,2,3,2,200,0,2,0,2,1,1.79
0,32,160,7242,1,1,2,3,2,200,0,0,0,1,5,2.83
0,25,164,10458,1,1,3,3,2,131,0,0,38,1,4,3.89
1,19,181,5602,0,1,3,3,1,142,0,2,69,0,0,1.71
1,30,169,10281,1,1,2,2,2,100,0,1,60,2,3,3.6
0,24,150,4500,0,0,2,3,2,200,0,0,60,2,0,2.0
0,30,168,9000,1,1,2,3,2,200,0,1,0,1,2,3.19
0,26,156,8000,1,1,2,1,2,200,0,0,0,1,2,3.29
0,29,161,7481,1,0,2,2,2,277,0,1,60,1,5,2.89
1,21,165,6200,0,1,2,1,2,200,0,1,60,2,5,2.28
1,16,172,6600,0,1,2,4,2,200,0,2,0,2,1,2.23
0,18,169,13814,1,1,3,3,2,283,0,0,53,1,4,4.84
0,20,173,12870,1,1,3,3,2,273,0,0,43,1,4,4.3
1,19,160,7000,0,1,2,1,1,200,0,1,60,1,5,2.73
0,26,163,11186,1,1,3,3,2,263,0,0,12,1,4,4.21
1,21,175,7500,0,1,3,3,0,200,0,3,60,2,1,2.45
0,21,172,5000,0,1,2,3,1,175,0,1,0,1,0,1.69
1,23,165,8000,1,1,2,3,2,200,0,1,60,1,6,2.94
1,18,162,5300,0,1,2,3,1,200,0,1,60,1,0,2.02
1,19,180,8500,1,0,3,3,1,200,0,3,0,0,5,2.62
1,29,181,10547,1,1,2,3,2,211,0,1,0,1,2,3.22
0,41,155,7700,1,1,3,3,2,200,0,0,0,1,2,3.2
0,22,179,8200,0,1,3,2,2,100,0,2,60,1,6,2.56
0,21,174,13395,1,1,3,3,2,286,0,1,53,1,4,4.42
0,22,166,8301,1,1,2,2,2,266,0,0,15,1,2,3.01
0,20,163,5600,1,1,3,3,2,200,0,2,0,1,1,2.11
0,22,160,6500,1,1,2,1,2,200,0,0,0,2,5,2.54
0,18,165,5800,1,1,3,3,2,200,0,1,0,2,1,2.13
1,25,178,11616,1,1,1,3,2,200,0,1,39,1,3,3.67
1,40,178,10988,1,1,2,3,2,179,0,0,0,2,3,3.47
1,25,178,11538,1,1,2,3,2,265,0,1,93,1,3,3.64
0,21,163,6400,1,0,2,1,2,200,0,1,0,1,1,2.41
1,33,175,7500,0,0,3,1,2,200,0,1,0,1,5,2.45
1,19,168,6800,0,0,3,3,2,200,0,1,60,1,1,2.41
0,22,156,5800,1,0,3,3,1,200,0,1,60,2,1,2.38
1,30,178,10291,1,1,2,2,2,100,0,1,60,1,3,3.25
0,23,155,5000,0,1,3,3,1,100,0,0,60,1,1,2.08
1,21,175,9600,1,1,2,3,2,300,0,1,60,2,2,3.13
1,32,188,9900,1,1,2,1,2,200,0,1,0,1,6,2.8
1,37,175,11880,1,1,2,2,2,280,0,0,0,2,3,3.88
1,31,174,7100,1,1,3,3,2,200,1,3,60,1,1,2.35
1,18,175,5725,1,1,2,3,2,200,0,1,60,1,0,1.87
0,22,158,8200,1,1,2,1,2,200,0,1,0,2,2,3.28
0,39,150,7958,1,1,2,1,2,100,0,0,0,1,2,3.54
1,33,172,8300,0,0,3,3,2,300,0,2,0,2,6,2.81
1,21,168,6800,0,1,2,3,2,200,0,1,60,1,1,2.41
1,21,175,7800,1,1,2,1,2,200,0,1,0,1,5,2.55
0,23,168,7500,0,1,2,3,2,100,0,1,60,1,5,2.66
0,23,160,5000,0,1,3,1,1,100,0,0,60,1,1,1.95
1,31,178,12015,1,1,2,3,2,235,0,1,0,1,3,3.79
0,25,163,10999,1,1,3,3,2,281,0,0,27,1,4,4.14
0,26,163,11156,1,1,3,3,2,262,0,0,5,1,4,4.2
0,23,160,7800,1,0,2,1,2,200,0,1,60,2,2,3.05
1,23,168,9350,1,1,3,1,2,200,0,1,0,1,2,3.31
1,21,185,6500,1,1,2,3,2,200,0,1,60,1,1,1.9
0,21,174,13376,1,1,3,3,2,285,0,1,53,1,4,4.42
1,19,168,6000,0,1,3,3,1,200,0,2,60,2,1,2.13
0,21,161,6886,0,1,2,1,2,281,0,0,15,1,5,2.66
0,26,164,11194,1,1,3,3,2,263,0,0,8,1,4,4.16
1,25,187,12124,1,1,3,3,2,262,0,1,0,1,3,3.47
1,36,177,11228,1,1,2,3,2,214,0,0,60,2,3,3.58
1,26,183,10500,1,1,2,3,2,237,0,0,0,1,2,3.14
1,61,175,7900,1,1,3,3,2,200,0,2,0,1,5,2.58
1,20,175,7500,1,1,3,3,2,200,0,1,60,2,1,2.45
1,18,175,5000,0,1,2,4,2,200,0,0,120,1,0,1.63
0,21,173,13314,1,1,3,3,2,298,0,1,53,1,4,4.45
1,22,179,10500,1,1,2,3,0,200,0,2,60,1,2,3.28
0,19,165,7727,1,0,2,3,2,200,0,1,60,2,6,2.84
1,23,182,10649,1,1,2,3,2,254,0,2,93,1,2,3.21
0,21,175,13384,1,1,3,3,2,261,0,1,46,1,4,4.37
1,21,175,9445,1,1,2,1,2,200,0,0,120,2,2,3.08
0,25,162,10487,1,1,3,3,2,222,0,0,50,1,4,4.0
0,21,162,5200,1,1,3,3,2,100,0,1,60,1,1,1.98
1,23,170,8500,0,0,2,3,2,200,0,1,60,1,6,2.94
1,18,178,9000,1,1,2,3,2,200,0,1,120,1,2,2.84
0,26,150,7800,1,1,2,1,2,200,0,0,0,2,2,3.47
0,23,172,13346,1,1,3,3,2,284,0,1,48,1,4,4.51
0,19,164,4960,0,1,2,3,2,143,0,2,120,1,0,1.84
0,26,160,10492,1,1,3,3,2,268,0,0,41,1,4,4.1
1,18,170,7500,0,1,3,3,2,200,0,1,60,1,1,2.6
0,17,170,5000,1,1,2,3,1,200,0,2,60,1,0,1.73
1,23,185,10500,1,1,2,3,2,300,0,2,60,0,2,3.07
0,26,165,11199,1,1,3,3,2,289,0,0,5,1,4,4.11
0,26,162,11182,1,1,3,3,2,247,0,0,9,1,4,4.26
1,22,170,9500,1,1,2,3,0,300,0,0,120,1,2,3.29
1,29,175,11200,1,1,1,3,2,200,0,0,60,1,3,3.66
0,25,167,10477,1,1,3,3,2,261,0,0,55,1,4,3.76
0,21,176,13395,1,1,3,3,2,274,0,1,52,1,4,4.32
1,21,170,6500,1,1,3,3,1,200,0,2,60,2,1,2.25
1,29,176,11243,1,1,2,3,2,208,0,0,4,1,3,3.63
0,25,174,10479,1,1,3,3,2,221,0,0,50,1,4,3.46
1,21,182,7200,1,1,2,3,1,200,1,3,0,2,1,2.17
0,21,174,13152,1,1,3,3,2,130,0,1,55,1,4,4.34
0,19,150,4200,0,1,2,1,2,100,0,1,0,1,5,1.87
1,25,177,11308,1,1,2,3,2,200,0,1,100,1,3,3.61
1,32,175,12000,1,1,2,3,2,204,0,1,0,2,3,3.92
0,26,164,11193,1,1,3,3,2,231,0,0,14,1,4,4.16
0,38,155,7700,1,1,3,3,2,100,0,0,0,1,2,3.2
1,26,182,12098,1,1,2,3,2,300,0,1,37,1,3,3.65
1,18,178,5152,0,1,2,4,2,200,0,1,60,1,0,1.63
0,18,174,13301,1,1,3,3,2,247,0,1,39,1,4,4.39
1,18,180,6000,0,1,2,3,2,200,0,1,60,1,1,1.85
0,26,164,11160,1,1,3,3,2,269,0,0,5,1,4,4.15
1,18,177,6800,1,1,2,3,2,200,0,1,60,1,1,2.17
0,26,164,11194,1,1,3,3,2,255,0,0,5,1,4,4.16
1,28,165,8000,1,1,2,1,2,100,0,1,0,2,6,2.94
0,26,163,11188,1,1,3,3,2,262,0,0,5,1,4,4.21
0,26,162,11007,1,1,3,3,2,263,0,0,37,1,4,4.19
1,17,181,5883,1,1,2,3,2,245,0,2,55,2,0,1.8
0,26,162,11092,1,1,3,3,2,270,0,0,55,1,4,4.23
1,18,170,7500,1,1,2,3,1,200,0,1,60,1,5,2.6
1,28,182,7200,1,0,2,3,2,200,0,1,0,1,1,2.17
1,24,180,11295,1,1,1,2,2,200,0,1,0,1,2,3.49
1,18,170,8000,1,1,2,3,2,200,0,1,60,2,6,2.77
0,20,173,13294,1,1,3,3,2,184,0,1,55,1,4,4.44
1,18,178,7900,1,1,3,1,2,200,0,1,0,0,5,2.49
1,19,185,8500,1,1,2,3,2,300,0,3,60,1,6,2.48
1,29,175,11232,1,1,2,3,2,208,0,0,6,1,2,3.67
0,17,162,6800,0,1,2,1,2,200,0,0,120,1,5,2.59
0,26,163,11194,1,1,3,3,2,262,0,0,4,1,4,4.21
0,23,160,8200,1,1,2,3,2,300,0,2,120,1,2,3.2
0,19,167,7800,0,0,2,3,2,200,0,1,0,2,6,2.8
1,17,172,5569,1,1,2,3,2,236,0,2,0,1,0,1.88
1,25,175,10599,1,1,2,3,2,235,0,1,37,1,3,3.46
0,18,172,5205,1,1,2,3,2,200,0,0,71,2,0,1.76
0,18,160,8200,1,1,2,3,1,100,0,0,60,2,2,3.2
0,26,162,10998,1,1,3,3,2,144,0,0,45,1,4,4.19
1,55,160,8000,1,1,2,3,2,300,0,3,0,2,5,3.12
1,22,170,8102,1,1,2,2,2,180,0,0,32,1,6,2.8
1,26,176,12015,1,1,2,3,2,247,0,1,45,1,3,3.88
1,32,170,10278,1,1,2,2,2,100,0,1,0,2,3,3.56
0,19,167,4965,0,0,3,3,1,100,0,0,0,1,0,1.78
0,26,160,6100,0,0,2,3,0,100,0,1,60,1,1,2.38
1,22,185,12145,1,1,2,2,2,197,0,0,0,1,3,3.55
1,22,182,12131,1,1,2,2,2,290,0,1,0,1,3,3.66
0,22,171,5195,1,1,2,3,1,196,0,0,60,2,0,1.78
1,19,170,7500,1,1,3,3,1,200,0,0,120,1,5,2.6
1,24,186,12020,1,1,2,2,2,223,0,1,0,1,3,3.47
0,21,173,13387,1,1,3,3,2,269,0,1,55,1,4,4.47
1,18,170,5017,0,1,1,3,2,108,0,0,63,1,0,1.74
0,18,160,8300,1,1,2,1,2,100,0,0,120,2,2,3.24
1,21,169,9891,1,1,2,2,2,220,0,0,120,2,2,3.46
1,37,176,11833,1,1,2,3,2,100,0,0,38,1,3,3.82
0,22,170,5000,0,1,2,4,1,100,0,2,120,1,0,1.73
1,33,175,7500,0,1,2,3,0,100,0,1,0,1,1,2.45
1,21,165,7000,0,1,2,3,2,300,0,1,60,2,5,2.57
0,24,168,11416,1,1,3,3,2,286,0,0,46,1,4,4.04
1,55,170,8000,1,1,2,3,2,200,0,2,60,2,6,2.77
1,25,171,8341,1,1,2,3,2,197,0,1,6,1,6,2.85
0,36,174,7200,1,1,3,3,2,100,0,3,0,1,5,2.38
0,23,163,8203,1,1,2,2,2,101,0,1,0,1,2,3.09
0,20,167,7982,1,1,3,2,2,213,0,0,10,1,6,2.86
0,21,171,13140,1,1,3,3,2,174,0,1,43,1,4,4.49
1,24,182,12086,1,1,2,3,2,300,0,1,58,1,3,3.65
1,27,178,12092,1,1,2,3,2,231,0,1,40,1,3,3.82
1,30,186,12039,1,1,2,3,2,283,0,1,0,1,3,3.48
0,18,165,6000,1,1,2,3,2,200,0,0,60,1,1,2.2
0,19,162,6900,1,1,2,3,3,200,0,1,0,1,5,2.63
0,22,165,4900,1,0,3,3,2,200,0,0,60,1,0,1.8
0,28,168,7720,1,0,2,2,2,177,0,0,0,2,6,2.74
0,26,164,10483,1,1,3,3,2,237,0,0,27,1,4,3.9
0,23,158,4475,0,0,3,2,1,124,0,0,0,1,0,1.79
1,16,164,5800,0,1,2,3,2,100,0,1,0,2,1,2.16
1,21,183,6800,1,1,2,3,2,300,0,1,0,1,1,2.03
1,26,182,12086,1,1,2,3,2,231,0,1,0,1,3,3.65
1,21,162,7000,0,1,2,1,2,200,0,1,0,1,5,2.67
1,25,177,11227,1,1,1,3,2,204,0,1,0,1,3,3.58
0,18,165,8000,1,1,2,1,2,200,0,1,0,2,2,2.94
1,23,171,7500,0,1,3,3,2,200,0,0,0,1,5,2.56
0,21,162,6900,1,1,2,1,3,200,0,1,0,1,5,2.63
0,34,167,7720,1,1,2,1,2,165,0,2,41,2,5,2.77
1,20,175,5596,0,1,2,4,1,200,0,2,9,1,0,1.83
0,26,162,11193,1,1,3,3,2,262,0,0,16,1,4,4.26
1,22,183,9718,1,1,2,2,2,300,0,1,60,1,2,2.9
0,25,167,10998,1,1,3,3,2,143,0,0,27,1,4,3.94
0,26,163,11103,1,1,3,3,2,260,0,0,10,1,4,4.18
1,17,172,6500,1,1,2,3,2,200,1,0,120,1,5,2.2
0,25,166,11308,1,1,3,3,2,295,0,0,26,1,4,4.1
0,26,162,11160,1,1,3,3,2,260,0,0,15,1,4,4.25
1,23,178,10603,1,1,2,2,2,218,0,0,31,2,2,3.35
1,25,166,11283,1,1,1,3,2,202,0,0,75,1,2,4.09
1,25,178,11323,1,1,2,3,2,215,0,0,50,1,3,3.57
0,19,163,6100,1,1,3,1,1,200,1,3,60,1,1,2.3
1,23,170,8000,1,1,2,3,2,200,0,0,60,1,6,2.77
0,24,163,11446,1,1,3,3,2,253,0,0,33,1,4,4.31
0,42,158,7984,1,1,2,3,2,100,0,0,0,0,5,3.2
1,19,183,8999,1,1,2,2,2,270,0,0,51,1,6,2.69
1,16,180,8700,1,1,2,4,1,200,1,1,60,2,5,2.69
1,24,170,8093,1,1,2,1,2,200,0,0,60,1,6,2.8
0,21,174,13374,1,1,3,3,2,286,0,1,55,1,4,4.42
0,21,160,8200,1,1,2,1,2,300,0,1,0,2,2,3.2
1,22,176,11610,1,1,1,3,2,200,0,1,60,1,3,3.75
1,25,169,11201,1,1,1,3,2,200,0,1,0,1,3,3.92
1,18,178,5300,0,1,2,4,2,200,0,2,60,1,0,1.67
1,31,177,12015,1,1,2,3,2,235,0,0,32,1,3,3.84
1,21,175,8000,1,0,2,3,2,200,0,2,60,1,5,2.61
1,17,176,9784,1,1,2,3,2,200,0,0,8,1,2,3.16
0,21,162,6900,1,1,2,1,3,100,0,1,0,1,5,2.63
0,23,165,6000,1,1,2,3,2,200,0,1,0,2,1,2.2
1,21,177,9000,1,0,2,3,2,200,0,2,0,1,2,2.87
0,21,170,7800,0,0,3,1,2,100,0,2,0,2,5,2.7
0,18,157,5600,1,1,2,3,1,200,0,3,0,2,1,2.27
1,30,167,10200,1,1,2,2,2,100,0,0,85,2,3,3.66
1,26,175,11856,1,1,2,3,2,208,0,0,0,1,3,3.87
1,25,176,11390,1,1,1,3,2,210,0,1,45,1,3,3.68
1,26,183,12165,1,1,3,3,2,243,0,0,28,1,3,3.63
0,20,160,4500,0,1,3,3,2,255,0,0,22,1,0,1.76
1,23,176,11320,1,1,2,2,2,150,0,0,27,1,3,3.65
1,17,171,8328,1,1,2,3,2,166,0,1,1,1,6,2.85
1,19,170,5015,1,1,2,3,2,211,0,1,2,2,0,1.74
1,41,170,8000,0,0,2,3,1,200,0,1,0,1,6,2.77
0,26,163,11080,1,1,3,3,2,286,0,0,27,1,4,4.17
0,26,162,11189,1,1,3,3,2,277,0,0,23,1,4,4.26
1,22,185,12124,1,1,2,2,2,166,0,0,0,1,3,3.54
1,20,176,5500,0,1,2,4,2,300,0,2,0,1,0,1.78
0,18,174,14993,1,1,3,3,2,187,0,1,39,1,4,4.95
1,21,161,7000,0,1,2,3,3,256,0,0,93,1,5,2.7
1,21,162,7000,0,0,2,3,3,300,0,1,0,2,5,2.67
0,40,157,8000,1,1,2,2,2,197,0,0,0,1,2,3.25
0,25,160,10498,1,1,3,3,2,131,0,0,33,1,4,4.1
0,22,161,8200,1,1,2,1,2,200,0,0,18,2,2,3.16
1,23,178,10400,1,0,2,3,2,200,0,0,120,2,2,3.28
1,18,160,6000,1,1,2,1,2,300,0,0,16,1,5,2.34
0,22,175,5600,1,1,3,4,1,200,0,2,0,1,1,1.83
1,29,176,12426,1,1,2,3,2,204,0,0,48,1,3,4.01
0,26,164,11168,1,1,3,3,2,262,0,0,16,1,4,4.15
0,19,178,5000,0,1,3,3,2,282,0,1,6,1,0,1.58
1,40,171,10254,1,1,2,2,2,178,0,0,0,1,2,3.51
1,23,186,12168,1,1,2,2,2,200,0,1,56,1,3,3.52
0,19,169,8000,1,0,2,2,2,227,0,0,0,2,6,2.8
0,21,169,8031,1,1,2,2,2,181,0,0,49,2,6,2.81
1,18,178,7000,0,1,2,3,2,100,0,1,60,1,1,2.21
0,20,156,4193,0,1,2,3,1,100,0,0,54,1,0,1.72
1,22,184,12281,1,1,3,2,2,164,0,0,0,1,3,3.63
0,19,153,4200,0,1,3,1,1,100,0,0,0,1,0,1.79
1,27,169,10370,1,1,2,2,2,122,0,1,0,1,3,3.63
1,20,177,7000,1,1,1,3,1,200,0,2,60,2,1,2.23
0,18,171,13366,1,1,3,3,2,283,0,1,50,1,4,4.57
0,42,156,8000,1,1,2,3,2,100,0,0,0,1,2,3.29
0,19,162,4500,0,1,3,3,0,300,0,2,0,2,0,1.71
1,22,163,9418,1,1,2,2,2,200,0,0,60,2,2,3.54
0,21,159,4464,0,0,3,3,1,100,0,1,0,1,0,1.77
1,27,165,7800,1,0,3,1,2,200,0,0,0,2,6,2.87
0,16,163,4500,1,1,3,3,1,100,1,1,120,1,0,1.69
0,21,163,8200,1,1,2,1,2,100,0,1,60,2,2,3.09
1,33,171,8489,1,1,2,2,2,208,0,1,53,2,6,2.9
0,21,170,7800,1,1,2,3,2,200,0,1,120,1,6,2.7
0,37,156,8000,1,1,2,1,2,156,0,1,0,1,2,3.29
1,22,172,9409,1,1,2,2,2,200,0,0,63,2,2,3.18
0,22,154,5600,1,0,3,3,2,200,0,1,0,2,1,2.36
1,23,185,10603,1,1,2,1,2,200,0,1,60,1,2,3.1
0,26,176,11100,1,1,3,3,2,277,0,0,54,1,4,3.58
0,18,173,5208,1,1,3,3,2,170,0,0,60,1,0,1.74
1,23,185,7500,0,1,2,1,2,200,0,2,0,1,1,2.19
1,19,175,5832,1,1,2,3,2,277,0,2,45,1,0,1.9
1,21,165,8045,1,1,2,2,2,200,0,0,71,2,6,2.96
0,21,173,8200,1,1,1,3,2,100,0,0,64,1,2,2.74
1,23,170,8300,1,1,2,3,2,100,0,1,60,0,6,2.87
0,20,150,4700,0,0,2,3,2,200,0,3,0,2,1,2.09
1,30,176,11833,1,1,2,3,2,201,0,0,0,1,3,3.82
1,40,176,10959,1,1,2,3,2,184,0,0,0,1,3,3.54
1,20,162,7000,0,1,2,1,3,300,0,1,0,2,5,2.67
0,21,153,5200,0,0,3,4,1,100,1,2,0,1,0,2.22
0,38,170,7800,1,1,3,3,2,200,0,0,0,0,6,2.7
0,18,160,5600,1,1,3,3,0,200,0,1,60,1,1,2.19
1,23,170,8166,1,1,2,2,2,170,0,1,0,1,6,2.83
1,30,170,6800,0,0,2,3,2,100,0,0,0,1,2,2.35
0,26,170,7800,1,1,3,1,2,200,0,0,0,0,5,2.7
0,21,165,6400,1,1,3,3,2,200,0,1,0,1,1,2.35
0,18,170,5000,1,1,2,3,1,200,0,0,120,2,0,1.73
1,21,176,8000,1,1,2,2,2,200,0,2,60,1,6,2.58
0,22,164,8531,1,1,2,3,2,257,0,2,0,2,2,3.17
1,17,171,5000,0,1,2,3,2,100,0,0,60,1,0,1.71
0,21,155,5800,1,1,3,3,2,100,0,1,0,2,1,2.41
0,17,160,5000,0,1,2,1,1,100,0,2,120,2,1,1.95
0,26,163,11192,1,1,3,3,2,267,0,0,9,1,4,4.21
0,23,165,8000,1,0,2,3,2,100,0,0,120,2,2,2.94
1,27,176,11160,1,1,2,3,2,250,0,0,24,1,3,3.6
1,23,160,9500,1,1,2,3,2,100,0,1,60,2,2,3.71
1,22,177,11615,1,1,2,3,2,200,0,0,93,1,3,3.71
0,21,157,5100,1,1,3,3,2,200,0,1,0,2,1,2.07
1,21,171,8000,1,1,2,1,2,200,0,2,84,1,5,2.74
1,21,170,7500,0,1,2,3,2,100,0,1,60,1,6,2.6
0,25,173,10492,1,1,3,3,2,127,0,0,42,1,4,3.51
0,20,189,5000,0,0,3,4,2,100,0,2,60,1,0,1.4
0,26,163,11194,1,1,3,3,2,265,0,0,9,1,4,4.21
1,22,178,8966,1,1,1,1,2,200,0,2,79,2,2,2.83
1,24,177,12086,1,1,2,3,2,250,0,1,17,1,3,3.86
1,24,187,9700,1,1,2,3,1,300,0,1,0,1,3,2.77
0,21,171,13395,1,1,3,3,2,231,0,1,43,1,4,4.58
1,25,176,11542,1,1,1,3,2,211,0,1,0,1,3,3.73
0,22,166,8200,1,1,2,3,2,260,0,0,6,2,2,2.98
0,33,169,7500,1,0,3,3,2,300,1,3,0,2,5,2.63
1,34,170,8400,1,1,3,3,2,200,0,2,0,1,6,2.91
1,26,187,11500,1,1,2,3,2,200,1,2,60,1,2,3.29
1,19,171,5858,1,1,2,3,2,256,0,1,114,2,0,2.0
0,26,164,11195,1,1,3,3,2,277,0,0,9,1,4,4.16
0,25,165,10480,1,1,3,3,2,149,0,0,43,1,4,3.85
1,19,175,6400,1,0,2,3,1,200,0,0,0,2,1,2.09
0,26,164,11186,1,1,3,3,2,262,0,0,14,1,4,4.16
1,22,170,8000,1,1,2,3,2,200,0,0,120,2,6,2.77
1,18,171,6400,1,1,2,4,1,300,0,2,120,2,1,2.19
0,21,174,13266,1,1,3,3,2,285,0,1,55,1,4,4.38
1,20,162,7500,1,1,3,3,2,100,0,1,0,1,5,2.86
1,23,184,12124,1,1,2,2,2,262,0,0,0,1,3,3.58
1,18,171,5092,1,1,1,3,2,131,0,0,120,1,0,1.74
0,16,161,6800,1,1,3,1,2,100,1,0,60,1,5,2.62
0,18,163,5350,0,1,2,1,1,200,0,1,60,2,1,2.01
1,21,176,10500,1,1,2,3,2,265,0,1,0,1,2,3.39
0,19,165,7700,1,0,3,1,1,100,0,1,60,2,6,2.83
1,20,179,10503,1,1,2,3,2,131,0,0,60,1,2,3.28
1,21,172,9829,1,1,2,2,2,200,0,2,120,2,2,3.32
0,26,163,11182,1,1,3,3,2,262,0,0,4,1,4,4.21
0,37,156,7700,1,1,2,3,2,200,0,0,0,2,2,3.16
1,17,182,5940,0,0,3,4,2,270,0,2,60,1,0,1.79
1,19,177,10800,0,1,3,3,2,300,0,1,120,2,2,3.45
1,23,167,7500,1,1,2,3,1,300,0,0,120,1,5,2.69
1,24,179,12098,1,1,2,3,2,300,0,1,6,1,3,3.78
1,33,170,8300,1,1,3,3,2,200,0,2,0,0,6,2.87
1,18,174,7700,1,1,1,3,1,200,0,1,60,0,1,2.54
0,21,157,5100,1,1,2,3,2,100,0,2,0,1,1,2.07
1,17,175,8500,1,1,2,3,2,200,0,1,60,1,6,2.78
1,29,175,11911,1,1,2,3,2,214,0,1,25,1,3,3.89
1,25,170,8300,1,1,2,3,1,200,0,2,60,1,6,2.87
1,29,170,9000,1,1,3,3,2,100,0,2,0,1,2,3.11
0,21,159,4500,1,1,2,3,2,200,0,1,0,1,1,1.78
1,22,170,9595,1,1,2,3,2,211,0,2,95,2,2,3.32
0,23,174,13347,1,1,3,3,2,283,0,1,28,1,4,4.41
0,29,171,7500,0,1,2,3,1,200,0,1,0,0,5,2.56
1,40,174,10941,1,1,2,3,2,100,0,1,0,2,3,3.61
1,21,181,10503,1,1,2,3,2,213,0,0,0,1,2,3.21
0,22,156,6300,1,1,2,1,2,200,0,1,0,1,2,2.59
1,25,176,11371,1,1,3,3,2,200,0,0,0,1,3,3.67
1,25,189,8900,1,1,1,1,2,300,0,1,0,1,6,2.49
1,19,164,5100,0,1,2,3,2,100,0,1,0,1,1,1.9
1,17,177,5867,1,1,2,3,2,201,0,2,42,2,0,1.87
1,32,170,10278,1,1,2,1,2,100,0,2,113,2,2,3.56
0,22,160,8232,1,1,2,1,2,193,0,0,16,1,2,3.22
0,26,162,11000,1,1,3,3,2,270,0,0,10,1,4,4.19
1,33,170,9879,1,1,2,3,2,200,0,2,0,1,2,3.42
1,33,170,10702,1,1,2,2,2,100,0,1,0,1,2,3.7
0,18,170,5000,0,1,3,3,1,200,0,1,60,2,0,1.73
0,18,152,5500,1,1,2,3,2,200,0,0,120,1,1,2.38
1,17,178,5862,1,1,2,3,2,200,0,2,0,1,0,1.85
1,19,170,6800,0,1,2,3,2,300,0,2,60,1,1,2.35
0,22,162,8200,1,1,2,1,2,200,0,1,0,1,2,3.12
1,31,182,12064,1,1,2,3,2,200,0,0,106,1,3,3.64
1,21,170,6800,0,1,2,3,2,300,0,3,60,1,1,2.35
0,21,171,13373,1,1,3,3,2,179,0,1,56,1,4,4.57
1,18,175,5500,1,1,2,4,1,200,0,2,0,2,1,1.8
0,24,169,6700,1,1,3,3,2,200,0,0,0,1,5,2.35
1,55,170,8000,1,1,3,3,2,200,0,1,0,2,6,2.77
1,26,184,12114,1,1,2,2,2,296,0,1,0,1,3,3.58
1,22,170,7500,1,0,3,4,1,200,0,1,60,0,5,2.6
1,22,171,5095,1,1,2,3,1,245,0,0,116,2,0,1.74
1,21,161,6898,1,1,1,3,3,200,0,0,60,1,5,2.66
1,31,168,9000,1,1,2,1,2,277,0,0,0,1,6,3.19
0,20,173,7872,1,1,2,2,2,197,0,0,0,2,5,2.63
1,17,180,6000,1,1,2,3,2,200,0,1,60,2,0,1.85
1,29,179,11274,1,1,2,3,2,216,0,0,90,1,2,3.52
0,21,173,7800,1,1,2,1,2,200,0,1,0,1,5,2.61
0,26,162,11185,1,1,3,3,2,296,0,0,27,1,4,4.26
0,17,160,5900,0,0,2,3,2,200,0,1,60,2,1,2.3
0,24,173,13304,1,1,3,3,2,285,0,1,31,1,4,4.45
1,17,175,8500,1,1,2,3,2,200,0,1,60,1,6,2.78
0,24,169,11448,1,1,3,3,2,250,0,0,34,1,4,4.01
0,21,162,7000,0,1,2,1,3,300,1,1,0,1,5,2.67
1,17,168,8301,1,1,2,2,2,208,0,1,55,1,6,2.94
1,33,178,9784,1,1,2,2,2,300,0,1,115,1,2,3.09
1,30,178,12061,1,1,2,3,2,229,0,0,55,1,3,3.81
1,25,180,7200,0,1,3,3,2,300,0,1,60,1,1,2.22
0,36,173,6221,1,1,2,2,2,256,0,0,0,1,5,2.08
1,33,183,9700,1,1,2,3,2,300,0,1,0,1,6,2.9
0,26,159,4500,0,1,3,3,2,200,0,0,0,1,0,1.78
1,25,185,12015,1,1,3,3,2,216,0,1,37,1,3,3.51
0,37,155,7735,1,1,2,3,2,145,0,0,10,1,2,3.22
0,17,166,5700,1,1,3,3,2,200,0,0,60,1,1,2.07
1,19,165,5600,0,1,2,3,1,200,0,2,60,2,1,2.06
1,22,167,6600,1,0,2,3,0,200,0,0,60,2,1,2.37
1,24,175,12070,1,1,2,3,2,273,0,1,44,1,3,3.94
1,29,185,10900,1,1,3,1,2,200,0,1,0,1,3,3.18
0,55,150,8000,0,1,2,3,2,100,0,0,0,1,5,3.56
1,23,169,10258,1,1,2,3,2,100,0,1,60,2,3,3.59
1,23,182,12128,1,1,3,2,2,178,0,0,0,1,3,3.66
0,21,180,15524,1,1,3,3,2,235,0,1,54,1,4,4.79
0,26,162,11091,1,1,3,3,2,253,0,0,16,1,4,4.23
1,27,187,12885,1,1,2,3,2,183,0,1,0,1,3,3.68
0,21,168,7505,1,1,2,3,2,283,0,0,9,1,5,2.66
1,30,184,11815,1,1,2,3,2,245,0,1,0,1,3,3.49
0,21,174,13396,1,1,3,3,2,285,0,1,53,1,4,4.42
0,18,177,13785,1,1,3,3,2,286,0,1,47,1,4,4.4
1,29,189,12426,1,1,2,3,2,282,0,0,0,1,3,3.48
0,22,162,7274,1,0,2,3,2,122,0,1,0,1,6,2.77
1,30,183,9286,1,1,2,3,2,162,0,0,6,1,6,2.77
0,20,163,9350,1,1,3,3,2,200,0,3,0,2,2,3.52
0,19,160,6800,1,0,2,3,2,100,1,1,0,2,5,2.66
1,22,182,12104,1,1,3,2,2,100,0,1,0,1,3,3.65
1,17,175,7000,0,1,1,3,2,200,0,0,120,1,5,2.29
0,21,150,6241,0,1,2,3,3,124,0,0,59,1,5,2.77
1,29,169,10202,1,1,2,1,2,100,0,0,0,2,3,3.57
0,33,172,8338,1,1,2,3,2,100,0,0,91,1,6,2.82
1,30,176,11810,1,1,2,2,2,201,0,0,4,1,3,3.81
1,27,178,12085,1,1,2,3,2,225,0,1,40,1,3,3.81
0,19,165,7500,1,0,2,3,2,300,0,1,0,2,5,2.75
0,25,163,10494,1,1,3,3,2,282,0,0,37,1,4,3.95
1,17,180,9500,1,1,2,3,2,300,0,1,60,1,6,2.93
1,31,185,12091,1,1,2,2,2,114,0,1,86,1,3,3.53
0,25,161,10499,1,1,3,3,2,281,0,0,32,1,4,4.05
0,26,162,11183,1,1,3,3,2,255,0,0,11,1,4,4.26
1,20,180,6800,0,1,3,3,2,100,0,1,60,0,1,2.1
1,33,175,8300,1,0,2,3,2,200,0,0,120,1,6,2.71
1,31,188,12008,1,1,2,3,2,235,0,0,95,1,3,3.4
0,18,173,13310,1,1,3,3,2,281,0,1,54,1,4,4.45
0,26,163,11193,1,1,3,3,2,268,0,0,13,1,4,4.21
1,31,175,12015,1,1,2,3,2,215,0,0,0,1,3,3.92
1,27,189,9954,1,1,2,1,2,129,0,1,0,1,6,2.79
1,20,180,6500,0,1,2,1,2,200,0,2,60,2,1,2.01
1,22,181,10634,1,1,2,2,2,281,0,1,86,1,2,3.25
1,30,176,10959,1,1,2,2,2,179,0,0,28,2,3,3.54
1,22,160,8259,1,1,2,2,2,132,0,1,18,1,3,3.23
1,24,169,10200,1,1,2,2,2,200,0,1,0,2,3,3.57
1,30,175,11818,1,1,2,3,2,202,0,0,73,1,3,3.86
0,26,164,11194,1,1,3,3,2,262,0,0,9,1,4,4.16
0,19,153,4200,0,1,2,3,1,164,0,0,0,1,0,1.79
0,21,157,6100,0,1,2,1,3,300,0,1,0,1,5,2.47
0,35,176,7664,1,1,2,1,2,182,0,1,0,0,5,2.47
1,20,171,10487,1,1,2,1,2,184,0,0,84,2,3,3.59
1,29,177,10831,1,1,1,2,2,292,0,1,10,1,2,3.46
1,19,174,10483,1,1,2,3,2,238,0,1,24,2,2,3.46
1,36,178,9600,1,1,2,3,2,200,0,2,0,1,2,3.03
0,24,171,13187,1,1,3,3,2,147,0,1,55,1,4,4.51
1,18,165,9300,1,1,2,1,2,300,0,1,0,2,2,3.42
0,20,179,15272,1,1,3,3,2,108,0,0,40,1,4,4.77
0,21,173,13387,1,1,3,3,2,248,0,1,56,1,4,4.47
0,37,165,7720,1,1,2,3,2,286,0,0,0,1,2,2.84
1,30,178,12054,1,1,2,3,2,204,0,0,105,1,3,3.8
0,16,158,4353,0,0,3,3,1,161,1,0,0,2,0,1.74
1,21,161,7000,0,1,2,3,3,300,0,0,13,1,5,2.7
0,21,167,6700,1,1,3,3,1,100,0,1,0,1,1,2.4
1,31,184,11837,1,1,2,3,2,204,0,1,1,1,3,3.5
1,22,171,5200,0,1,3,3,2,100,0,2,0,1,0,1.78
1,23,176,9758,1,1,2,3,2,297,0,2,81,2,2,3.15
1,18,178,10800,1,1,2,3,2,300,0,1,60,2,2,3.41
0,21,165,6300,1,1,2,1,2,200,1,1,0,2,1,2.31
0,19,154,4200,1,1,2,3,1,100,0,1,120,1,0,1.77
0,21,174,13390,1,1,3,3,2,286,0,1,50,1,4,4.42
1,30,177,12407,1,1,2,3,2,208,0,1,0,1,3,3.96
0,19,175,7830,1,0,3,2,2,200,0,1,0,1,6,2.56
0,18,160,5000,0,1,2,4,1,100,0,2,60,1,1,1.95
1,24,170,10200,1,1,2,2,2,100,0,0,87,2,3,3.53
1,25,176,11323,1,1,2,3,2,216,0,1,0,1,3,3.66
0,22,163,8200,1,1,2,1,0,300,0,1,0,2,2,3.09
1,21,178,8967,1,1,2,1,2,300,0,0,60,1,6,2.83
1,25,186,11789,1,1,2,3,2,200,0,1,0,1,3,3.41
1,17,176,9782,1,1,2,3,2,300,0,0,113,2,2,3.16
0,18,175,8000,1,1,2,3,2,200,0,2,94,2,5,2.61
0,22,162,8200,1,1,1,3,2,200,0,0,120,1,2,3.12
1,16,185,9700,1,1,2,1,2,200,0,0,120,1,2,2.83
0,21,178,13776,1,1,3,3,2,247,0,1,53,1,4,4.35
1,21,180,7200,0,1,2,3,2,200,0,2,60,1,1,2.22
0,22,166,8449,1,1,2,1,2,200,0,0,31,2,2,3.07
1,21,182,11616,1,1,2,3,2,200,0,0,60,1,3,3.51
1,30,191,12985,1,1,2,3,2,115,0,0,5,1,3,3.56
0,21,165,8802,1,1,2,1,2,300,0,1,60,2,2,3.23
1,20,182,10512,1,1,2,3,2,241,0,0,24,1,2,3.17
0,16,160,4500,0,1,3,3,2,200,1,0,60,2,0,1.76
1,23,177,7000,1,1,2,1,1,200,0,1,0,1,1,2.23
0,22,163,8200,1,1,2,1,2,200,0,0,120,1,2,3.09
0,40,153,8000,1,1,2,3,2,197,0,0,0,2,2,3.42
1,22,167,8966,1,1,2,1,2,273,0,0,102,1,2,3.21
1,17,177,9741,1,1,2,3,2,200,0,2,60,2,2,3.11
0,20,174,13294,1,1,3,3,2,165,0,1,46,1,4,4.39
1,18,187,6600,1,1,3,3,1,100,0,1,60,1,1,1.89
0,19,150,6481,1,0,2,3,2,130,0,0,48,2,6,2.88
0,19,160,4500,1,1,3,3,2,200,0,2,0,1,1,1.76
1,23,171,7500,1,1,2,3,2,133,0,1,113,1,5,2.56
0,42,157,8182,1,1,2,3,2,191,0,0,103,2,2,3.32
0,26,164,11192,1,1,3,3,2,261,0,0,5,1,4,4.16
1,22,185,12173,1,1,2,3,2,265,0,0,0,1,2,3.56
0,21,172,13133,1,1,3,3,2,165,0,1,54,1,4,4.44
0,21,175,7795,1,1,2,2,2,181,0,0,0,1,5,2.55
1,33,170,10374,1,1,2,1,2,100,0,1,0,1,3,3.59
1,21,171,6600,1,1,3,3,2,200,0,2,0,1,1,2.26
1,26,176,12042,1,1,2,3,2,247,0,1,0,1,3,3.89
0,25,164,10480,1,1,3,3,2,124,0,0,43,1,4,3.9
0,26,165,11184,1,1,3,3,2,289,0,0,55,1,4,4.11
0,18,163,5900,1,1,2,3,2,100,0,1,0,2,1,2.22
0,41,150,8000,1,1,2,3,2,200,0,0,0,1,2,3.56
1,23,163,9418,1,1,2,2,2,200,0,0,60,2,2,3.54
1,24,177,12089,1,1,2,3,2,210,0,0,27,1,3,3.86
0,22,161,6300,1,1,2,3,2,200,0,1,60,2,1,2.43
1,31,186,12750,1,1,3,3,2,232,0,1,19,1,3,3.69
0,26,162,11135,1,1,3,3,2,247,0,0,25,1,4,4.24
0,18,161,6400,1,1,2,3,2,100,0,0,60,1,1,2.47
0,18,171,5171,1,1,2,3,2,191,0,2,106,2,0,1.77
0,33,178,8400,1,1,3,3,2,200,0,0,60,1,6,2.65
1,24,177,12074,1,1,2,3,2,202,0,1,84,1,3,3.85
1,20,177,7000,0,1,2,3,2,100,0,2,60,1,1,2.23
1,41,162,9000,1,1,2,3,2,300,0,1,0,1,2,3.43
0,21,174,13366,1,1,3,3,2,287,0,1,46,1,4,4.41
0,19,153,6500,1,1,2,2,2,200,1,0,57,2,5,2.78
1,17,170,5700,0,1,3,3,2,200,0,3,60,2,1,1.97
0,18,160,5500,0,1,3,3,2,200,0,1,60,1,1,2.15
0,20,174,13374,1,1,3,3,2,130,0,1,55,1,4,4.42
1,19,162,7000,0,1,3,1,2,200,0,1,0,1,5,2.67
1,31,181,12641,1,1,2,3,2,150,0,0,86,1,3,3.86
1,26,177,11447,1,1,2,3,2,210,0,0,41,1,3,3.65
1,21,165,7500,1,1,2,3,2,200,0,1,0,1,5,2.75
0,19,154,5600,0,1,2,3,1,200,0,2,60,1,1,2.36
1,18,185,6000,1,1,3,4,1,200,0,2,0,1,5,1.75
0,21,159,4800,1,1,2,3,2,100,0,0,120,1,1,1.9
0,21,162,11121,1,1,3,3,2,271,0,0,16,1,4,4.24
1,31,182,12923,1,1,2,3,2,151,0,1,59,1,3,3.9
0,40,155,8000,1,1,2,3,2,100,0,0,0,1,2,3.33
1,22,166,9425,1,1,2,1,2,277,0,0,60,2,2,3.42
0,25,161,10266,1,1,3,3,2,109,0,0,14,1,4,3.96
1,29,191,12967,1,1,3,3,2,112,0,0,0,1,3,3.55
0,16,175,5000,0,1,2,3,2,200,0,0,49,1,0,1.63
0,18,165,7962,1,1,2,1,2,200,0,2,0,2,5,2.92
0,19,150,5500,0,1,3,4,2,100,1,1,0,1,5,2.44
1,33,186,8395,1,1,2,2,2,200,0,1,47,1,6,2.43
1,17,188,9960,1,1,3,2,2,272,0,1,26,1,6,2.82
1,17,170,5000,0,1,2,3,1,100,0,1,120,1,0,1.73
1,23,175,12100,1,0,3,3,2,100,0,1,0,1,3,3.95
1,26,170,11232,1,1,2,3,2,200,0,0,16,1,3,3.89
1,18,171,5000,0,1,1,3,2,199,0,0,0,1,0,1.71
0,26,162,11194,1,1,3,3,2,270,0,0,13,1,4,4.27
0,18,171,5000,1,1,2,3,1,100,0,1,60,1,2,1.71
0,17,160,5569,0,1,2,2,2,297,1,0,60,1,5,2.18
1,33,165,11390,1,1,2,3,2,100,0,1,0,1,3,4.18
0,38,150,5600,1,1,2,3,2,200,0,0,0,1,1,2.49
0,20,163,6425,1,1,3,2,2,100,0,0,0,1,1,2.42
0,23,168,8331,1,1,2,3,2,292,0,1,16,1,2,2.95
1,22,160,9529,1,1,2,3,2,200,0,0,113,2,2,3.72
0,25,162,11080,1,1,3,3,2,124,0,0,34,1,4,4.22
0,26,162,10998,1,1,3,3,2,252,0,0,24,1,4,4.19
1,19,167,6600,0,1,3,3,2,200,0,1,60,2,1,2.37
0,21,175,5475,1,1,2,3,1,200,0,2,60,2,0,1.79
1,22,167,7500,1,1,2,3,2,200,0,0,114,1,5,2.69
0,18,164,8472,1,1,2,3,2,100,0,0,34,2,2,3.15
0,18,164,8484,1,1,2,3,2,138,0,1,0,2,2,3.15
0,21,173,13387,1,1,3,3,2,284,0,1,48,1,4,4.47
1,22,183,9120,1,1,2,1,2,103,0,1,0,1,2,2.72
1,24,172,8398,1,1,2,3,2,200,0,1,69,1,6,2.84
0,38,157,7755,1,1,2,3,2,190,0,0,0,1,2,3.15
0,18,160,5000,0,1,2,1,2,100,0,1,60,1,1,1.95
0,18,174,13814,1,1,3,3,2,274,0,0,56,1,4,4.56
0,37,155,7760,1,1,2,3,2,150,0,0,0,1,2,3.23
0,18,172,5159,1,1,2,3,1,143,0,1,60,2,0,1.74
0,21,179,13779,1,1,3,3,2,261,0,1,50,1,4,4.3
0,24,152,5500,1,0,2,3,2,200,0,0,60,2,1,2.38
0,25,164,10498,1,1,3,3,2,123,0,0,33,1,4,3.9
0,25,163,11006,1,1,3,3,2,108,0,0,16,1,4,4.14
0,23,165,6000,0,1,2,3,2,200,0,2,0,2,1,2.2
0,21,159,5000,0,1,2,3,2,200,0,0,60,1,1,1.98
0,20,173,13192,1,1,3,3,2,141,0,1,55,1,4,4.41
1,21,170,8500,1,1,2,3,1,300,0,1,60,2,6,2.94
1,23,172,8227,1,1,2,2,2,182,0,0,60,1,6,2.78
1,18,162,6900,1,0,2,3,2,100,0,1,0,2,6,2.63
1,17,179,5700,1,1,2,3,2,100,0,1,120,2,0,1.78
0,26,162,10494,1,1,3,3,2,244,0,0,32,1,4,4.0
1,23,183,12183,1,1,2,2,2,196,0,1,0,1,3,3.64
1,19,181,8786,0,1,2,3,2,227,0,2,81,1,5,2.68
0,22,165,5800,1,1,2,3,2,200,0,0,60,1,1,2.13
0,41,165,7900,1,1,2,3,0,100,0,2,0,1,6,2.9
1,24,176,8472,1,1,2,3,2,198,0,0,0,2,6,2.74
1,32,176,8233,1,1,2,3,2,238,0,1,0,1,6,2.66
0,18,158,7160,1,0,2,3,2,200,0,1,92,1,6,2.87
1,23,172,8400,1,1,2,3,2,200,0,1,60,1,6,2.84
1,24,182,12080,1,1,2,3,2,235,0,1,0,1,3,3.65
0,21,171,13380,1,1,3,3,2,122,0,1,55,1,4,4.58
1,25,183,11723,1,1,2,3,2,211,0,0,0,1,3,3.5
0,38,174,8663,1,1,2,3,2,184,0,0,0,2,5,2.86
1,29,175,11210,1,1,1,3,2,200,0,0,0,1,3,3.66
0,22,160,8222,1,1,3,3,2,100,0,0,27,1,4,3.21
0,21,174,14729,1,1,3,3,2,108,0,1,41,1,4,4.86
0,22,163,8200,1,1,1,1,2,200,0,0,120,1,2,3.09
0,25,158,10200,1,1,3,3,2,132,0,0,32,1,4,4.09
0,26,164,10669,1,1,3,3,2,271,0,0,38,1,4,3.97
1,34,170,8449,1,1,2,3,2,200,0,2,0,1,6,2.92
0,20,175,5500,1,0,2,4,1,200,0,2,0,1,0,1.8
0,23,159,4481,0,0,3,1,1,100,0,0,0,2,0,1.77
0,26,162,10498,1,1,3,3,2,265,0,0,32,1,4,4.0
1,28,162,11371,1,1,1,3,2,280,0,0,6,1,3,4.33
0,19,164,6839,1,1,1,3,2,154,0,0,118,1,5,2.54
1,23,182,10500,1,1,2,3,2,200,0,0,60,1,2,3.17
0,23,160,6500,0,1,3,3,2,200,0,0,60,1,1,2.54
1,25,170,7100,0,1,2,3,2,100,0,2,0,2,1,2.46
0,39,167,7664,1,1,2,3,2,100,0,0,0,2,6,2.75
1,19,180,8700,0,1,2,4,2,200,0,2,60,0,5,2.69
1,33,178,10801,1,1,2,2,2,201,0,1,9,2,3,3.41
0,39,181,8652,0,1,2,1,2,181,0,0,0,2,5,2.64
0,29,171,7100,1,1,2,3,2,300,0,1,0,1,5,2.43
1,27,182,12098,1,1,2,3,2,283,0,1,37,1,3,3.65
1,23,176,12120,1,1,2,2,2,195,0,0,0,1,3,3.91
0,25,156,5100,0,1,2,3,2,200,0,1,0,1,1,2.1
1,21,170,6000,0,1,2,1,2,200,0,2,0,2,1,2.08
0,17,158,4167,0,1,2,1,2,101,0,1,60,1,0,1.67
0,22,172,12106,1,1,3,3,2,244,0,1,16,1,4,4.09
1,23,184,12152,1,1,3,2,2,182,0,0,0,1,3,3.59
0,22,173,13304,1,1,3,3,2,267,0,1,15,1,4,4.45
1,33,169,10301,1,1,2,2,2,100,0,0,0,2,3,3.61
1,22,170,8000,1,1,2,3,2,200,0,0,120,2,6,2.77
1,20,184,12202,1,1,2,2,2,159,0,0,0,1,2,3.6
0,26,162,11010,1,1,3,3,2,261,0,0,26,1,4,4.2
0,21,156,5500,1,1,2,1,2,200,0,1,60,1,1,2.26
0,26,160,10494,1,1,3,3,2,265,0,0,33,1,4,4.1
0,21,160,4500,1,1,3,3,1,200,0,1,0,1,0,1.76
1,23,171,8331,1,1,2,2,2,170,0,0,113,1,6,2.85
0,21,153,5600,1,1,3,1,1,200,0,1,0,1,5,2.39
1,29,170,9163,1,1,2,3,2,127,0,1,0,1,2,3.17
1,25,180,6000,1,1,2,3,2,200,0,1,0,1,1,1.85
0,36,167,8000,1,1,3,1,2,200,0,0,0,2,6,2.87
1,18,165,11200,1,1,2,3,2,200,0,1,60,2,2,4.11
0,20,174,13779,1,1,3,3,2,161,0,0,45,1,4,4.55
0,22,165,8710,1,1,2,1,2,100,0,1,60,2,2,3.2
0,18,173,5000,0,1,1,4,1,100,0,2,0,1,0,1.67
0,26,164,11195,1,1,3,3,2,269,0,0,23,1,4,4.16
0,18,160,4500,1,1,2,3,2,100,0,0,60,2,0,1.76
0,25,161,10498,1,1,3,3,2,261,0,0,26,1,4,4.05
0,23,158,7808,1,1,2,2,2,295,0,0,0,2,2,3.13
1,30,168,10482,1,1,2,2,2,155,0,0,33,2,3,3.71
0,19,163,8200,1,1,1,3,2,113,0,0,7,1,2,3.09
0,26,164,11181,1,1,3,3,2,270,0,0,8,1,4,4.16
0,39,157,8000,1,1,2,2,2,115,0,1,0,1,2,3.25
1,23,181,7900,0,1,2,1,1,200,0,0,60,1,1,2.41
1,27,182,9294,1,1,1,3,2,221,0,0,33,1,6,2.81
1,30,164,10374,1,1,2,2,2,100,0,0,0,2,3,3.86
0,21,166,6600,1,1,3,3,1,300,0,1,0,1,1,2.4
0,20,165,7982,1,1,2,1,2,226,0,0,60,0,6,2.93
0,21,172,13127,1,1,3,3,2,195,0,1,26,1,4,4.44
1,24,175,11984,1,1,2,3,2,282,0,1,9,1,3,3.91
0,26,162,10484,1,1,3,3,2,268,0,0,33,1,4,3.99
0,25,150,8000,1,1,2,1,2,200,0,2,0,2,6,3.56
1,18,170,5000,0,1,3,4,1,200,0,2,120,1,0,1.73
0,21,160,4466,0,0,3,1,1,100,1,0,0,1,0,1.74
1,17,172,7000,1,0,2,3,2,100,0,1,60,2,1,2.37
0,21,174,13395,1,1,3,3,2,183,0,0,54,1,4,4.42
1,21,170,8000,1,1,3,3,1,200,0,2,60,0,6,2.77
1,27,175,11908,1,1,2,3,2,242,0,0,40,1,3,3.89
0,26,164,11153,1,1,3,3,2,262,0,0,39,1,4,4.15
1,18,174,8000,1,1,2,2,2,268,0,1,92,2,5,2.64
0,23,160,5500,1,1,2,3,2,200,0,2,60,2,1,2.15
0,23,178,11447,1,1,3,3,2,232,0,0,31,1,4,3.61
0,18,169,8379,1,1,1,1,2,280,0,0,67,2,2,2.93
0,19,152,4200,0,1,3,1,1,100,0,0,0,1,0,1.82
1,19,180,8700,0,1,3,3,2,200,0,2,60,1,5,2.69
1,23,173,8191,1,1,2,1,2,188,0,0,81,1,6,2.74
1,22,175,9425,1,1,2,2,2,264,0,0,75,1,2,3.08
0,20,175,13348,1,1,3,3,2,244,0,1,53,1,4,4.36
0,20,165,6800,1,1,2,3,2,100,0,1,0,1,1,2.5
0,29,165,8727,1,1,2,3,2,265,0,1,0,1,2,3.21
0,18,160,5100,0,1,2,3,1,200,0,0,60,1,1,1.99
1,30,175,11818,1,1,2,3,2,213,0,0,95,1,3,3.86
0,23,160,8253,1,1,2,1,2,265,0,0,36,2,2,3.22
0,22,171,5114,1,1,2,3,1,127,0,0,100,2,0,1.75
1,33,175,12500,1,0,2,3,2,100,0,1,0,1,3,4.08
0,19,154,6410,1,0,2,3,2,297,0,1,72,2,6,2.7
1,21,165,8000,1,1,2,3,2,200,0,1,120,2,6,2.94
0,18,163,8285,1,1,1,3,2,211,0,0,80,1,2,3.12
0,26,163,11188,1,1,3,3,2,265,0,0,5,1,4,4.21
1,22,180,7500,1,1,2,3,1,200,0,0,120,1,5,2.31
1,18,180,10800,1,1,2,3,2,200,0,1,120,0,2,3.33
1,19,165,6000,0,1,3,3,2,200,1,2,0,1,1,2.2
0,18,170,6800,1,1,3,3,1,200,0,0,60,1,1,2.35
1,34,173,8406,1,1,2,3,2,200,0,1,0,1,6,2.81
1,34,170,10370,1,1,2,2,2,100,0,1,0,2,3,3.59
0,21,173,15037,1,1,3,3,2,231,0,1,40,1,4,5.02
0,22,168,8000,1,1,2,1,2,200,0,0,120,0,6,2.83
1,23,170,8301,1,1,2,2,2,100,0,0,60,2,6,2.87
1,30,178,12000,1,1,2,3,2,236,0,1,9,1,3,3.79
1,31,175,12500,1,1,3,1,2,100,0,1,0,1,3,4.08
0,22,159,8258,1,1,2,1,2,237,0,0,35,1,2,3.27
0,26,162,11193,1,1,3,3,2,262,0,0,9,1,4,4.26
1,24,182,12077,1,1,2,3,2,204,0,1,32,1,3,3.65
0,29,160,8200,1,1,3,1,2,100,0,0,0,1,2,3.2
0,20,156,4166,0,1,2,1,1,100,0,0,30,1,0,1.71
1,17,173,9541,1,1,2,3,2,200,0,1,51,1,6,3.19
0,28,175,7800,1,1,2,3,2,200,0,1,60,0,5,2.55
1,21,180,10568,1,1,2,3,2,209,0,0,33,1,2,3.26
1,31,190,13127,1,1,2,3,2,119,0,1,0,1,2,3.64
0,23,159,4700,1,1,3,3,1,200,0,2,120,2,0,1.86
0,22,162,8200,1,1,1,1,2,200,0,0,27,1,2,3.12
0,22,152,4204,0,1,3,1,1,248,0,1,48,2,0,1.82
1,18,170,5143,1,1,2,3,2,193,0,0,81,1,0,1.78
0,21,173,13374,1,1,3,3,2,160,0,1,52,1,4,4.47
1,19,180,7100,0,0,1,3,0,200,0,2,0,1,1,2.19
0,18,175,5233,1,1,2,3,2,200,0,0,60,2,0,1.71
0,26,155,11064,1,1,3,3,2,149,0,0,27,1,4,4.61
1,24,182,12142,1,1,2,2,2,201,0,0,0,1,3,3.67
1,26,180,6800,1,1,2,3,2,100,0,0,60,1,1,2.1
0,26,164,11192,1,1,3,3,2,257,0,0,5,1,4,4.16
1,32,169,10358,1,1,2,2,2,100,0,1,0,2,3,3.63
0,23,174,11446,1,1,3,3,2,267,0,0,53,1,4,3.78
0,25,168,10484,1,1,3,3,2,155,0,0,46,1,4,3.71
1,21,168,6800,1,1,3,3,2,200,0,1,120,1,1,2.41
0,21,175,13355,1,1,3,3,2,288,0,1,42,1,4,4.36
1,19,172,8449,1,1,2,2,2,200,0,2,77,1,6,2.86
1,18,171,5196,1,1,2,3,2,235,0,0,0,1,0,1.78
0,26,163,11168,1,1,3,3,2,283,0,0,27,1,4,4.2
1,26,182,12077,1,1,2,2,2,127,0,1,4,1,3,3.65
1,17,180,9500,1,0,2,3,2,300,0,3,60,1,6,2.93
0,17,169,7900,0,0,3,3,2,300,0,0,60,1,6,2.77
0,18,156,5100,0,1,1,3,1,100,0,1,60,1,1,2.1
0,25,162,11007,1,1,3,3,2,270,0,0,26,1,4,4.19
0,21,155,5800,0,1,2,3,2,200,0,1,60,2,1,2.41
0,19,164,4900,0,1,2,3,1,200,0,3,60,2,0,1.82
0,21,155,6200,0,1,3,1,2,100,0,1,0,1,5,2.58
1,21,175,7000,1,1,2,3,2,300,0,1,0,1,1,2.29
0,19,174,13316,1,1,3,3,2,284,0,1,50,1,4,4.4
0,21,171,13373,1,1,3,3,2,284,0,1,43,1,4,4.57
0,18,164,5017,0,1,1,3,2,245,0,1,60,1,0,1.87
0,20,162,5380,0,1,2,3,2,100,0,3,60,1,1,2.05
0,21,175,7910,1,1,2,1,2,200,0,1,108,1,5,2.58
0,25,162,10498,1,1,3,3,2,131,0,0,29,1,4,4.0
1,33,170,8327,1,1,2,1,2,200,0,0,28,1,6,2.88
1,17,190,6000,0,1,3,3,2,100,0,2,60,2,1,1.66
1,18,184,10477,1,1,2,3,2,277,0,1,0,2,2,3.09
0,26,165,11196,1,1,3,3,2,278,0,0,15,1,4,4.11
0,25,174,10259,1,1,3,3,2,106,0,0,26,1,4,3.39
0,20,167,4900,1,0,3,3,1,300,0,2,60,2,0,1.76
0,25,168,10475,1,1,3,3,2,152,0,0,53,1,4,3.71
0,25,168,10432,1,1,3,3,2,279,0,0,5,1,4,3.7
0,16,158,4900,0,0,2,1,1,100,0,0,0,2,1,1.96
1,22,181,10503,1,1,2,2,2,265,0,0,44,1,2,3.21
1,23,178,9791,1,1,2,2,2,282,0,2,84,2,2,3.09
1,21,172,7500,0,1,2,3,2,200,1,1,0,1,1,2.54
0,45,165,8000,1,1,3,3,0,100,0,2,0,1,6,2.94
0,18,160,8200,1,1,1,1,2,187,0,0,94,2,2,3.2
0,26,162,11079,1,1,3,3,2,262,0,0,32,1,4,4.22
0,26,162,11195,1,1,3,3,2,261,0,0,9,1,4,4.27
1,27,165,9986,1,1,2,1,2,100,0,1,0,2,3,3.67
1,31,183,9105,1,1,2,3,2,118,0,0,27,1,6,2.72
0,24,160,5100,0,1,2,3,2,200,0,2,60,1,1,1.99
1,21,170,9781,1,1,2,1,2,200,0,1,0,2,6,3.38
1,33,170,8472,1,1,2,1,2,266,0,2,41,1,6,2.93
0,19,181,14993,1,1,3,3,2,230,0,1,55,1,4,4.58
0,27,155,6300,1,1,3,3,0,200,0,0,0,2,6,2.62
1,17,180,5700,0,1,3,3,2,100,0,2,60,1,0,1.76
1,28,191,12985,1,1,1,2,2,100,0,0,0,1,3,3.56
0,21,160,6600,1,1,3,3,2,300,0,1,0,1,5,2.58
1,22,164,9474,1,1,1,1,2,200,0,0,82,2,2,3.52
0,20,173,12814,1,1,3,3,2,169,0,1,52,1,4,4.28
1,17,183,5999,1,1,1,1,2,200,0,2,7,2,0,1.79
1,22,177,10500,1,1,3,3,2,200,0,1,0,1,2,3.35
0,26,164,11127,1,1,3,3,2,255,0,0,34,1,4,4.14
1,21,193,9400,1,1,1,3,2,200,0,0,60,1,2,2.52
0,26,164,11183,1,1,3,3,2,260,0,0,11,1,4,4.16
1,18,174,5200,0,1,3,3,1,200,0,1,0,1,0,1.72
0,26,162,11188,1,1,3,3,2,261,0,0,9,1,4,4.26
1,21,162,6900,1,1,2,1,3,300,0,1,0,1,5,2.63
1,19,180,5800,0,1,2,4,1,300,0,0,0,1,1,1.79
0,21,178,13778,1,1,3,3,2,244,0,1,41,1,4,4.35
1,21,170,8000,1,0,2,3,2,300,0,1,0,2,6,2.77
0,23,174,13345,1,1,3,3,2,283,0,1,47,1,4,4.41
1,35,167,7976,1,1,2,2,2,300,0,1,0,2,6,2.86
1,21,182,8000,0,1,2,3,2,200,0,2,60,1,1,2.42
1,23,170,9009,1,1,2,3,2,179,0,0,0,1,2,3.12
1,26,182,12098,1,1,2,3,2,297,0,0,0,1,3,3.65
1,15,180,5800,0,1,2,3,1,200,0,2,60,1,1,1.79
0,21,180,16093,1,1,3,3,2,236,0,0,57,1,4,4.97
1,33,178,10317,1,1,2,2,2,199,0,1,0,2,6,3.26
0,18,173,13396,1,1,3,3,2,283,0,1,49,1,4,4.48
0,18,170,5000,0,1,2,4,1,100,0,1,60,1,0,1.73
1,20,167,7500,1,1,2,3,1,200,0,1,60,1,5,2.69
0,16,156,3912,0,1,3,3,2,265,0,2,26,2,0,1.61
0,39,156,8000,1,1,2,3,2,213,0,0,0,1,2,3.29
0,21,181,15221,1,1,3,3,2,230,0,1,55,1,4,4.65
0,17,171,5000,0,1,3,4,0,200,0,2,60,1,0,1.71
1,20,170,6650,1,1,3,3,1,200,0,3,60,2,1,2.3
0,26,164,7800,1,1,2,3,2,294,0,0,0,1,5,2.9
0,21,162,7000,0,1,3,1,2,200,0,1,0,1,5,2.67
0,19,153,6141,1,1,2,3,2,113,0,1,0,1,5,2.62
1,34,183,8000,1,1,3,3,2,200,0,2,60,1,1,2.39
1,30,176,11200,1,1,2,3,2,276,0,0,40,1,3,3.62
1,19,175,5537,1,1,2,4,2,200,0,2,90,2,0,1.81
1,25,178,11512,1,1,2,3,2,201,0,1,0,1,3,3.63
1,30,175,11818,1,1,1,3,2,208,0,0,43,1,3,3.86
0,17,163,5100,1,1,1,3,2,200,0,1,60,1,1,1.92
0,22,164,8191,1,1,2,1,2,185,0,1,76,2,2,3.05
1,23,180,9700,1,1,2,3,2,200,0,0,60,2,2,2.99
0,26,165,11188,1,1,3,3,2,263,0,0,5,1,4,4.11
0,38,175,7800,1,1,2,3,2,200,0,0,60,1,5,2.55
1,33,176,8580,1,1,2,1,2,200,0,1,51,1,6,2.77
0,19,160,4500,0,0,3,3,1,108,0,1,0,1,0,1.76
1,18,173,10820,1,1,2,1,2,198,0,1,26,2,2,3.62
0,18,155,5800,0,1,1,3,2,100,0,0,60,1,5,2.41
1,18,182,10839,1,1,2,3,2,297,0,1,40,2,2,3.27
1,18,160,5600,0,0,2,3,2,200,0,1,60,1,1,2.19
1,30,176,12641,1,1,2,3,2,198,0,0,0,1,3,4.08
0,19,163,6500,0,1,3,3,2,100,0,0,120,1,1,2.45
1,25,177,11390,1,1,2,3,2,300,0,2,60,1,2,3.64
0,25,162,10896,1,1,3,3,2,232,0,0,32,1,4,4.15
0,26,164,11188,1,1,3,3,2,262,0,0,5,1,4,4.16
1,16,184,4500,0,1,3,3,2,200,0,2,71,1,0,1.33
0,18,160,8200,1,1,2,1,2,200,0,1,0,2,2,3.2
1,26,187,11919,1,1,2,3,2,200,0,1,0,1,3,3.41
1,25,175,11582,1,1,1,3,2,200,0,1,120,1,3,3.78
0,19,160,6000,1,1,3,3,2,200,0,2,60,1,1,2.34
0,23,157,5000,1,1,3,1,2,100,0,1,0,1,1,2.03
0,21,160,6600,0,1,3,3,1,300,0,0,0,2,5,2.58
0,27,154,6300,1,0,2,1,2,100,0,0,0,2,6,2.66
0,38,158,6287,1,1,2,3,2,100,0,1,1,1,5,2.52
0,26,164,11188,1,1,3,3,2,270,0,0,5,1,4,4.16
0,43,155,7700,1,0,2,3,2,200,0,0,0,1,2,3.2
0,38,155,6226,1,1,2,3,2,244,0,0,0,1,5,2.59
0,18,162,4500,0,1,3,3,1,200,1,3,0,2,0,1.71
0,18,158,8214,1,1,2,3,2,188,0,0,0,2,2,3.29
1,17,171,5121,0,1,2,3,2,181,0,0,0,1,0,1.75
1,18,174,7100,1,1,2,3,1,200,0,1,60,1,1,2.35
0,26,163,11115,1,1,3,3,2,273,0,0,13,1,4,4.18
0,23,163,8200,1,1,1,3,2,277,0,0,34,1,2,3.09
0,19,157,5800,0,1,2,3,2,200,0,1,0,1,1,2.35
0,18,156,5700,1,1,2,3,2,200,0,2,60,2,1,2.34
0,20,173,8000,1,1,2,3,2,200,0,1,120,2,6,2.67
1,21,162,6800,1,1,2,3,2,300,0,1,60,1,5,2.59
0,18,173,5000,0,1,1,3,2,187,0,2,0,1,0,1.67
0,55,165,8000,1,0,2,3,2,200,0,1,0,2,6,2.94
0,21,160,4900,1,1,2,3,1,200,0,1,60,2,0,1.91
1,20,185,6500,1,1,2,3,0,300,0,1,0,2,1,1.9
0,22,158,8213,1,1,2,1,2,208,0,0,0,1,2,3.29
0,16,160,5150,0,1,2,3,2,200,0,1,0,2,1,2.01
1,24,182,12039,1,1,2,3,2,253,0,1,58,1,3,3.63
0,25,163,10499,1,1,3,3,2,123,0,0,50,1,4,3.95
1,17,171,8572,1,1,2,2,2,200,0,0,57,1,6,2.93
1,18,179,5700,1,1,3,3,2,200,0,1,60,1,0,1.78
1,23,177,11616,1,1,2,2,2,200,0,1,0,1,3,3.71
1,27,170,7900,1,1,1,1,2,200,0,0,120,0,6,2.73
1,30,191,10202,1,1,2,2,2,200,0,1,42,2,3,2.8
1,21,185,10504,1,1,2,3,2,297,0,1,15,1,2,3.07
0,26,164,11193,1,1,3,3,2,262,0,0,8,1,4,4.16
1,41,155,7705,1,1,2,2,2,192,0,0,0,1,2,3.21
0,18,165,6800,0,1,3,3,2,100,1,1,60,1,5,2.5
1,29,181,12919,1,1,2,3,2,186,0,1,0,1,3,3.94
0,26,160,5600,0,1,3,3,2,100,0,0,0,1,1,2.19
1,21,170,6000,0,0,3,3,2,200,0,2,0,1,1,2.08
0,18,165,8000,0,0,2,1,2,200,0,1,60,1,6,2.94
0,22,165,8200,1,1,2,1,2,200,0,1,120,1,2,3.01
1,18,183,5228,1,1,1,3,2,200,0,0,92,1,0,1.56
0,26,164,11082,1,1,3,3,2,268,0,0,15,1,4,4.12
1,29,172,8400,0,1,3,3,2,200,0,3,60,1,6,2.84
1,22,164,5450,1,1,2,3,0,200,0,1,120,1,1,2.03
1,22,191,12127,1,1,2,2,2,148,0,1,0,1,3,3.32
1,30,176,11240,1,1,1,3,2,200,0,0,41,1,3,3.63
0,21,175,4965,1,1,3,3,2,132,0,1,0,0,0,1.62
0,21,175,13388,1,1,3,3,2,232,0,1,54,1,4,4.37
1,21,175,6500,1,1,2,3,2,100,0,2,60,1,1,2.12
1,21,170,9825,1,1,2,2,2,265,0,0,96,2,2,3.4
1,34,169,6700,1,1,2,3,0,200,0,0,120,1,1,2.35
1,31,175,12098,1,1,2,3,2,292,0,1,0,1,3,3.95
1,23,175,7500,1,1,2,3,1,200,1,0,120,1,5,2.45
1,21,170,6600,0,1,3,3,2,200,0,0,120,2,1,2.28
0,37,151,7703,1,1,2,3,2,161,0,0,0,1,2,3.38
0,18,163,8200,1,1,2,2,2,100,0,0,90,2,2,3.09
1,20,180,6500,0,1,3,3,1,100,0,0,60,2,1,2.01
0,21,163,5600,1,1,3,3,0,200,0,3,60,1,1,2.11
0,21,171,13214,1,1,3,3,2,282,0,1,55,1,4,4.52
0,26,162,11193,1,1,3,3,2,263,0,0,14,1,4,4.26
0,26,161,10494,1,1,3,3,2,270,0,0,41,1,4,4.05
0,18,162,12649,1,1,3,3,2,247,0,0,55,1,4,4.82
1,19,184,8522,1,1,2,3,2,237,0,2,0,1,5,2.52
1,16,160,6500,0,1,2,3,1,100,0,0,60,2,1,2.54
0,18,173,13346,1,1,3,3,2,286,0,1,53,1,4,4.46
1,38,177,7500,1,0,2,3,0,300,0,2,0,1,5,2.39
1,25,177,11414,1,1,2,3,2,287,0,0,120,1,3,3.64
1,23,167,9000,1,1,2,3,2,300,0,0,7,2,2,3.23
1,23,175,9500,1,1,2,3,2,200,0,3,60,1,2,3.1
1,21,156,6200,0,0,2,3,3,200,0,3,0,1,5,2.55
1,21,170,7500,1,1,2,3,2,163,0,1,0,1,5,2.6
0,18,158,5000,0,1,3,3,1,100,0,1,60,1,1,2.0
1,33,183,9781,1,1,2,3,2,200,0,2,0,2,2,2.92
1,30,175,11195,1,1,2,3,2,185,0,0,60,1,3,3.66
0,18,161,8419,1,1,2,3,2,298,0,0,18,2,2,3.25
1,19,170,8641,1,1,2,3,2,213,0,0,59,1,5,2.99
0,25,163,10495,1,1,3,3,2,171,0,0,32,1,4,3.95
1,23,170,7597,1,1,2,3,2,180,0,0,9,1,5,2.63
1,33,178,9754,1,1,2,2,2,200,0,2,60,1,2,3.08
1,18,172,7941,1,0,1,3,2,197,0,0,75,2,6,2.68
0,26,164,11157,1,1,3,3,2,272,0,0,36,1,4,4.15
0,31,174,8247,1,1,2,3,2,103,0,0,0,1,5,2.72
1,28,171,8331,1,1,2,2,2,200,0,0,53,1,6,2.85
0,22,163,6400,1,1,3,3,0,100,0,1,0,1,1,2.41
0,19,160,4500,0,0,3,3,1,200,1,1,0,1,0,1.76
0,22,163,8200,1,1,1,3,2,286,0,0,120,1,2,3.09
0,19,167,4912,0,1,3,3,1,100,0,1,0,1,0,1.76
0,25,169,10480,1,1,3,3,2,286,0,0,47,1,4,3.67
0,26,163,10498,1,1,3,3,2,270,0,0,55,1,4,3.95
1,30,178,12000,1,1,2,3,2,200,0,1,46,1,3,3.79
1,18,170,8300,0,1,2,3,1,200,0,3,60,1,6,2.87
0,41,150,7900,1,1,2,3,2,100,0,0,0,1,2,3.51
0,26,164,11172,1,1,3,3,2,284,0,0,3,1,4,4.15
1,21,185,9600,1,1,2,3,0,200,0,2,60,1,2,2.8
0,21,161,7274,1,1,3,3,2,300,0,1,60,1,5,2.81
1,21,162,6900,0,1,1,1,3,200,0,1,0,1,5,2.63
0,19,152,4200,0,0,3,3,1,100,0,0,0,1,0,1.82
1,25,180,11400,1,1,2,3,2,200,0,1,120,1,3,3.52
0,21,165,8000,1,1,2,3,2,200,0,1,60,2,6,2.94
1,38,175,11842,1,1,2,3,2,201,0,0,0,1,3,3.87
1,17,170,5000,1,1,2,3,1,100,0,1,120,2,0,1.73
0,25,162,10831,1,1,3,3,2,232,0,0,34,1,4,4.13
1,23,173,8398,1,1,2,2,2,200,0,0,53,1,6,2.81
1,21,175,5498,1,1,2,3,2,200,0,2,120,2,0,1.8
1,25,186,11853,1,1,2,3,2,200,0,1,95,1,3,3.43
0,21,167,7500,1,1,2,3,2,100,0,1,0,1,5,2.69
1,22,183,9687,1,1,2,3,2,300,0,1,115,1,6,2.89
1,23,178,8000,1,1,2,1,2,201,0,0,0,2,2,2.52
1,19,179,8786,1,1,2,3,2,299,1,2,59,1,5,2.74
0,21,172,13366,1,1,3,3,2,284,0,1,49,1,4,4.52
1,19,183,8580,1,1,1,3,2,228,0,0,55,1,5,2.56
1,21,161,7000,1,1,2,1,2,131,1,0,56,1,5,2.7
1,26,182,11833,1,1,2,3,2,200,0,0,113,1,3,3.57
1,18,180,6800,1,1,3,3,2,200,0,3,60,1,1,2.1
1,21,171,7500,0,1,3,1,1,200,0,3,0,1,5,2.56
0,26,164,11194,1,1,3,3,2,277,0,0,8,1,4,4.16
0,17,163,5800,1,1,2,3,2,100,0,1,0,2,1,2.18
1,24,160,10064,1,1,2,1,2,100,0,1,99,2,3,3.93
0,19,159,4284,0,0,2,2,1,125,1,0,0,1,0,1.69
1,21,165,8802,1,1,2,1,2,300,0,1,0,2,2,3.23
0,26,164,11194,1,1,3,3,2,255,0,0,24,1,4,4.16
0,19,160,5000,0,1,2,4,1,200,0,2,0,2,1,1.95
1,31,187,12183,1,1,2,2,2,235,0,1,0,1,3,3.48
1,30,176,11836,1,1,2,3,2,122,0,0,10,1,3,3.82
0,19,162,13385,1,1,3,3,2,272,0,1,37,1,4,5.1
1,30,179,12091,1,1,2,3,2,200,0,0,92,1,3,3.77
0,19,155,4500,0,1,3,1,1,100,1,0,0,1,0,1.87
1,30,175,11842,1,1,2,3,2,214,0,0,80,1,3,3.87
1,17,170,6650,1,1,3,3,2,100,0,1,120,2,1,2.3
0,26,164,11183,1,1,3,3,2,285,0,0,10,1,4,4.16
1,21,165,7000,0,1,2,3,3,200,0,1,0,2,5,2.57
1,27,175,7200,1,1,3,3,2,200,0,2,0,1,1,2.35
0,18,180,15237,1,1,3,3,2,283,0,1,56,1,4,4.7
0,19,162,7373,1,0,3,3,2,200,0,2,60,1,6,2.81
1,25,177,11414,1,1,2,3,2,210,0,1,3,1,3,3.64
0,27,159,7800,1,1,2,1,0,300,0,1,0,1,2,3.09
0,19,169,4500,0,0,3,3,1,245,0,0,60,1,0,1.58
0,25,160,10494,1,1,3,3,2,122,0,0,24,1,4,4.1
0,22,160,8203,1,1,1,1,2,211,0,0,33,2,2,3.2
1,30,177,12054,1,1,2,3,2,235,0,0,18,1,3,3.85
1,18,170,7800,0,1,2,1,2,200,0,1,60,2,6,2.7
0,18,156,5500,0,1,3,3,2,200,0,1,0,1,1,2.26
0,26,164,11103,1,1,3,3,2,276,0,0,5,1,4,4.13
1,31,186,12165,1,1,2,2,2,200,0,1,0,1,3,3.52
0,20,153,6500,1,1,2,3,2,100,0,0,60,1,6,2.78
0,23,167,5000,1,0,3,3,1,200,0,3,0,2,0,1.79
0,18,171,5000,0,0,3,4,1,100,0,1,60,1,0,1.71
0,20,181,12165,1,1,3,3,2,259,0,1,58,1,4,3.71
0,19,156,7934,1,1,2,3,2,200,0,1,108,2,2,3.26
1,18,180,8000,1,1,3,4,2,300,1,3,120,1,5,2.47
1,21,185,8863,1,1,2,3,2,207,0,2,12,1,5,2.59
0,21,174,13325,1,1,3,3,2,224,0,1,50,1,4,4.4
1,30,175,10366,1,1,2,2,2,184,0,1,0,1,3,3.38
1,19,180,8708,1,1,2,3,2,277,0,0,86,1,5,2.69
0,19,164,8011,1,1,2,3,2,238,0,0,115,1,5,2.98
0,19,160,6000,1,1,2,3,2,100,0,1,0,1,1,2.34
1,25,178,11201,1,1,2,3,2,200,0,1,9,1,3,3.54
1,25,177,11448,1,1,2,3,2,211,0,1,4,1,3,3.65
1,24,171,8439,1,1,2,2,2,205,0,0,26,1,6,2.89
1,21,170,7800,0,1,2,3,2,300,0,3,60,2,5,2.7
0,39,173,7800,1,1,3,1,2,200,0,0,0,2,2,2.61
1,31,175,11827,1,1,2,3,2,202,0,0,67,1,3,3.86
0,22,167,8200,1,1,2,1,2,200,0,0,24,1,2,2.94
1,31,178,7800,1,0,3,3,2,100,0,1,0,2,6,2.46
0,20,162,7210,1,0,2,3,2,300,0,1,60,2,6,2.75
1,36,175,10920,1,1,2,2,2,100,0,1,0,1,3,3.57
0,22,160,8296,1,1,1,1,2,200,0,0,82,2,2,3.24
0,33,168,7760,1,1,2,1,2,297,0,0,60,2,6,2.75
0,18,165,6000,1,1,2,3,2,200,0,1,60,2,1,2.2
0,26,164,11194,1,1,3,3,2,263,0,0,5,1,4,4.16
0,22,165,12125,1,1,3,3,2,249,0,1,39,1,4,4.45
1,21,180,8500,1,1,2,3,1,300,0,1,120,0,5,2.62
0,25,163,10494,1,1,3,3,2,149,0,0,27,1,4,3.95
1,21,181,10649,1,1,2,2,2,213,0,0,60,1,2,3.25
1,27,190,12923,1,1,2,3,2,148,0,1,0,1,3,3.58
1,24,178,6800,0,0,3,1,2,200,0,2,60,1,1,2.15
1,22,184,12141,1,1,3,2,2,203,0,0,0,1,3,3.59
0,26,163,11160,1,1,3,3,2,263,0,0,15,1,4,4.2
0,21,159,6000,1,1,2,1,1,100,0,0,0,1,1,2.37
1,24,187,12124,1,1,2,2,2,296,0,1,0,1,3,3.47
0,21,175,13779,1,1,3,3,2,286,0,1,49,1,4,4.5
1,30,178,12061,1,1,2,3,2,229,0,0,55,1,3,3.81
1,21,171,7500,1,1,3,3,2,184,0,0,60,1,5,2.56
0,24,166,11390,1,1,3,3,2,286,0,0,10,1,4,4.13
1,23,181,12034,1,1,2,3,2,235,0,1,37,1,3,3.67
0,18,174,8700,0,1,2,3,2,200,0,2,0,2,2,2.87
1,17,171,9986,1,1,2,3,2,200,0,0,53,2,2,3.42
0,21,160,6100,0,1,3,3,2,200,0,1,0,1,1,2.38
0,21,169,15037,1,1,3,3,2,269,0,1,52,1,4,5.26
1,23,176,9687,1,1,2,2,2,200,0,0,104,2,2,3.13
1,26,185,10513,1,1,3,3,2,248,0,2,95,1,2,3.07
0,26,162,11155,1,1,3,3,2,262,0,0,32,1,4,4.25
1,22,169,8055,1,1,2,2,2,200,0,2,86,2,6,2.82
1,23,178,7800,0,1,2,1,1,100,0,0,60,1,1,2.46
0,26,164,10542,1,1,3,3,2,260,0,0,31,1,4,3.92
1,17,189,5925,1,1,2,1,2,297,0,2,22,2,0,1.66
1,24,179,12009,1,1,2,3,2,200,0,1,58,1,3,3.75
0,21,161,6300,1,1,1,3,1,100,0,0,60,1,1,2.43
1,20,171,7100,1,1,2,4,0,300,0,2,0,1,1,2.43
0,22,161,8252,1,1,1,1,2,200,0,0,37,2,2,3.18
1,25,186,10642,1,1,1,3,2,264,0,1,0,1,3,3.08
1,22,177,11659,1,1,2,3,2,200,0,0,60,1,3,3.72
0,20,150,4155,1,1,2,1,1,100,0,0,0,2,0,1.85
1,21,185,10500,1,1,3,1,2,300,0,1,60,1,2,3.07
1,18,180,7000,1,1,2,3,2,200,0,1,60,2,1,2.16
1,18,175,5251,0,1,2,3,2,200,0,2,60,1,0,1.71
1,18,176,5160,1,0,2,3,2,163,0,1,33,1,0,1.67
0,19,167,4500,0,0,3,3,1,100,1,1,6,1,0,1.61
1,21,168,7500,0,1,2,3,2,300,0,1,0,1,5,2.66
1,36,176,11765,1,1,2,3,2,178,0,0,0,1,3,3.8
1,21,179,8998,1,1,1,1,2,200,0,0,28,1,5,2.81
0,26,165,11191,1,1,3,3,2,263,0,0,10,1,4,4.11
1,22,177,12008,1,1,2,3,2,200,0,1,60,1,3,3.83
0,25,161,10476,1,1,3,3,2,141,0,0,46,1,4,4.04
0,21,165,6800,1,1,3,3,2,100,0,1,0,1,5,2.5
1,18,178,7000,1,1,3,3,2,200,0,1,60,1,1,2.21
1,21,168,6900,1,1,2,1,2,200,0,1,60,1,1,2.44
1,25,178,11295,1,1,2,3,2,215,0,1,1,1,3,3.56
0,26,164,11193,1,1,3,3,2,267,0,0,9,1,4,4.16
0,26,162,11186,1,1,3,3,2,263,0,0,13,1,4,4.26
0,25,167,10476,1,1,3,3,2,136,0,0,42,1,4,3.76
1,23,175,11937,1,1,2,3,2,207,0,0,21,1,3,3.9
0,25,163,10542,1,1,3,3,2,141,0,0,23,1,4,3.97
1,18,178,5209,1,1,1,3,2,116,0,0,60,1,0,1.64
1,19,174,7500,1,0,2,3,1,200,0,0,60,1,5,2.48
0,26,163,11194,1,1,3,3,2,268,0,0,9,1,4,4.21
1,30,179,12597,1,1,2,3,2,100,0,1,31,1,3,3.93
1,24,161,10064,1,1,2,1,2,145,0,1,99,2,3,3.88
0,21,163,6600,1,1,3,1,2,200,1,2,0,2,5,2.48
0,26,170,7800,1,1,3,1,2,200,0,0,0,0,5,2.7
0,21,175,13366,1,1,3,3,2,270,0,1,24,1,4,4.36
0,28,169,7815,1,1,3,3,2,216,0,0,0,2,6,2.74
1,25,175,8600,0,1,2,4,1,300,0,0,0,2,6,2.81
0,26,162,11188,1,1,3,3,2,268,0,0,16,1,4,4.26
1,27,170,8301,1,1,2,1,2,169,0,1,23,2,6,2.87
0,17,175,5144,1,1,2,3,2,200,0,0,120,1,0,1.68
0,21,162,6800,1,1,2,1,2,200,0,1,0,1,5,2.59
1,21,170,9854,1,1,2,2,2,200,0,0,60,2,2,3.41
0,19,158,7500,1,1,3,3,1,300,0,1,0,2,1,3.0
0,23,164,8398,1,1,2,2,2,202,0,2,24,2,2,3.12
1,17,179,5501,1,1,2,3,2,297,0,2,60,1,0,1.72
0,21,165,8800,1,1,3,1,2,300,0,2,60,1,2,3.23
1,17,170,5000,0,1,2,3,2,200,0,0,60,1,0,1.73
1,18,185,9000,1,1,2,3,2,200,0,2,120,1,2,2.63
0,18,162,5500,1,0,3,3,2,200,0,2,0,2,1,2.1
0,28,161,6400,0,1,3,3,1,200,0,1,60,0,1,2.47
0,21,171,13211,1,1,3,3,2,160,0,1,55,1,4,4.52
1,31,176,12008,1,1,2,3,2,217,0,1,94,1,3,3.88
1,21,174,7200,1,1,2,3,2,300,0,0,120,1,1,2.38
1,20,178,10291,1,1,2,1,2,100,0,0,93,2,2,3.25
0,29,150,5000,0,1,3,4,2,100,0,0,0,2,1,2.22
0,19,151,4500,0,0,3,3,1,100,0,1,60,2,0,1.97
0,22,166,5145,1,1,3,3,1,194,0,1,49,2,0,1.87
1,37,175,11853,1,1,2,3,2,202,0,0,0,1,3,3.87
1,22,175,10604,1,1,2,3,2,232,0,1,46,1,2,3.46
1,24,182,12090,1,1,2,3,2,254,0,0,4,1,3,3.65
0,19,171,8000,1,1,2,3,2,200,0,2,75,2,6,2.74
1,25,177,11448,1,1,2,3,2,208,0,1,0,1,3,3.65
1,21,162,7000,0,1,1,1,3,300,0,1,0,1,5,2.67
1,18,180,6000,0,1,2,4,2,100,0,1,60,2,1,1.85
0,19,171,4965,0,1,2,3,2,100,0,2,60,1,0,1.7
0,38,154,8000,1,1,2,3,2,199,0,0,0,1,2,3.37
1,22,180,9100,1,1,1,3,2,200,0,3,0,0,6,2.81
0,20,174,13367,1,1,3,3,2,287,0,1,49,1,4,4.42
1,24,180,6000,0,1,2,4,2,200,0,0,60,2,1,1.85
0,19,165,4964,0,1,3,3,2,169,0,2,60,1,0,1.82
1,28,182,5993,1,1,2,3,2,200,0,2,0,2,0,1.81
1,24,170,8530,1,1,2,3,2,200,0,0,37,1,6,2.95
1,22,162,5300,1,0,2,3,1,100,0,3,120,1,0,2.02
0,18,181,5630,0,1,3,2,2,125,0,2,28,1,0,1.72
1,27,182,12098,1,1,2,3,2,231,0,1,0,1,3,3.65
0,22,168,7300,1,1,2,3,0,200,0,1,60,1,1,2.59
1,30,175,11200,1,1,1,3,2,200,0,0,60,2,3,3.66
0,18,162,8255,1,1,1,1,2,199,0,0,110,1,2,3.15
1,26,193,8400,0,0,2,4,1,200,0,2,0,2,1,2.26
0,37,150,7600,1,1,2,3,2,100,0,0,0,1,2,3.38
1,28,183,11758,1,1,2,2,2,192,0,0,60,1,3,3.51
1,20,160,7000,0,1,2,1,2,200,0,1,60,1,5,2.73
0,21,172,13569,1,1,3,3,2,167,0,1,56,1,4,4.59
1,19,180,8500,1,1,2,3,2,200,0,1,0,2,5,2.62
0,22,161,5380,1,1,2,3,2,200,0,0,120,1,1,2.08
0,18,158,5300,0,1,2,3,2,100,0,0,60,2,1,2.12
1,25,178,10503,1,1,3,3,2,204,0,0,3,1,2,3.31
0,25,160,10484,1,1,3,3,2,250,0,0,35,1,4,4.1
0,26,162,11192,1,1,3,3,2,270,0,0,12,1,4,4.26
1,25,178,11447,1,1,2,3,2,206,0,1,50,1,3,3.61
1,24,175,11943,1,1,2,3,2,200,0,1,37,1,3,3.9
0,26,164,11194,1,1,3,3,2,273,0,0,14,1,4,4.16
0,23,156,5300,1,1,2,4,1,100,0,2,60,1,1,2.18
0,37,156,8000,1,1,2,3,2,300,0,0,0,1,2,3.29
0,21,163,5450,0,1,3,1,2,200,0,1,60,1,1,2.05
1,22,165,9409,1,1,2,3,2,200,0,0,79,2,2,3.46
0,21,174,13366,1,1,3,3,2,287,0,1,37,1,4,4.41
0,25,163,10496,1,1,3,3,2,166,0,0,44,1,4,3.95
0,18,165,8000,0,1,3,3,2,100,0,1,120,2,5,2.94
1,33,173,8449,1,1,2,3,2,200,0,1,0,2,6,2.82
1,31,175,11908,1,1,2,3,2,201,0,0,0,1,3,3.89
0,19,150,5000,1,0,3,3,2,200,0,0,60,2,1,2.22
1,20,168,6650,0,0,3,3,0,200,0,0,0,0,1,2.36
1,32,169,10374,1,1,2,1,2,100,0,0,0,2,3,3.63
1,22,170,8300,1,1,3,3,1,200,0,3,0,0,6,2.87
0,23,150,7500,1,1,2,3,2,300,0,0,114,1,5,3.33
1,23,176,7500,1,1,2,3,2,200,0,0,120,0,5,2.42
1,23,176,12124,1,1,3,2,2,262,0,0,0,1,3,3.91
0,20,165,8500,1,1,2,3,2,300,0,2,60,1,2,3.12
1,20,172,7500,0,1,3,3,2,300,0,0,60,1,5,2.54
0,37,164,8472,1,1,2,3,2,277,0,1,0,1,2,3.15
0,26,165,11193,1,1,3,3,2,285,0,0,51,1,4,4.11
1,23,185,7000,1,1,3,3,0,200,0,1,0,1,1,2.05
0,20,181,15237,1,1,3,3,2,230,0,1,55,1,4,4.65
1,25,175,11308,1,1,1,3,2,200,0,1,0,1,3,3.69
1,24,176,11616,1,1,2,3,2,200,0,1,36,1,3,3.75
1,21,181,10525,1,1,2,3,2,242,0,0,120,1,2,3.21
1,25,161,6974,1,1,2,3,2,200,0,0,87,2,5,2.69
0,26,162,11082,1,1,3,3,2,257,0,0,33,1,4,4.22
1,23,175,12500,1,1,2,3,2,200,0,1,60,1,3,4.08
0,25,165,6200,1,0,3,3,2,200,0,1,60,2,1,2.28
0,19,161,4500,0,0,3,3,2,100,1,2,0,2,0,1.74
0,25,162,10485,1,1,3,3,2,252,0,0,27,1,4,4.0
0,19,173,4992,0,1,2,3,2,196,0,0,60,1,0,1.67
1,23,170,7500,0,1,2,3,1,100,0,0,60,1,5,2.6
0,19,160,6000,1,1,2,3,2,200,0,2,60,2,1,2.34
0,18,169,9136,1,1,1,3,2,185,0,1,106,2,2,3.2
1,29,183,11836,1,1,2,1,2,234,0,0,86,1,3,3.53
1,18,179,10893,1,1,2,2,2,209,0,1,0,2,2,3.4
0,21,172,13192,1,1,3,3,2,247,0,1,56,1,4,4.46
1,21,163,9607,1,1,2,3,2,300,0,3,0,2,2,3.62
0,18,174,13367,1,1,3,3,2,282,0,1,44,1,4,4.42
0,32,165,7300,0,1,2,1,2,100,0,1,0,1,5,2.68
1,20,165,10000,1,1,2,1,2,100,0,1,60,2,3,3.67
1,23,178,8900,1,1,2,3,2,200,0,0,60,1,5,2.81
1,18,175,5113,1,1,2,3,2,200,0,0,60,1,0,1.67
1,21,183,10500,1,1,2,3,2,249,0,1,0,1,2,3.14
0,23,169,8445,1,1,2,3,2,251,0,2,23,2,2,2.96
1,37,179,11816,1,1,2,3,2,264,0,0,0,1,3,3.69
1,22,180,10503,1,1,2,3,2,226,0,0,27,1,2,3.24
1,17,185,5900,1,1,2,3,2,100,0,2,60,1,0,1.72
1,17,170,9800,1,1,2,3,2,200,0,2,120,1,2,3.39
0,25,168,10480,1,1,3,3,2,142,0,0,44,1,4,3.71
1,19,167,6000,1,1,2,4,1,200,0,2,60,2,1,2.15
0,21,174,13186,1,1,3,3,2,140,0,1,55,1,4,4.36
1,21,179,10565,1,1,2,3,2,200,0,0,8,1,2,3.3
0,26,165,11194,1,1,3,3,2,277,0,0,5,1,4,4.11
1,28,179,11272,1,1,1,3,2,200,0,1,17,1,3,3.52
1,24,170,8700,1,1,2,3,2,300,0,3,0,1,5,3.01
0,17,170,4800,1,1,3,3,1,200,0,2,0,1,1,1.66
1,22,179,10503,1,1,2,3,2,255,0,0,9,1,2,3.28
1,21,180,9300,0,1,2,3,1,100,0,0,60,0,6,2.87
0,31,155,7160,1,1,2,3,2,122,0,0,0,1,5,2.98
0,17,167,4980,0,1,2,3,2,187,0,2,60,1,0,1.79
1,18,169,5205,1,1,3,3,2,177,0,0,115,2,0,1.82
0,21,166,5100,1,1,2,3,1,100,0,2,0,1,1,1.85
0,17,162,5300,0,1,3,1,2,200,0,1,120,1,0,2.02
1,18,170,7500,0,1,2,3,1,100,0,1,60,1,5,2.6
0,18,165,8925,1,1,2,3,2,248,0,0,0,2,2,3.28
1,22,174,11666,1,1,1,2,2,235,0,0,0,1,3,3.85
1,41,178,9700,1,0,2,3,2,300,0,3,0,2,2,3.06
0,21,162,7000,0,1,2,1,2,200,0,1,0,1,5,2.67
0,17,171,5000,0,1,2,2,2,100,1,0,38,1,0,1.71
1,31,184,12131,1,1,2,3,2,215,0,0,0,1,3,3.58
0,24,172,13346,1,1,3,3,2,272,0,1,57,1,4,4.51
1,20,169,6500,1,1,2,3,1,200,0,3,60,2,1,2.28
0,17,167,5500,1,1,3,3,2,200,0,1,0,2,1,1.97
0,19,158,4900,0,1,3,3,2,200,0,2,60,1,0,1.96
1,23,175,9500,1,1,2,3,2,200,0,0,120,1,2,3.1
0,21,166,5800,0,0,2,3,2,100,0,1,0,1,1,2.1
0,18,154,4000,0,1,2,1,2,100,0,1,120,1,0,1.69
1,21,170,7500,0,1,2,4,1,200,1,2,60,0,5,2.6
1,22,170,9529,1,1,2,3,2,213,0,1,111,2,2,3.3
0,18,178,13820,1,1,3,3,2,281,0,0,48,1,4,4.36
0,19,163,4500,0,1,3,3,2,200,1,1,0,1,0,1.69
0,19,152,4200,0,1,3,1,1,100,0,0,60,1,0,1.82
1,18,180,6000,1,1,2,3,2,300,0,1,60,1,0,1.85
1,17,181,6000,1,1,2,3,2,297,0,2,60,1,0,1.83
1,18,175,9700,1,1,2,3,2,300,0,2,0,1,2,3.17
0,21,156,5100,0,1,3,3,2,100,0,0,0,1,1,2.1
1,20,183,8400,1,1,3,4,1,200,0,2,0,1,5,2.51
1,18,172,5205,1,1,2,3,2,200,0,0,91,1,0,1.76
1,19,180,8500,0,1,3,3,1,200,0,1,60,1,5,2.62
1,32,187,12281,1,1,2,3,2,100,0,0,0,2,3,3.51
0,23,158,7800,1,1,2,3,2,200,0,0,120,1,2,3.12
1,22,162,5800,0,1,2,3,3,200,0,1,0,2,0,2.21
1,26,170,7800,1,1,3,3,2,200,0,1,0,0,5,2.7
0,26,163,11148,1,1,3,3,2,244,0,0,15,1,4,4.2
0,23,156,8000,1,1,2,1,2,200,0,2,0,2,2,3.29
1,27,178,9900,1,0,2,1,2,200,0,2,0,0,2,3.12
1,24,190,12120,1,1,2,2,2,138,0,0,0,1,3,3.36
1,25,177,11307,1,1,1,3,2,200,0,1,0,1,3,3.61
1,22,177,8986,1,1,1,2,2,200,0,0,12,1,6,2.87
1,23,173,7843,1,1,2,2,2,235,0,0,1,1,6,2.62
1,23,180,9000,1,1,2,3,1,300,0,0,60,1,5,2.78
1,33,170,9700,1,1,3,3,2,100,0,1,0,1,6,3.36
0,16,170,5000,0,1,2,4,1,100,0,2,60,1,0,1.73
0,21,163,7000,0,1,2,1,2,100,0,1,0,2,5,2.63
1,16,184,5940,1,1,2,3,2,200,0,0,60,1,0,1.75
1,18,175,8000,1,1,2,1,2,273,0,2,0,1,5,2.61
0,26,164,11191,1,1,3,3,2,261,0,0,14,1,4,4.16
0,21,173,13387,1,1,3,3,2,185,0,1,51,1,4,4.47
0,26,169,11097,1,1,3,3,2,270,0,0,43,1,4,3.89
0,18,168,5066,1,1,3,3,2,181,0,0,46,1,0,1.79
1,19,180,8500,0,1,3,4,1,300,0,1,0,2,5,2.62
0,26,175,11283,1,1,3,3,2,262,0,0,9,1,4,3.68
0,26,162,11191,1,1,3,3,2,231,0,0,6,1,4,4.26
1,33,183,8500,1,1,2,1,2,200,0,1,60,1,6,2.54
0,26,164,11182,1,1,3,3,2,260,0,0,14,1,4,4.16
1,23,170,5300,1,1,2,3,2,200,0,0,60,1,1,1.83
1,28,176,11345,1,1,1,3,2,209,0,0,37,1,3,3.66
1,19,185,8500,0,1,2,3,2,300,0,2,0,1,5,2.48
0,21,161,6800,0,1,2,1,3,200,0,1,0,1,5,2.62
1,30,175,11937,1,1,2,3,2,231,0,1,90,1,3,3.9
0,18,165,6000,1,1,2,3,2,200,0,2,0,1,1,2.2
1,21,170,8000,1,1,2,3,2,200,0,2,60,1,6,2.77
0,20,155,5000,0,1,2,3,2,100,0,0,60,2,1,2.08
1,19,180,10500,1,1,3,3,2,300,0,1,120,1,2,3.24
1,25,175,11277,1,1,1,1,2,200,0,1,0,1,2,3.68
1,20,188,9500,1,1,3,3,2,300,0,1,60,2,6,2.69
1,21,184,12200,1,1,3,3,2,100,0,1,60,2,3,3.6
1,23,175,7000,0,0,3,3,2,200,0,0,60,2,1,2.29
0,22,167,7700,1,0,3,3,2,200,0,0,60,2,6,2.76
1,22,170,7500,1,1,2,3,2,200,0,0,80,1,5,2.6
1,24,173,9844,1,1,2,2,2,272,0,0,86,1,6,3.29
0,24,160,5700,1,1,2,3,0,200,0,0,60,1,1,2.23
0,17,163,5500,1,1,2,3,2,200,0,1,0,2,1,2.07
1,17,190,9900,0,1,2,3,2,200,1,2,60,2,2,2.74
0,19,153,4200,0,1,3,1,1,100,0,1,0,1,0,1.79
1,30,176,11201,1,1,2,3,2,202,0,0,0,1,3,3.62
1,23,170,8000,1,1,2,1,2,200,0,1,60,0,6,2.77
1,18,187,6000,1,0,3,3,2,200,0,1,0,2,0,1.72
1,35,180,9100,1,1,3,3,2,100,0,1,0,1,6,2.81
1,23,182,6000,1,1,2,3,1,200,0,0,60,1,0,1.81
0,18,160,6000,0,0,2,3,2,200,0,1,0,1,1,2.34
0,25,166,10512,1,1,3,3,2,243,0,0,24,1,4,3.81
1,31,188,12506,1,1,2,3,2,165,0,1,81,1,3,3.54
1,20,169,10236,1,1,3,3,2,106,0,0,1,1,3,3.58
1,19,163,7000,0,1,2,1,3,200,0,0,0,1,5,2.63
0,25,162,10998,1,1,3,3,2,266,0,0,26,1,4,4.19
0,27,154,6300,1,0,2,1,2,200,0,0,0,2,6,2.66
0,26,168,11186,1,1,3,3,2,247,0,0,5,1,4,3.96
1,21,172,7000,1,1,2,3,1,100,0,2,60,1,1,2.37
1,24,165,9954,1,1,2,2,2,100,0,1,0,2,3,3.66
0,21,179,16093,1,1,3,3,2,235,0,0,56,1,4,5.02
1,25,176,11553,1,1,2,3,2,215,0,1,35,1,3,3.73
1,25,176,11447,1,1,2,3,2,211,0,0,46,1,3,3.7
1,33,175,11300,1,0,2,3,2,200,0,0,120,1,3,3.69
0,20,170,8500,0,1,3,3,2,300,0,2,0,2,5,2.94
0,22,161,8241,1,1,2,3,2,270,0,0,16,2,2,3.18
1,21,181,10632,1,1,2,3,2,127,0,2,100,2,2,3.25
1,29,170,11243,1,1,2,3,2,200,0,0,104,1,3,3.89
0,26,163,11092,1,1,3,3,2,160,0,0,12,1,4,4.17
1,21,183,10547,1,1,2,3,2,248,0,2,33,1,2,3.15
1,18,175,11193,1,1,2,3,2,288,0,0,17,2,2,3.65
0,26,162,11193,1,1,3,3,2,262,0,0,12,1,4,4.26
1,19,184,8583,1,1,2,3,2,295,0,1,0,1,5,2.54
0,18,162,5800,0,1,2,3,2,100,0,0,0,2,1,2.21
0,19,160,6000,1,1,3,1,0,300,0,1,60,1,1,2.34
1,21,165,9800,1,1,2,3,2,300,0,1,0,2,2,3.6
0,21,168,5089,0,0,2,3,1,100,0,0,0,1,0,1.8
0,21,172,13328,1,1,3,3,2,270,0,1,54,1,4,4.51
0,22,162,8262,1,1,1,3,2,202,0,2,43,1,5,3.15
1,18,180,6000,1,1,2,3,2,200,0,1,0,2,1,1.85
0,17,161,6747,1,1,2,1,2,200,0,2,12,1,5,2.6
1,26,176,11856,1,1,1,3,2,210,0,0,40,1,3,3.83
0,23,163,8200,1,1,2,1,2,300,0,1,120,2,2,3.09
1,21,171,9987,1,1,2,3,2,273,0,1,118,2,2,3.42
1,18,174,5300,1,1,3,3,1,200,0,1,60,2,0,1.75
0,28,173,8600,1,1,2,3,2,184,0,1,0,1,5,2.87
0,18,173,4500,1,1,3,3,2,286,0,0,56,1,0,1.5
0,29,161,6946,1,1,1,3,2,200,0,1,0,1,5,2.68
1,22,178,7900,0,1,2,1,2,200,0,1,60,1,1,2.49
1,25,184,6500,1,1,1,3,2,200,0,2,0,1,1,1.92
1,23,160,7000,0,1,2,3,3,200,0,1,0,1,5,2.73
1,20,175,6900,1,1,3,3,2,200,1,1,0,1,1,2.25
0,25,162,10998,1,1,3,3,2,247,0,0,26,1,4,4.19
1,22,175,8341,1,1,2,1,2,174,0,0,55,2,2,2.72
0,20,172,13127,1,1,3,3,2,167,0,1,54,1,4,4.44
0,26,162,11192,1,1,3,3,2,278,0,0,5,1,4,4.26
1,40,175,11182,1,1,2,3,2,200,0,1,0,1,3,3.65
0,22,160,5300,1,1,3,3,2,200,0,1,60,1,1,2.07
0,18,161,4900,1,1,3,4,2,200,0,2,60,1,0,1.89
1,25,189,6800,0,1,2,3,2,200,0,1,0,1,1,1.9
1,25,184,11400,1,1,2,3,1,300,0,3,120,2,2,3.37
0,19,153,4200,0,1,3,1,1,149,0,0,55,1,0,1.79
0,19,153,4232,0,1,3,1,1,156,0,0,19,1,0,1.81
1,17,184,5940,1,1,2,4,2,200,0,2,120,2,0,1.75
0,23,165,8400,1,1,3,3,2,300,0,0,60,2,2,3.09
1,22,176,11553,1,1,1,3,2,216,0,1,18,1,3,3.73
0,21,173,13211,1,1,3,3,2,270,0,1,56,1,4,4.41
1,19,175,7600,0,0,3,3,2,300,0,3,120,1,6,2.48
0,21,167,7916,1,1,2,1,2,200,0,0,60,2,6,2.84
1,30,180,12007,1,1,2,3,2,200,0,1,0,1,3,3.71
1,18,170,10800,1,1,2,3,2,200,0,1,120,1,2,3.74
1,21,184,9000,1,1,2,1,2,300,0,1,0,1,5,2.66
0,18,170,5008,1,1,1,3,2,105,0,0,61,1,0,1.73
0,25,164,10495,1,1,3,3,2,252,0,1,19,1,4,3.9
0,24,173,13287,1,1,3,3,2,286,0,1,55,1,4,4.44
1,17,175,8524,1,1,2,3,2,200,0,0,53,1,5,2.78
1,26,177,11534,1,1,2,3,2,214,0,0,60,1,3,3.68
1,21,179,8993,1,1,1,1,2,200,0,0,0,1,6,2.81
0,19,154,7400,1,1,3,3,2,300,0,0,60,0,6,3.12
0,19,165,6600,0,1,3,3,0,300,0,3,60,2,5,2.42
0,22,165,8000,1,1,2,1,2,300,0,1,120,2,2,2.94
1,38,180,10860,1,1,2,3,2,167,0,1,0,1,2,3.35
0,25,174,10496,1,1,3,3,2,295,0,0,55,1,4,3.47
1,22,170,8000,1,1,2,2,2,122,0,1,116,1,6,2.77
1,24,176,8507,1,1,1,3,2,200,0,0,116,1,6,2.75
0,21,162,7000,0,1,2,3,2,300,0,1,60,1,5,2.67
0,21,154,6300,1,1,3,1,2,200,1,1,0,1,5,2.66
1,17,176,5500,0,1,3,3,2,100,0,1,60,1,0,1.78
0,18,160,5700,0,1,3,1,1,200,0,1,0,1,1,2.23
0,23,163,5300,0,1,3,3,2,200,0,2,0,1,1,1.99
1,17,169,5000,0,1,2,4,0,200,0,1,60,1,0,1.75
1,25,175,11413,1,1,2,3,2,215,0,1,9,1,3,3.73
1,24,171,8341,1,1,2,3,2,108,0,0,60,2,6,2.85
1,23,170,8300,0,1,2,3,2,200,0,3,0,1,6,2.87
1,20,180,10800,1,1,2,3,2,300,0,0,60,2,2,3.33
1,27,170,10255,1,1,2,1,2,100,0,1,0,2,3,3.55
1,18,169,7954,1,0,2,3,2,194,0,1,60,2,6,2.78
0,17,170,5501,1,1,2,4,2,297,0,2,96,1,0,1.9
1,29,181,10810,1,1,2,2,2,204,0,1,0,1,2,3.3
1,21,178,10540,1,1,2,3,2,200,0,0,43,1,2,3.33
0,26,163,11193,1,1,3,3,2,261,0,0,14,1,4,4.21
0,21,175,7800,1,1,2,1,1,200,0,1,0,1,5,2.55
0,21,170,5300,0,1,1,4,1,200,0,3,0,2,1,1.83
1,19,160,7000,1,1,3,3,2,200,0,2,60,1,1,2.73
1,25,188,11826,1,1,2,3,2,236,0,1,0,1,3,3.35
0,19,164,4960,0,1,2,4,2,143,0,2,104,1,0,1.84
1,31,168,9000,1,1,2,3,2,100,0,0,0,1,2,3.19
1,26,182,11194,1,1,3,3,2,267,0,0,9,1,4,3.38
0,20,150,4200,0,1,2,3,1,200,0,2,0,1,0,1.87
1,20,175,7500,0,0,2,3,2,200,0,1,0,1,1,2.45
1,19,162,7000,0,1,2,1,2,100,0,1,120,1,5,2.67
1,27,178,12604,1,1,2,2,2,149,0,0,50,1,3,3.98
1,40,173,10988,1,1,2,3,2,114,0,0,0,1,3,3.67
0,22,172,8200,1,1,2,2,2,100,0,1,0,1,2,2.77
1,22,187,9105,1,1,2,1,2,101,0,0,27,1,2,2.6
0,21,176,13133,1,1,3,3,2,195,0,1,53,1,4,4.24
0,18,155,5500,1,1,3,3,2,200,0,1,60,2,1,2.29
0,26,164,11193,1,1,3,3,2,262,0,0,32,1,4,4.16
1,40,150,6200,1,0,2,3,2,200,0,1,0,1,6,2.76
0,21,171,15141,1,1,3,3,2,272,0,1,50,1,4,5.18
0,38,154,8000,1,1,2,1,2,132,0,0,0,1,2,3.37
0,29,155,7800,1,1,2,3,2,100,0,0,0,0,2,3.25
0,22,161,8259,1,1,1,1,2,237,0,0,35,1,2,3.19
0,26,162,11194,1,1,3,3,2,268,0,0,16,1,4,4.27
0,24,173,13388,1,1,3,3,2,285,0,1,55,1,4,4.47
0,19,164,4900,1,1,2,4,1,100,0,2,0,1,0,1.82
0,19,181,15237,1,1,3,3,2,230,0,1,55,1,4,4.65
0,25,174,10459,1,1,3,3,2,148,0,0,41,1,4,3.45
1,30,176,11201,1,1,1,3,2,200,0,1,0,1,3,3.62
1,29,190,12919,1,1,2,3,2,185,0,1,0,1,3,3.58
0,18,175,7500,1,1,3,3,2,100,0,1,0,1,1,2.45
1,21,178,7200,1,1,2,3,2,300,0,1,0,1,1,2.27
1,21,175,7200,1,1,2,3,2,300,0,1,60,2,1,2.35
1,21,182,7700,1,1,2,3,1,200,0,3,0,2,1,2.32
1,26,175,11228,1,1,1,3,2,211,0,0,4,1,3,3.67
1,33,175,11811,1,1,2,3,2,202,0,1,0,1,3,3.86
1,24,175,12009,1,1,2,3,2,264,0,1,17,1,3,3.92
0,21,165,8800,1,1,2,3,2,300,0,1,60,2,2,3.23
1,23,185,9792,1,1,2,3,2,300,0,3,60,2,2,2.86
0,28,170,7800,1,0,3,3,2,200,0,1,60,1,6,2.7
0,37,158,7600,1,1,2,3,2,200,0,0,0,1,2,3.04
0,22,162,8200,1,1,2,1,2,200,0,0,97,2,2,3.12
1,29,177,10500,1,1,2,3,2,300,0,1,0,1,2,3.35
1,29,170,7300,0,1,2,3,2,100,0,0,60,1,1,2.53
1,26,182,11827,1,1,2,3,2,268,0,0,0,1,3,3.57
0,21,180,13814,1,1,3,3,2,243,0,0,45,1,4,4.26
1,18,179,10800,1,1,2,3,2,100,0,1,60,2,2,3.37
1,27,175,7300,0,0,3,1,1,200,0,0,60,1,1,2.38
0,25,161,10458,1,1,3,3,2,260,0,0,35,1,4,4.03
0,20,167,8500,1,0,2,3,2,300,0,0,60,2,2,3.05
1,21,175,11800,1,1,3,3,2,300,0,1,0,1,3,3.85
0,19,159,4200,0,1,3,1,1,100,0,0,0,2,0,1.66
0,21,174,13374,1,1,3,3,2,141,0,1,55,1,4,4.42
0,18,163,5500,1,1,2,3,1,100,0,2,60,0,1,2.07
1,21,185,9100,1,1,3,3,2,100,0,2,60,1,6,2.66
0,26,163,11153,1,1,3,3,2,277,0,0,14,1,4,4.2
0,16,168,5000,1,0,3,4,1,100,0,2,120,1,0,1.77
0,25,162,10503,1,1,3,3,2,101,0,0,30,1,4,4.0
1,21,166,8998,1,1,1,1,2,200,0,0,0,1,2,3.27
0,21,171,13393,1,1,3,3,2,272,0,1,55,1,4,4.58
1,26,175,11827,1,1,2,3,2,235,0,0,0,1,3,3.86
0,21,172,13214,1,1,3,3,2,177,0,1,40,1,4,4.47
0,21,172,13311,1,1,3,3,2,286,0,1,54,1,4,4.5
0,18,163,8200,1,1,1,1,2,199,0,0,81,2,2,3.09
0,26,162,11195,1,1,3,3,2,247,0,0,31,1,4,4.27
0,17,160,6500,1,1,3,1,2,200,1,0,120,2,5,2.54
0,38,151,7934,1,1,3,3,2,200,0,2,0,2,6,3.48
1,18,162,5205,0,1,1,2,2,197,0,0,11,1,5,1.98
1,17,170,6500,1,1,2,3,2,200,0,1,60,2,1,2.25
0,25,164,10750,1,1,3,3,2,152,0,0,28,1,4,4.0
0,22,174,5145,1,1,2,3,1,199,0,0,52,2,0,1.7
1,18,178,10800,1,1,3,3,2,200,0,1,120,2,2,3.41
0,20,160,6500,1,1,2,3,1,200,0,0,60,1,1,2.54
0,18,160,5063,0,1,1,3,1,100,0,0,60,1,0,1.98
1,25,176,11542,1,1,2,3,2,229,0,1,50,1,3,3.73
0,26,181,15247,1,1,3,3,2,267,0,0,35,1,4,4.65
0,18,165,6600,1,1,3,3,2,200,1,0,60,2,5,2.42
1,24,188,12124,1,1,2,2,2,261,0,0,0,1,3,3.43
1,25,183,11538,1,1,2,3,2,217,0,1,113,1,3,3.45
0,19,156,4200,0,1,2,1,1,100,0,1,0,2,0,1.73
1,22,176,10500,1,1,2,3,2,300,0,3,60,2,2,3.39
1,22,165,8200,1,1,2,1,2,200,0,1,95,1,2,3.01
1,28,168,8999,1,1,2,2,2,245,0,0,1,1,6,3.19
0,26,164,11193,1,1,3,3,2,277,0,0,14,1,4,4.16
1,17,170,5000,0,1,2,4,2,200,0,2,60,1,0,1.73
1,26,174,10500,1,1,3,3,2,300,0,3,0,1,2,3.47
0,21,166,5800,1,1,2,3,2,200,0,1,0,2,1,2.1
0,18,170,5063,1,1,2,3,2,200,0,0,69,1,0,1.75
1,30,177,10258,1,1,2,3,2,100,0,0,37,2,3,3.27
0,26,164,11182,1,1,3,3,2,255,0,0,55,1,4,4.16
1,23,175,11944,1,1,1,3,2,208,0,1,40,1,3,3.9
0,19,175,13347,1,1,3,3,2,286,0,1,39,1,4,4.36
0,18,170,5000,0,1,3,4,1,100,0,1,60,1,0,1.73
1,21,180,8500,0,1,2,1,2,300,0,3,0,1,5,2.62
0,25,162,10494,1,1,3,3,2,265,0,0,48,1,4,4.0
0,18,174,13316,1,1,3,3,2,286,0,1,43,1,4,4.4
0,18,174,13803,1,1,3,3,2,256,0,1,44,1,4,4.56
0,21,162,5300,0,1,2,3,3,200,0,1,60,1,1,2.02
1,22,175,7600,0,0,3,3,2,300,0,3,0,1,5,2.48
1,24,187,12165,1,1,2,2,2,290,0,0,0,1,3,3.48
0,26,164,11187,1,1,3,3,2,263,0,0,39,1,4,4.16
1,23,170,8132,1,1,2,2,2,200,0,2,89,1,6,2.81
1,25,175,11255,1,1,1,3,2,201,0,1,0,1,3,3.68
0,37,155,6287,1,1,2,3,2,100,0,0,0,1,5,2.62
1,19,167,6000,0,0,2,3,2,300,1,3,60,2,1,2.15
0,18,172,5000,0,1,1,3,2,187,0,0,60,1,0,1.69
1,21,160,6800,1,1,2,3,2,200,0,1,0,1,5,2.66
0,21,179,13785,1,1,3,3,2,253,0,1,56,1,4,4.3
0,23,171,5000,1,1,2,3,1,282,0,2,60,2,0,1.71
0,23,172,13348,1,1,3,3,2,284,0,1,39,1,4,4.51
0,26,172,11191,1,1,3,3,2,285,0,0,32,1,4,3.78
0,18,165,8727,1,1,2,3,2,285,0,1,60,2,2,3.21
1,29,174,11227,1,1,2,2,2,200,0,0,23,1,3,3.71
0,23,163,8300,1,1,2,1,2,200,0,3,120,2,2,3.12
1,25,176,11337,1,1,2,3,2,250,0,1,0,1,3,3.66
1,21,175,7500,1,1,3,3,2,200,0,2,60,1,1,2.45
0,21,174,13373,1,1,3,3,2,274,0,1,56,1,4,4.42
0,26,162,11160,1,1,3,3,2,256,0,0,26,1,4,4.25
0,21,164,5600,1,1,3,3,1,100,0,0,0,1,1,2.08
0,21,180,16063,1,1,3,3,2,240,0,0,37,1,4,4.96
0,26,162,11097,1,1,3,3,2,265,0,0,25,1,4,4.23
0,19,160,6000,1,1,3,3,2,200,0,2,60,2,1,2.34
0,21,169,7505,1,1,2,3,2,163,0,0,24,1,5,2.63
1,21,171,7100,1,1,3,3,3,200,0,1,0,1,1,2.43
1,23,171,8328,1,1,2,2,2,292,0,0,36,1,5,2.85
1,27,180,9350,1,1,2,1,2,100,0,1,60,1,6,2.89
0,21,155,4400,0,0,3,3,1,100,0,0,0,1,0,1.83
1,24,175,12033,1,1,2,3,2,216,0,1,93,1,3,3.93
1,19,181,5844,1,1,2,3,2,200,0,2,60,1,0,1.78
0,22,171,5000,0,1,1,3,1,200,0,2,60,2,0,1.71
0,25,163,11021,1,1,3,3,2,144,0,0,3,1,4,4.15
0,21,161,6500,1,0,2,3,2,200,0,2,0,2,1,2.51
1,23,172,8800,1,1,2,3,2,100,0,1,60,1,6,2.97
0,19,159,4481,0,0,3,3,1,100,0,1,0,2,0,1.77
1,34,184,9269,1,1,2,1,2,300,0,1,4,2,6,2.74
0,26,163,11077,1,1,3,3,2,263,0,0,22,1,4,4.17
1,21,171,7500,1,1,2,3,2,263,0,0,0,1,5,2.56
0,34,154,7700,1,1,2,3,2,100,0,0,0,2,6,3.25
0,18,174,13367,1,1,3,3,2,284,0,1,43,1,4,4.42
0,25,162,10477,1,1,3,3,2,103,0,0,41,1,4,3.99
1,18,180,6000,1,1,2,3,1,200,0,2,60,2,1,1.85
1,18,162,7000,0,1,2,1,2,200,0,1,0,2,5,2.67
1,18,169,5108,1,1,2,4,2,200,0,2,60,2,0,1.79
0,18,178,14029,1,1,3,3,2,256,0,1,47,1,4,4.43
0,23,170,5000,1,1,2,3,1,200,0,0,120,2,0,1.73
1,22,176,12000,1,1,2,2,2,196,0,1,6,1,3,3.87
1,25,164,10503,1,1,2,3,2,102,0,0,27,1,2,3.91
1,30,175,11840,1,1,2,3,2,200,0,0,86,1,3,3.87
1,22,172,9474,1,1,2,3,2,300,0,0,95,2,2,3.2
0,29,165,9000,1,1,3,3,2,100,0,0,60,1,2,3.31
1,20,171,7500,1,1,2,3,1,200,0,1,60,1,5,2.56
0,21,165,8000,1,1,2,3,2,200,0,3,60,2,6,2.94
1,23,170,6600,0,0,3,3,2,200,0,2,0,2,1,2.28
0,26,164,11185,1,1,3,3,2,273,0,0,14,1,4,4.16
1,21,171,7500,1,1,2,3,2,108,0,1,0,1,5,2.56
1,25,176,11853,1,1,1,3,2,208,0,1,0,1,3,3.83
0,23,162,11446,1,1,3,3,2,256,0,0,57,1,4,4.36
1,21,167,8000,1,1,2,3,2,100,0,1,60,2,6,2.87
1,18,175,7000,1,0,2,3,2,200,0,1,0,1,1,2.29
1,23,180,9600,1,1,2,3,2,300,0,3,60,2,2,2.96
1,29,175,11272,1,1,1,3,2,200,0,0,0,1,3,3.68
0,19,158,4500,1,0,2,3,1,200,0,0,120,1,0,1.8
0,16,154,6529,1,1,2,3,2,181,0,1,63,1,6,2.75
1,25,177,7200,1,1,2,3,3,200,0,2,60,1,1,2.3
1,21,181,8913,1,1,2,2,2,179,0,0,60,1,5,2.72
0,19,169,7500,1,1,2,3,1,100,0,0,120,1,5,2.63
0,20,168,7200,1,0,2,3,2,300,0,0,0,0,5,2.55
1,21,175,9300,1,0,2,3,2,300,0,3,0,1,2,3.04
0,22,164,8200,1,1,2,2,2,100,0,0,107,2,2,3.05
1,21,163,7000,0,1,2,1,3,100,0,1,0,2,5,2.63
0,25,163,6200,1,0,3,1,1,200,0,0,0,1,1,2.33
1,23,177,12124,1,1,2,2,2,186,0,1,0,1,3,3.87
0,21,169,13364,1,1,3,3,2,133,0,1,55,1,4,4.68
0,23,160,8400,1,1,2,3,1,200,0,1,0,2,2,3.28
0,21,155,6300,1,1,2,1,2,200,0,1,0,1,5,2.62
1,29,190,12946,1,1,2,3,2,129,0,1,5,1,3,3.59
0,17,170,4900,1,0,3,4,1,200,1,2,60,1,0,1.7
1,24,160,9996,1,1,3,1,2,100,0,1,0,2,3,3.9
0,26,167,11016,1,1,3,3,2,244,0,0,26,1,4,3.95
0,25,162,10209,1,1,3,3,2,103,0,0,30,1,4,3.89
1,23,178,10500,1,1,2,3,2,300,0,3,120,1,2,3.31
0,23,155,4900,1,1,2,3,0,100,0,2,120,2,1,2.04
1,34,173,7592,1,1,2,3,2,129,0,0,28,1,5,2.54
1,34,175,8400,1,1,3,3,2,200,0,1,0,2,6,2.74
0,26,160,11153,1,1,3,3,2,270,0,0,7,1,4,4.36
1,22,182,12123,1,1,3,2,2,229,0,1,0,1,3,3.66
0,23,169,9409,1,1,2,3,2,200,0,0,42,2,2,3.29
1,22,175,9556,1,1,2,3,2,200,0,2,95,2,2,3.12
0,19,178,14116,1,1,3,3,2,231,0,1,0,1,4,4.46
1,39,170,9673,1,1,2,3,2,271,0,0,119,0,2,3.35
1,18,172,7000,0,1,2,3,2,200,0,0,60,1,1,2.37
0,19,152,4200,0,1,3,3,1,178,1,1,33,1,0,1.82
0,18,173,8236,1,1,2,2,2,100,0,0,80,2,2,2.75
0,19,157,5500,0,1,2,3,2,100,0,3,0,1,5,2.23
1,25,175,7300,1,0,2,3,2,200,0,1,0,1,1,2.38
1,19,177,7800,1,1,3,3,2,200,0,1,60,1,1,2.49
0,25,162,11077,1,1,3,3,2,240,0,0,25,1,4,4.22
1,21,175,8000,1,1,1,2,2,200,0,1,0,1,5,2.61
1,24,160,10062,1,1,2,1,2,100,0,0,104,2,3,3.93
0,21,166,8802,1,1,2,1,2,271,0,1,58,2,2,3.19
1,30,176,11200,1,1,2,3,2,200,0,0,60,1,3,3.62
1,19,175,8000,1,1,1,1,2,200,0,2,0,0,5,2.61
0,18,163,7200,0,1,3,3,2,100,0,2,60,0,6,2.71
0,25,160,10479,1,1,3,3,2,169,0,0,46,1,4,4.09
1,25,182,11833,1,1,2,2,2,215,0,1,3,1,3,3.57
0,38,156,5100,1,1,2,3,2,100,0,0,0,1,1,2.1
1,18,169,8700,1,1,3,3,2,200,0,1,60,0,6,3.05
1,31,184,10227,1,1,2,2,2,100,0,0,0,2,3,3.02
0,26,162,11194,1,1,3,3,2,273,0,0,9,1,4,4.27
1,30,175,11000,1,1,3,3,2,100,0,1,0,1,3,3.59
0,19,180,6800,1,1,2,3,0,100,1,2,0,2,1,2.1
0,18,174,13785,1,1,3,3,2,240,0,1,50,1,4,4.55
1,20,179,10549,1,1,2,2,2,105,0,0,0,1,2,3.29
1,30,176,11853,1,1,1,3,2,204,0,1,42,1,3,3.83
0,20,155,6200,0,1,2,3,2,100,0,0,0,1,5,2.58
0,23,174,13347,1,1,3,3,2,277,0,1,46,1,4,4.41
1,25,173,8999,1,1,1,3,2,211,0,1,18,1,2,3.01
1,33,184,8698,0,1,2,1,2,200,0,1,0,1,5,2.57
1,31,190,12915,1,1,2,3,2,159,0,0,0,1,3,3.58
0,26,161,10998,1,1,3,3,2,270,0,0,28,1,4,4.24
0,19,160,4500,0,1,3,3,1,200,1,1,0,1,0,1.76
1,26,176,11779,1,1,2,3,2,200,0,1,50,1,3,3.8
0,21,173,13325,1,1,3,3,2,284,0,1,43,1,4,4.45
0,18,155,4082,0,1,1,1,2,132,0,0,13,1,0,1.7
1,21,170,7500,1,1,2,1,1,300,0,1,60,1,5,2.6
0,16,163,4500,0,1,3,3,2,100,1,1,0,1,0,1.69
0,28,156,7805,1,1,2,3,2,200,0,0,0,2,2,3.21
1,20,167,6000,0,0,3,3,2,100,1,1,0,1,1,2.15
0,22,160,8200,1,1,1,1,2,200,0,1,0,1,2,3.2
0,19,172,7943,1,1,2,3,2,297,0,0,42,1,5,2.68
0,26,163,11115,1,1,3,3,2,263,0,0,13,1,4,4.18
0,23,160,8200,1,1,2,1,2,200,0,0,120,2,2,3.2
0,21,176,13380,1,1,3,3,2,230,0,1,56,1,4,4.32
1,21,169,9331,1,1,1,2,2,116,0,0,84,2,6,3.27
0,21,156,4900,0,1,2,3,2,100,0,0,0,1,1,2.01
1,42,184,9250,1,1,2,2,2,100,0,0,0,0,6,2.73
0,25,168,10632,1,1,3,3,2,100,0,0,24,1,4,3.77
0,19,164,4983,0,1,3,3,2,195,0,0,60,1,0,1.85
1,18,177,8700,1,1,2,1,2,200,0,1,60,1,5,2.78
0,19,155,4224,0,1,3,1,1,100,0,0,0,2,0,1.76
0,22,162,8200,1,1,1,1,2,200,0,0,18,1,2,3.12
0,26,162,10649,1,1,3,3,2,255,0,0,26,1,4,4.06
1,21,170,7000,0,1,2,3,2,200,0,2,60,2,1,2.42
1,24,175,11813,1,1,1,3,2,210,0,1,86,1,3,3.86
1,25,185,12033,1,1,2,2,2,217,0,1,0,1,3,3.52
1,39,179,10148,1,1,2,1,2,269,0,2,0,0,2,3.17
1,22,170,9595,1,1,2,3,2,200,0,0,88,2,2,3.32
0,16,161,6718,1,1,1,3,2,200,0,0,93,2,5,2.59
1,19,170,7500,0,1,2,3,2,200,0,2,60,1,5,2.6
0,19,153,4200,0,1,2,1,1,151,0,0,54,1,0,1.79
0,23,164,5800,0,1,3,3,2,100,0,0,0,1,1,2.16
0,23,163,8300,1,1,2,3,2,200,0,3,120,2,2,3.12
0,26,163,10519,1,1,3,3,2,256,0,0,9,1,4,3.96
0,21,159,5700,1,1,2,3,2,200,0,2,0,1,1,2.25
1,26,175,11227,1,1,1,3,2,201,0,0,20,1,3,3.67
1,33,165,8500,1,1,2,3,2,200,0,0,60,2,6,3.12
0,23,166,5600,1,1,3,3,1,200,0,3,120,2,0,2.03
0,26,164,11182,1,1,3,3,2,274,0,0,56,1,4,4.16
1,23,178,6400,1,1,3,3,2,200,0,1,60,2,1,2.02
0,19,162,4500,1,1,3,3,2,200,1,1,60,1,0,1.71
0,21,174,13387,1,1,3,3,2,286,0,1,55,1,4,4.42
0,21,150,4200,0,1,3,1,2,100,0,0,0,1,1,1.87
1,27,183,12152,1,1,2,3,2,200,0,1,0,1,3,3.63
0,18,171,5000,0,1,2,3,1,100,0,1,60,1,0,1.71
1,22,170,8925,1,1,2,1,2,200,0,0,60,1,2,3.09
0,23,152,7515,1,1,2,3,2,226,0,0,120,1,2,3.25
1,22,185,12131,1,1,2,2,2,142,0,0,0,1,3,3.54
1,29,185,8999,1,1,2,3,2,300,0,2,101,1,2,2.63
0,24,150,6700,1,1,2,1,2,100,0,0,0,1,6,2.98
0,25,161,10493,1,1,3,3,2,120,0,0,46,1,4,4.05
0,21,157,6287,0,0,2,1,2,200,1,1,0,1,5,2.55
1,23,187,12188,1,1,2,2,2,159,0,0,0,1,3,3.49
0,34,174,7700,0,0,3,3,1,200,0,1,0,2,6,2.54
0,25,162,10543,1,1,3,3,2,103,0,0,33,1,4,4.02
0,37,156,8000,1,1,2,3,2,200,0,0,0,1,2,3.29
0,18,171,14116,1,1,3,3,2,235,0,1,52,1,4,4.83
1,17,185,5885,1,1,2,4,2,200,0,2,86,2,0,1.72
1,33,171,8356,1,1,2,2,2,237,0,1,1,2,6,2.86
0,26,162,11193,1,1,3,3,2,267,0,0,7,1,4,4.26
0,38,149,8000,1,1,2,3,2,194,0,0,27,2,6,3.6
1,17,183,5894,1,1,2,4,2,200,0,2,7,2,0,1.76
1,22,176,8939,1,1,1,2,2,200,0,0,23,1,6,2.89
0,26,163,11193,1,1,3,3,2,262,0,0,8,1,4,4.21
0,19,160,4500,0,1,3,3,1,287,1,2,0,1,0,1.76
1,33,181,9759,1,1,2,2,2,262,0,2,0,2,2,2.98
1,29,181,7100,1,1,2,3,2,200,0,1,0,1,1,2.17
0,38,157,5000,1,0,3,3,2,100,0,1,0,1,1,2.03
0,21,155,6301,0,1,2,1,2,140,0,1,0,1,5,2.62
0,19,173,4964,0,1,3,3,2,258,0,2,60,1,0,1.66
0,18,173,13366,1,1,3,3,2,289,0,1,39,1,4,4.47
1,22,177,12120,1,1,2,2,2,148,0,1,0,1,3,3.87
0,30,168,7192,1,1,2,3,2,173,0,0,0,1,5,2.55
0,26,162,10493,1,1,3,3,2,218,0,0,31,1,4,4.0
1,34,183,9286,1,1,2,2,2,184,0,0,0,1,6,2.77
0,25,159,10208,1,1,3,3,2,101,0,0,28,1,4,4.04
0,20,156,4500,0,1,3,3,1,100,0,0,0,1,0,1.85
0,18,155,7943,1,0,2,3,2,200,0,0,60,2,6,3.31
1,32,170,10278,1,1,2,1,2,100,0,1,0,1,3,3.56
0,26,163,11193,1,1,3,3,2,262,0,0,15,1,4,4.21
1,19,184,6126,1,1,3,3,2,200,0,1,44,1,0,1.81
1,25,175,11732,1,1,1,3,2,200,0,1,37,1,3,3.83
0,21,172,13133,1,1,3,3,2,191,0,1,55,1,4,4.44
1,37,175,11811,1,1,2,3,2,293,0,0,4,1,3,3.86
1,32,183,8734,1,1,3,3,2,100,0,0,102,2,5,2.61
1,22,184,12281,1,1,3,2,2,160,0,0,0,1,4,3.63
1,30,160,10020,1,1,2,1,2,100,0,0,102,2,3,3.91
1,23,175,9791,1,1,2,2,2,227,0,0,102,1,2,3.2
1,18,182,10839,1,1,2,3,2,248,0,1,0,2,2,3.27
0,23,165,8400,1,1,2,1,2,300,0,1,120,1,2,3.09
1,25,176,11323,1,1,2,3,2,215,0,1,0,1,3,3.66
1,37,176,11837,1,1,2,3,2,187,0,0,0,1,3,3.82
0,23,175,13334,1,1,3,3,2,241,0,1,46,1,4,4.35
1,26,175,11562,1,1,2,3,2,216,0,1,0,1,3,3.78
1,30,169,10008,1,1,2,2,2,100,0,1,0,2,3,3.5
1,31,163,9126,1,1,2,3,2,100,0,0,19,1,2,3.43
0,17,165,5100,1,1,2,3,2,200,0,3,60,2,0,1.87
1,31,175,12500,1,1,2,3,0,100,1,1,0,1,3,4.08
0,26,162,11194,1,1,3,3,2,278,0,0,7,1,4,4.27
0,29,175,7300,1,1,3,3,2,200,0,0,0,1,1,2.38
0,18,167,7934,1,1,2,3,2,200,0,0,107,2,6,2.84
1,18,181,10259,1,1,2,2,2,138,0,0,77,2,2,3.13
0,22,163,5300,0,1,1,1,1,200,0,2,120,1,1,1.99
0,20,173,13104,1,1,3,3,2,141,0,1,55,1,4,4.38
0,18,156,5000,1,1,2,3,1,100,0,0,60,2,1,2.05
1,23,170,8000,1,1,2,3,2,100,0,2,60,1,6,2.77
1,30,175,12009,1,1,2,3,2,280,0,0,0,1,3,3.92
0,41,168,8072,1,1,2,3,2,170,0,0,42,2,6,2.86
0,18,178,13820,1,1,3,3,2,261,0,1,44,1,4,4.36
1,23,173,8200,1,1,1,2,2,200,0,2,0,1,6,2.74
0,26,164,11181,1,1,3,3,2,278,0,0,4,1,4,4.16
0,20,161,7619,1,1,2,3,2,100,0,0,114,1,2,2.94
0,25,162,6886,1,1,1,1,2,220,0,0,78,1,5,2.62
1,21,166,8000,1,1,2,3,2,200,0,0,88,2,6,2.9
1,22,182,8200,1,1,2,3,0,200,0,0,60,1,5,2.48
1,23,175,11944,1,1,2,2,2,200,0,0,0,1,3,3.9
0,19,160,4500,0,1,3,3,2,100,0,0,0,2,1,1.76
0,21,174,13316,1,1,3,3,2,100,0,1,51,1,4,4.4
1,23,181,11729,1,1,2,2,2,200,0,1,37,1,3,3.58
0,21,163,4200,0,0,3,1,1,100,0,1,0,1,0,1.58
1,24,187,12156,1,1,2,3,2,268,0,0,0,1,3,3.48
1,22,183,12165,1,1,2,2,2,196,0,1,0,1,3,3.63
0,18,168,12608,1,1,3,3,2,249,0,1,26,1,4,4.47
1,24,172,8400,1,0,3,4,1,200,0,0,120,1,6,2.84
0,20,165,8800,1,1,3,3,2,300,0,1,60,2,2,3.23
1,17,180,5800,0,1,2,3,1,200,0,2,60,2,0,1.79
0,17,174,5000,0,1,3,4,1,200,0,1,60,1,0,1.65
1,17,165,5900,1,1,2,3,1,100,0,1,60,1,1,2.17
1,21,160,9409,1,1,2,2,2,200,0,0,60,2,2,3.68
1,18,167,6000,1,1,2,3,0,200,0,2,60,1,1,2.15
0,23,160,4500,1,0,3,3,2,200,1,1,56,2,0,1.76
0,20,155,5000,1,0,3,3,2,100,0,0,60,2,1,2.08
0,26,160,10503,1,1,3,3,2,270,0,0,8,1,4,4.1
1,24,170,9003,1,1,2,2,2,181,0,0,50,1,6,3.12
0,23,176,5483,1,1,3,3,1,201,1,2,25,2,0,1.77
0,21,174,13390,1,1,3,3,2,143,0,1,49,1,4,4.42
0,20,178,13785,1,1,3,3,2,289,0,1,55,1,4,4.35
0,20,165,7700,1,1,3,1,2,200,0,1,0,2,6,2.83
0,26,164,11194,1,1,3,3,2,263,0,0,10,1,4,4.16
1,33,184,8400,1,1,3,3,2,300,0,2,0,2,6,2.48
1,28,178,11323,1,1,1,3,2,203,0,1,0,1,3,3.57
0,25,157,4900,0,1,2,3,2,100,0,2,0,1,1,1.99
0,18,171,5000,1,1,3,4,1,200,0,2,60,1,0,1.71
1,29,178,10959,1,1,2,2,2,209,0,1,0,1,2,3.46
1,18,170,8608,1,1,2,3,2,245,0,1,56,1,6,2.98
1,23,177,9792,1,1,2,2,2,278,0,2,97,2,2,3.13
0,26,158,5300,1,1,2,3,1,200,0,0,120,1,5,2.12
0,38,169,7863,1,1,3,3,2,250,0,0,0,2,6,2.75
1,21,180,7200,1,1,3,3,1,200,0,2,60,1,1,2.22
0,19,159,4200,0,1,2,3,1,100,0,0,120,2,0,1.66
1,21,162,7000,0,1,2,1,3,200,0,1,0,0,5,2.67
1,30,197,12077,1,1,2,3,2,222,0,1,86,1,3,3.11
0,35,150,8000,1,1,2,3,2,200,0,0,0,1,2,3.56
0,21,162,6400,0,1,3,1,2,300,0,1,0,1,1,2.44
0,26,165,11192,1,1,3,3,2,277,0,0,5,1,4,4.11
0,40,158,6200,1,1,2,3,2,100,0,0,0,1,5,2.48
0,26,162,11160,1,1,3,3,2,265,0,0,13,1,4,4.25
1,33,180,7300,1,1,2,3,1,200,0,2,0,1,5,2.25
0,25,162,11010,1,1,3,3,2,181,0,0,54,1,4,4.2
0,24,168,6200,0,1,3,3,2,100,0,0,0,2,1,2.2
1,21,182,7200,1,1,2,3,0,200,0,2,0,1,1,2.17
0,26,164,11191,1,1,3,3,2,247,0,0,28,1,4,4.16
0,21,172,13257,1,1,3,3,2,167,0,1,43,1,4,4.48
1,21,170,7500,0,1,2,3,2,100,0,1,0,2,5,2.6
1,33,181,8577,1,1,2,2,2,150,0,0,0,1,5,2.62
1,36,178,8867,1,1,2,1,2,279,0,0,7,2,6,2.8
0,38,156,7800,1,0,2,1,2,200,0,0,0,2,2,3.21
0,26,164,11181,1,1,3,3,2,255,0,0,16,1,4,4.16
0,38,156,6233,0,1,2,1,2,240,1,0,11,1,5,2.56
1,17,176,9532,1,1,2,3,2,200,0,2,113,1,6,3.08
1,21,175,7200,1,1,3,3,0,200,0,3,0,1,1,2.35
1,21,170,7000,0,1,2,3,1,200,0,2,0,0,1,2.42
1,31,191,13098,1,1,2,3,2,200,0,1,55,1,3,3.59
0,21,161,6400,1,1,3,3,2,100,0,0,60,1,1,2.47
1,19,167,5000,0,1,3,4,2,200,0,1,0,1,0,1.79
1,22,185,12128,1,1,2,2,2,127,0,1,0,1,3,3.54
1,21,185,6600,1,1,3,3,2,300,0,2,120,1,1,1.93
1,30,175,11227,1,1,1,3,2,200,0,0,40,1,3,3.67
0,21,165,8000,1,1,2,1,2,200,0,2,60,2,6,2.94
1,32,170,10200,1,1,2,1,2,100,0,1,0,2,3,3.53
0,21,174,13366,1,1,3,3,2,225,0,1,43,1,4,4.41
0,18,165,8767,1,1,2,3,2,100,0,0,0,2,2,3.22
1,26,166,11181,1,1,2,3,2,264,0,0,8,1,3,4.06
1,18,184,5530,1,1,2,4,2,200,0,2,0,1,0,1.63
1,22,176,5362,1,1,1,3,2,200,0,2,73,0,0,1.73
0,20,152,6500,1,0,2,3,2,113,0,1,60,2,6,2.81
1,22,162,9479,1,1,2,2,2,200,0,1,60,2,2,3.61
0,23,155,4500,0,0,3,3,1,200,0,0,0,2,0,1.87
1,25,176,11843,1,1,2,3,2,207,0,1,5,1,3,3.82
1,21,176,7800,1,1,2,1,2,200,1,3,120,1,5,2.52
0,26,164,11191,1,1,3,3,2,271,0,0,9,1,4,4.16
1,19,170,6300,1,1,2,3,2,200,0,1,0,1,1,2.18
0,19,160,4900,0,1,2,3,2,200,0,1,60,1,0,1.91
0,19,175,5500,0,1,3,3,2,100,0,0,60,1,1,1.8
0,26,164,11194,1,1,3,3,2,277,0,0,8,1,4,4.16
1,18,170,5500,1,1,3,4,2,200,0,2,0,2,0,1.9
1,18,178,5086,0,1,2,3,2,200,0,0,60,1,0,1.61
1,31,182,12080,1,1,2,3,2,206,0,0,28,1,3,3.65
1,19,170,5600,0,1,3,3,2,300,0,3,0,1,1,1.94
0,21,174,13294,1,1,3,3,2,182,0,1,34,1,4,4.39
0,37,154,6232,1,1,2,3,2,200,0,0,0,1,0,2.63
0,18,160,6800,1,1,2,1,2,200,0,1,0,2,6,2.66
0,26,162,11194,1,1,3,3,2,277,0,1,37,1,4,4.27
1,23,185,6600,0,1,2,3,0,100,0,0,60,1,1,1.93
0,26,162,11054,1,1,3,3,2,260,0,0,11,1,4,4.21
1,23,175,9532,1,1,2,3,2,300,0,3,120,2,2,3.11
1,18,180,6800,0,1,3,3,2,200,0,2,60,1,1,2.1
0,26,160,10540,1,1,3,3,2,102,0,0,32,1,4,4.12
1,18,169,5000,0,1,2,4,2,100,0,1,60,1,0,1.75
1,24,178,12015,1,1,2,2,2,263,0,1,24,1,3,3.79
0,25,167,10558,1,1,3,3,2,256,0,0,26,1,4,3.79
1,39,176,9854,1,1,2,3,2,200,0,1,0,2,6,3.18
0,30,165,7100,1,1,2,3,2,100,0,0,0,2,5,2.61
0,26,165,7100,1,1,3,1,2,100,0,0,0,1,5,2.61
1,29,170,9418,1,1,3,3,2,200,0,1,0,1,2,3.26
0,19,152,6100,0,1,3,3,2,100,0,1,0,2,1,2.64
0,26,164,11172,1,1,3,3,2,286,0,0,26,1,4,4.15
1,30,184,12811,1,1,2,3,2,144,0,1,10,1,3,3.78
0,17,160,5700,0,1,3,4,1,200,0,2,60,2,1,2.23
0,22,155,4200,0,1,3,1,1,200,0,0,0,1,0,1.75
0,22,165,8200,1,1,2,3,2,100,0,0,60,1,2,3.01
1,19,181,6126,0,1,3,3,2,226,0,1,16,1,0,1.87
1,18,170,10700,1,0,2,3,2,200,0,1,120,2,2,3.7
0,20,173,7855,1,1,2,1,2,200,0,1,0,2,5,2.62
1,27,175,11228,1,1,1,3,2,204,0,0,58,1,3,3.67
0,26,163,11192,1,1,3,3,2,263,0,0,4,1,4,4.21
0,38,155,7720,1,1,2,3,2,199,0,0,0,1,2,3.21
1,21,165,8800,1,1,2,1,2,300,0,1,0,2,2,3.23
0,26,163,11163,1,1,3,3,2,260,0,0,12,1,4,4.2
1,26,178,8500,1,1,2,3,2,265,0,1,0,1,5,2.68
1,25,186,11854,1,1,2,3,2,253,0,1,64,1,3,3.43
1,23,168,6800,0,0,2,3,2,200,0,1,60,1,1,2.41
1,25,177,11538,1,1,1,3,2,102,0,1,0,1,3,3.68
1,21,175,7500,1,1,2,3,2,300,0,2,0,1,5,2.45
0,19,170,5000,1,1,2,3,1,300,0,1,120,1,0,1.73
1,22,170,7500,1,1,1,1,2,200,1,0,37,2,5,2.6
1,18,180,7000,1,1,2,3,2,200,1,2,60,1,1,2.16
1,25,175,12098,1,1,2,3,2,283,0,1,22,1,3,3.95
0,21,156,4900,0,1,2,3,1,100,0,0,0,2,1,2.01
0,38,160,8000,1,1,2,3,2,127,0,0,5,2,2,3.12
0,19,154,4200,0,1,3,3,1,100,0,1,53,1,0,1.77
0,16,162,4500,1,1,3,3,2,100,0,1,60,1,0,1.71
0,23,174,13316,1,1,3,3,2,286,0,1,51,1,4,4.4
1,18,172,5365,1,1,2,3,2,242,0,1,52,2,0,1.81
1,21,170,7000,0,1,2,3,2,200,0,1,60,2,1,2.42
0,18,153,6791,1,0,2,2,2,194,0,0,72,1,5,2.9
0,22,163,8234,1,1,2,1,2,199,0,0,24,1,2,3.1
1,21,165,6000,0,1,2,3,0,200,0,1,0,1,1,2.2
0,21,173,13252,1,1,3,3,2,193,0,1,43,1,4,4.43
1,19,155,6287,1,1,2,3,2,100,0,0,7,1,0,2.62
1,17,190,5900,1,1,3,3,1,100,0,2,60,1,1,1.63
0,18,174,13390,1,1,3,3,2,245,0,1,55,1,4,4.42
0,37,161,6233,1,1,2,3,2,265,0,0,54,1,5,2.4
0,33,162,7796,1,1,2,2,2,163,0,0,0,2,6,2.97
1,29,166,9000,1,1,2,3,2,281,0,0,47,1,2,3.27
0,21,174,13346,1,1,3,3,2,177,0,1,43,1,4,4.41
0,19,151,4200,0,1,3,1,1,100,0,0,0,1,0,1.84
0,20,174,12985,1,1,3,3,2,148,0,1,57,1,4,4.29
1,21,162,7000,0,1,2,3,2,100,0,1,0,1,1,2.67
0,20,177,13380,1,1,3,3,2,286,0,1,50,1,4,4.27
0,26,165,11193,1,1,3,3,2,277,0,0,10,1,4,4.11
1,24,170,8315,1,1,2,3,2,226,0,0,0,2,6,2.88
1,19,171,8560,1,1,2,3,2,271,0,0,25,1,5,2.93
1,20,175,7500,1,1,2,3,2,100,0,0,60,1,1,2.45
0,19,174,13390,1,1,3,3,2,286,0,1,49,1,4,4.42
0,22,171,8000,1,1,2,3,2,200,0,0,0,2,6,2.74
1,23,175,12000,1,1,2,3,2,217,0,1,41,1,3,3.92
1,21,184,12281,1,1,2,2,2,134,0,0,60,1,3,3.63
1,18,180,10804,1,1,2,2,2,299,0,2,32,2,2,3.33
0,23,160,8000,1,1,2,1,2,200,0,0,0,2,2,3.12
0,16,158,4437,0,1,2,3,1,212,1,0,0,2,0,1.78
1,35,170,8300,0,1,3,3,2,296,0,1,0,1,5,2.87
1,25,176,11323,1,1,1,3,2,200,0,1,0,1,3,3.66
1,21,154,7000,0,1,2,1,3,300,0,1,0,1,5,2.95
1,25,170,8000,1,1,2,3,2,200,0,1,0,2,2,2.77
0,26,162,11194,1,1,3,3,2,273,0,0,2,1,4,4.27
0,19,159,4200,1,1,3,1,2,200,0,1,0,2,1,1.66
0,17,169,6793,0,1,2,4,2,154,0,0,118,2,5,2.38
0,25,156,5300,0,1,3,3,2,200,0,2,0,2,1,2.18
0,26,164,11187,1,1,3,3,2,261,0,0,8,1,4,4.16
0,23,151,6536,1,1,2,2,2,200,0,0,47,2,6,2.87
1,22,179,8983,1,1,2,1,2,211,0,2,0,1,2,2.8
0,26,164,11193,1,1,3,3,2,261,0,0,10,1,4,4.16
0,23,161,5300,1,1,3,1,2,200,0,0,120,1,1,2.04
0,21,152,4200,0,1,3,1,1,100,0,0,0,2,0,1.82
0,26,161,10482,1,1,3,3,2,165,0,0,33,1,4,4.04
0,19,174,13152,1,1,3,3,2,184,0,1,56,1,4,4.34
0,18,162,10880,1,1,2,2,2,279,0,1,39,1,2,4.15
0,21,168,8000,1,1,2,3,2,181,0,1,64,1,6,2.83
0,19,156,4200,0,1,3,1,1,169,1,0,0,1,0,1.73
0,18,157,6000,0,1,2,3,2,100,0,0,60,1,1,2.43
0,18,174,13366,1,1,3,3,2,283,0,1,56,1,4,4.41
1,26,182,11837,1,1,2,3,2,250,0,0,0,1,3,3.57
0,18,174,13347,1,1,3,3,2,284,0,1,37,1,4,4.41
1,21,169,9479,1,1,2,2,2,200,0,0,60,2,2,3.32
0,18,169,9000,1,1,2,2,2,100,0,0,60,1,2,3.15
1,17,170,8500,1,0,3,3,2,200,0,2,60,1,6,2.94
1,30,176,11200,1,1,1,3,2,200,0,0,120,2,3,3.62
1,27,177,11908,1,1,2,3,2,271,0,0,0,1,3,3.8
0,25,171,10492,1,1,3,3,2,103,0,0,55,1,4,3.59
1,22,170,9500,1,1,2,3,2,200,0,3,120,2,2,3.29
1,23,175,9500,1,1,2,3,2,200,0,0,120,2,2,3.1
0,20,174,12679,1,1,3,3,2,196,0,1,54,1,4,4.19
0,21,175,7796,1,1,2,2,2,209,0,0,58,1,5,2.55
1,38,175,11827,1,1,2,3,2,207,0,0,0,1,3,3.86
1,27,175,11908,1,1,2,3,2,201,0,1,51,1,3,3.89
0,25,165,10498,1,1,3,3,2,289,0,0,49,1,4,3.86
0,19,160,6100,0,1,3,3,2,100,0,1,60,1,5,2.38
0,19,171,4966,0,1,2,3,1,100,0,1,60,2,0,1.7
1,18,178,5000,0,1,2,4,1,100,0,2,60,1,0,1.58
0,16,155,4337,1,1,2,2,1,100,1,1,0,1,0,1.81
0,32,167,7300,1,0,3,3,2,300,0,1,0,1,5,2.62
0,21,150,6400,1,0,2,3,2,100,0,0,0,2,6,2.84
0,21,163,5600,1,1,3,3,2,300,0,0,60,1,1,2.11
0,31,158,7735,1,1,2,2,2,105,0,0,0,1,2,3.1
1,21,180,10503,1,1,2,3,2,245,0,0,59,1,2,3.24
0,25,162,10999,1,1,3,3,2,101,0,0,28,1,4,4.19
1,24,177,11666,1,1,1,3,2,200,0,1,0,1,3,3.72
1,21,178,10502,1,1,2,3,2,201,0,0,27,1,2,3.31
0,21,173,13390,1,1,3,3,2,284,0,1,49,1,4,4.47
1,19,180,6000,1,1,2,4,2,200,0,2,60,2,0,1.85
1,18,180,8500,1,1,3,3,2,200,0,2,60,1,6,2.62
1,23,176,5500,1,1,2,3,1,200,0,2,120,1,0,1.78
1,31,175,11810,1,1,2,3,2,214,0,0,56,1,3,3.86
1,22,171,5149,1,1,2,3,1,200,0,0,100,2,0,1.76
0,17,154,5300,0,1,3,1,3,100,0,1,60,1,5,2.23
1,21,171,7500,1,1,3,3,2,100,0,1,0,1,5,2.56
1,18,174,5200,0,1,3,3,1,200,0,1,60,1,0,1.72
1,19,153,6484,0,1,2,3,2,140,0,0,81,1,6,2.77
1,18,184,5993,1,1,2,4,2,200,0,2,0,2,0,1.77
0,18,170,5000,0,1,1,4,1,100,0,2,60,1,0,1.73
1,23,180,10504,1,1,2,3,2,200,0,0,17,1,2,3.24
1,21,162,6900,1,1,2,3,1,200,0,1,0,1,1,2.63
0,19,170,7800,0,1,2,3,2,200,0,1,60,1,6,2.7
0,45,170,7900,0,1,3,3,1,100,0,1,60,1,6,2.73
0,20,179,15243,1,1,3,3,2,235,0,1,45,1,4,4.76
0,26,164,11193,1,1,3,3,2,277,0,0,12,1,4,4.16
0,22,172,5200,1,1,3,3,1,100,0,2,60,2,0,1.76
0,26,164,11194,1,1,3,3,2,295,0,0,7,1,4,4.16
1,19,180,8700,1,1,3,4,1,200,1,3,120,1,5,2.69
0,26,165,11193,1,1,3,3,2,261,0,0,7,1,4,4.11
1,33,170,8300,1,1,2,2,2,200,0,1,60,1,6,2.87
0,20,179,13783,1,1,3,3,2,238,0,1,52,1,4,4.3
1,20,170,6500,1,1,2,3,1,200,0,0,60,1,1,2.25
0,37,156,8000,1,1,2,3,2,100,0,1,0,1,2,3.29
0,22,170,5000,0,0,1,3,1,200,0,0,120,1,0,1.73
0,18,175,7600,1,1,3,3,2,100,1,1,0,1,5,2.48
0,26,162,11194,1,1,3,3,2,273,0,0,27,1,4,4.27
1,22,182,12124,1,1,2,2,2,195,0,0,0,1,3,3.66
1,24,175,11225,1,1,1,3,2,200,0,1,0,1,3,3.67
0,26,164,11160,1,1,3,3,2,270,0,0,6,1,4,4.15
1,20,178,10400,1,1,2,3,2,300,0,3,0,2,2,3.28
0,21,175,13390,1,1,3,3,2,224,0,1,50,1,4,4.37
1,33,183,9700,1,1,2,1,2,200,0,3,120,1,6,2.9
0,26,164,11188,1,1,3,3,2,262,0,0,5,1,4,4.16
0,21,160,6000,1,1,3,3,1,200,0,0,0,1,1,2.34
0,21,170,5000,0,1,3,3,1,100,0,3,0,1,0,1.73
1,23,176,12042,1,1,2,3,2,271,0,1,38,1,3,3.89
1,18,175,7200,0,1,2,4,0,200,0,3,60,1,1,2.35
1,37,176,11853,1,1,2,3,2,174,0,0,0,1,3,3.83
1,29,182,11240,1,1,2,3,2,204,0,0,44,1,3,3.39
1,23,167,9000,1,1,2,3,2,300,0,1,0,1,6,3.23
1,22,170,8285,1,1,2,1,2,247,0,0,36,1,6,2.87
1,23,176,12142,1,1,2,1,2,100,0,0,0,1,3,3.92
1,23,184,12124,1,1,2,2,2,262,0,0,0,1,3,3.58
1,25,184,10571,1,1,3,3,2,148,0,1,32,1,3,3.12
1,20,184,12281,1,1,2,1,2,124,0,0,0,1,3,3.63
0,23,166,11447,1,1,3,3,2,231,0,0,24,1,4,4.15
1,23,184,12124,1,1,2,2,2,262,0,1,0,1,3,3.58
1,21,170,7000,1,1,2,3,1,300,0,1,0,1,1,2.42
0,18,181,14210,1,1,3,3,2,286,0,1,36,1,4,4.34
1,21,172,7000,0,0,2,1,1,300,0,1,0,1,5,2.37
0,24,155,4900,0,0,2,3,2,200,0,2,0,1,1,2.04
0,18,170,5000,1,1,2,3,1,100,0,0,95,0,0,1.73
1,18,190,5900,0,1,3,3,1,200,0,1,60,1,1,1.63
1,31,186,12372,1,1,2,3,2,208,0,1,21,1,3,3.58
1,18,175,5112,1,1,2,3,2,200,0,0,89,1,0,1.67
1,21,173,7899,1,1,2,1,2,200,0,0,0,2,6,2.64
1,28,177,11371,1,1,2,3,2,208,0,0,77,1,3,3.63
1,23,170,7500,1,1,2,2,2,196,0,0,60,1,2,2.6
1,38,175,11779,1,1,2,3,2,200,0,0,81,1,3,3.85
1,16,185,6000,1,1,3,3,2,100,0,0,60,1,0,1.75
1,29,179,7200,1,0,3,3,2,200,0,0,120,1,5,2.25
0,22,161,8269,1,1,2,2,2,200,0,0,96,2,2,3.19
1,29,180,6000,1,1,3,4,2,100,0,1,0,1,1,1.85
0,21,174,13328,1,1,3,3,2,286,0,1,41,1,4,4.4
1,22,185,12131,1,1,2,2,2,131,0,1,0,2,3,3.54
0,26,164,11186,1,1,3,3,2,262,0,0,5,1,4,4.16
0,19,161,5300,0,1,3,1,2,200,0,1,60,1,1,2.04
0,21,162,7000,1,1,2,1,2,300,0,1,60,1,2,2.67
1,23,170,8356,1,1,2,1,2,200,0,1,119,1,6,2.89
1,22,160,5700,0,1,2,1,2,100,0,2,120,2,1,2.23
0,25,161,10495,1,1,3,3,2,143,0,0,55,1,4,4.05
1,18,178,10824,1,1,2,2,2,265,0,0,106,2,2,3.42
0,26,157,6300,1,1,2,3,2,200,0,1,0,1,5,2.56
1,18,174,10800,1,1,2,3,2,200,0,2,0,1,2,3.57
0,39,155,6226,1,1,2,3,2,273,0,0,0,1,5,2.59
1,21,170,7500,0,1,2,3,3,300,0,1,0,2,5,2.6
1,30,170,10281,1,1,2,3,2,100,0,1,29,1,3,3.56
1,31,165,12108,1,1,2,3,2,122,0,0,56,1,3,4.45
0,29,162,6997,1,1,2,3,2,100,0,1,0,2,6,2.67
1,19,187,8700,0,1,3,4,2,300,0,2,120,0,5,2.49
1,17,179,6700,1,1,2,3,0,200,0,0,60,1,1,2.09
0,26,162,11067,1,1,3,3,2,249,0,0,26,1,4,4.22
1,24,160,10061,1,1,2,1,2,100,0,0,118,2,3,3.93
0,26,160,10493,1,1,3,3,2,100,0,0,31,1,4,4.1
1,35,170,8500,1,1,3,3,1,200,0,0,0,2,6,2.94
0,19,164,6600,0,0,3,3,2,300,0,0,60,1,1,2.45
0,23,160,8000,1,1,2,3,2,200,0,0,120,2,2,3.12
1,29,180,8934,1,1,1,3,2,200,0,1,0,1,5,2.76
0,19,175,13133,1,1,3,3,2,279,0,2,55,1,4,4.29
1,27,184,12015,1,1,2,3,2,235,0,1,4,1,3,3.55
0,20,175,13395,1,1,3,3,2,285,0,1,45,1,4,4.37
0,18,168,8000,1,1,2,1,2,200,0,1,60,2,6,2.83
1,19,183,8556,1,1,2,3,2,283,0,0,20,1,5,2.55
1,39,169,10106,1,1,2,3,2,100,0,0,0,2,3,3.54
0,16,160,4500,0,0,3,3,2,200,0,3,0,2,1,1.76
1,17,179,5867,1,1,2,3,2,200,0,2,33,1,0,1.83
1,24,164,7000,1,1,2,1,2,200,0,1,60,2,5,2.6
1,27,181,12077,1,1,2,3,2,253,0,1,18,1,3,3.69
1,19,172,7934,1,1,2,3,2,200,0,0,47,2,5,2.68
1,21,175,7500,1,1,2,3,2,200,0,1,120,1,5,2.45
0,25,164,10477,1,1,3,3,2,206,0,0,24,1,4,3.9
0,25,166,11287,1,1,3,3,2,298,0,0,10,1,4,4.1
0,26,164,11182,1,1,3,3,2,255,0,0,5,1,4,4.16
1,21,162,7000,0,1,2,1,3,200,0,0,0,1,5,2.67
1,28,172,8468,1,1,2,3,2,200,0,2,0,0,6,2.86
0,19,158,4200,0,1,3,1,1,100,0,0,0,1,0,1.68
0,22,181,13390,1,1,3,3,2,282,0,1,51,1,4,4.09
1,18,170,7000,0,1,3,3,2,200,0,0,60,1,1,2.42
0,25,162,10998,1,1,3,3,2,244,0,0,26,1,4,4.19
1,22,179,8999,1,1,1,1,2,200,0,0,0,1,6,2.81
1,26,182,12039,1,1,2,3,2,272,0,0,0,1,3,3.63
1,25,182,11837,1,1,2,3,2,100,0,1,4,1,3,3.57
1,30,175,12060,1,1,2,3,2,183,0,1,0,1,3,3.94
1,24,176,11307,1,1,2,3,2,200,0,1,38,1,3,3.65
1,21,162,7000,0,1,3,1,3,300,0,1,0,1,5,2.67
0,19,163,6650,0,0,3,3,0,200,0,0,60,1,1,2.5
0,41,156,8000,1,1,2,3,0,100,0,0,0,2,2,3.29
0,30,151,7941,1,1,3,3,2,100,0,0,0,1,2,3.48
0,21,159,4400,0,1,2,3,1,100,0,1,60,1,0,1.74
0,18,160,5100,0,1,2,3,1,200,0,1,60,2,1,1.99
0,18,167,6000,0,1,2,3,2,200,1,2,0,2,1,2.15
1,23,174,9400,1,0,2,3,2,200,0,2,60,2,2,3.1
0,20,166,6000,1,1,3,1,1,100,0,1,0,2,1,2.18
0,21,175,7967,1,1,2,2,2,162,0,0,47,1,5,2.6
1,23,181,9149,1,1,1,2,2,203,0,0,23,1,6,2.79
1,22,181,12186,1,1,2,2,2,210,0,1,0,1,3,3.72
0,16,165,4960,0,1,2,1,2,200,0,0,15,1,0,1.82
0,21,172,13390,1,1,3,3,2,253,0,1,56,1,4,4.53
0,25,161,10496,1,1,3,3,2,151,0,0,39,1,4,4.05
1,20,170,8000,1,1,2,3,2,300,0,1,60,2,6,2.77
0,22,162,8166,1,1,2,1,2,199,0,0,90,2,2,3.11
0,25,164,10458,1,1,3,3,2,148,0,0,31,1,4,3.89
0,25,164,10503,1,1,3,3,2,231,0,0,33,1,4,3.91
0,22,162,8241,1,1,2,1,2,213,0,1,93,2,2,3.14
1,31,176,9136,1,1,2,2,2,100,0,0,0,1,6,2.95
1,22,180,9500,1,1,2,3,2,200,0,0,60,2,2,2.93
1,25,166,6000,0,1,2,1,2,200,0,1,0,1,1,2.18
0,22,171,5169,1,1,2,3,1,191,0,1,0,2,0,1.77
0,26,164,11195,1,1,3,3,2,263,0,0,10,1,4,4.16
1,18,181,8608,1,1,2,1,2,200,0,2,13,1,5,2.63
0,26,163,11188,1,1,3,3,2,261,0,0,7,1,4,4.21
0,21,159,4405,0,0,3,1,1,195,0,0,0,2,0,1.74
0,23,165,5850,0,1,2,3,2,200,0,1,60,1,1,2.15
1,17,171,5498,1,1,2,3,2,200,0,2,60,1,0,1.88
1,22,175,9532,1,1,2,3,2,200,0,2,74,2,2,3.11
1,18,180,8560,1,1,2,3,2,245,0,1,10,1,5,2.64
1,24,162,5200,1,1,3,3,2,200,0,0,60,0,1,1.98
0,21,173,13387,1,1,3,3,2,287,0,1,54,1,4,4.47
1,31,177,12679,1,1,2,3,2,214,0,1,54,1,3,4.05
1,22,170,10500,1,1,2,3,2,264,0,1,0,1,2,3.63
1,20,172,6700,0,1,2,4,2,100,1,2,60,1,1,2.26
0,25,162,10998,1,1,3,3,2,232,0,0,28,1,4,4.19
1,21,187,9700,1,0,2,3,0,300,0,0,60,2,2,2.77
0,19,161,7210,1,1,2,3,2,163,0,0,60,1,5,2.78
1,19,182,8710,1,1,2,2,2,243,0,2,81,1,5,2.63
0,26,163,11153,1,1,3,3,2,274,0,0,14,1,4,4.2
0,17,163,6000,0,1,2,3,2,200,0,3,120,1,1,2.26
1,37,177,11770,1,1,2,2,2,197,0,1,0,1,3,3.76
1,21,170,9800,1,1,2,3,2,200,0,2,120,2,2,3.39
1,19,162,5800,0,1,2,3,2,200,0,3,0,2,1,2.21
0,35,169,7791,1,1,2,2,2,184,0,0,0,2,6,2.73
1,34,175,8328,1,1,2,1,2,200,0,0,55,1,6,2.72
1,18,180,7000,1,1,2,4,1,200,0,2,60,1,1,2.16
0,21,173,13384,1,1,3,3,2,283,0,1,37,1,4,4.47
0,19,166,4965,0,1,2,3,2,197,1,0,60,1,0,1.8
0,19,169,6300,1,0,2,4,2,100,0,2,60,0,1,2.21
1,19,174,8500,1,1,2,3,2,270,0,2,114,1,6,2.81
0,26,165,11192,1,1,3,3,2,277,0,0,7,1,4,4.11
1,22,182,10510,1,1,2,1,2,207,0,0,120,1,2,3.17
0,25,159,6000,0,1,2,1,2,200,0,0,0,1,1,2.37
0,26,163,11091,1,1,3,3,2,272,0,0,17,1,4,4.17
0,38,155,7900,1,1,2,3,2,100,0,0,120,2,2,3.29
0,26,163,11168,1,1,3,3,2,244,0,0,15,1,4,4.2
1,31,175,11833,1,1,2,3,2,217,0,0,22,1,3,3.86
0,17,160,6500,1,1,3,3,2,200,1,0,60,1,5,2.54
0,18,160,8000,1,1,1,1,2,200,0,0,60,2,2,3.12
0,22,162,8203,1,1,1,1,2,200,0,0,78,1,2,3.13
1,34,170,8434,1,1,2,3,2,170,0,0,49,2,6,2.92
0,21,172,13157,1,1,3,3,2,179,0,1,55,1,4,4.45
1,23,190,12124,1,1,2,1,2,200,0,1,0,1,3,3.36
0,22,162,8200,1,1,1,1,2,200,0,0,113,2,2,3.12
0,21,169,7539,1,1,2,3,2,184,0,0,0,1,5,2.64
0,22,165,8000,1,1,2,3,2,200,0,0,80,2,6,2.94
1,33,170,7800,1,0,2,3,2,200,0,2,0,2,6,2.7
1,18,182,9500,1,1,2,3,0,300,0,2,60,2,2,2.87
0,23,156,5500,1,1,2,3,1,300,0,0,60,1,1,2.26
0,18,174,12814,1,1,3,3,2,290,0,1,44,1,4,4.23
0,26,165,11194,1,1,3,3,2,281,0,0,55,1,4,4.11
1,22,184,8990,1,1,1,2,2,200,0,0,34,1,5,2.66
0,20,174,13390,1,1,3,3,2,277,0,1,48,1,4,4.42
0,26,164,11115,1,1,3,3,2,274,0,0,32,1,4,4.13
0,21,173,13098,1,1,3,3,2,120,0,1,57,1,4,4.38
1,24,178,12034,1,1,2,2,2,163,0,1,38,1,3,3.8
0,19,158,8049,1,1,2,2,2,219,0,0,0,2,5,3.22
0,19,175,4900,1,0,3,3,2,200,0,3,120,2,0,1.6
1,17,182,5885,1,1,2,4,2,200,0,2,16,1,0,1.78
1,24,170,8600,1,1,3,4,1,200,0,1,0,1,6,2.98
1,18,180,10500,1,1,2,3,2,300,0,0,60,1,2,3.24
0,18,160,8253,1,1,1,3,2,246,0,2,55,1,5,3.22
0,25,156,5000,1,1,2,3,2,100,0,0,120,2,1,2.05
1,22,176,12188,1,1,1,1,2,129,0,1,0,1,3,3.93
1,21,162,7000,0,1,2,3,2,300,1,1,0,1,5,2.67
0,20,165,6400,1,0,3,3,2,200,0,1,0,1,1,2.35
0,38,153,7800,0,1,3,1,2,200,0,0,0,0,2,3.33
1,18,178,10800,1,1,2,3,2,200,0,1,120,2,2,3.41
1,21,180,8000,0,1,2,3,0,200,0,1,120,2,1,2.47
0,19,169,4998,1,1,2,3,2,279,0,2,48,1,0,1.75
0,25,163,10479,1,1,3,3,2,243,0,0,41,1,4,3.94
0,26,163,11193,1,1,3,3,2,262,0,0,28,1,4,4.21
1,31,170,10103,1,1,2,1,2,100,0,1,0,1,3,3.5
1,24,170,10062,1,1,3,1,2,100,0,1,0,2,3,3.48
1,17,181,8568,0,1,2,3,2,200,0,2,7,1,5,2.62
1,19,170,7969,1,1,2,2,2,272,0,0,0,1,6,2.76
0,21,165,13211,1,1,3,3,2,156,0,1,49,1,4,4.85
0,26,163,11193,1,1,3,3,2,277,0,0,6,1,4,4.21
1,18,184,6000,1,1,3,4,2,200,0,2,60,2,0,1.77
1,37,176,11775,1,1,2,3,2,178,0,0,0,1,3,3.8
1,25,179,11786,1,1,2,3,2,264,0,1,4,1,3,3.68
1,21,162,7000,0,1,2,1,3,200,0,1,60,1,5,2.67
1,21,172,8000,1,1,2,3,2,200,0,0,120,2,6,2.7
0,17,175,5600,1,1,2,4,0,200,0,2,60,2,0,1.83
1,33,170,8301,1,1,2,3,2,299,0,2,0,1,6,2.87
0,20,174,8001,1,1,2,3,2,245,0,1,0,1,5,2.64
0,26,162,11091,1,1,3,3,2,149,0,0,26,1,4,4.23
1,20,169,8291,1,1,1,3,2,200,0,0,60,1,6,2.9
0,21,155,6200,0,1,2,1,2,300,0,1,0,1,5,2.58
1,18,162,10810,1,1,2,1,2,200,0,1,60,1,2,4.12
1,17,170,8300,1,1,2,3,2,300,0,1,60,1,6,2.87
0,19,165,8500,1,1,3,3,2,300,0,0,60,1,2,3.12
1,19,185,8700,1,0,2,1,2,200,0,3,0,1,6,2.54
1,30,175,11293,1,1,1,3,2,208,0,0,15,1,3,3.69
0,25,162,10483,1,1,3,3,2,255,0,0,33,1,4,3.99
0,21,169,6000,1,1,3,1,2,200,0,1,60,1,1,2.1
1,18,185,8000,1,1,2,3,2,200,0,0,11,1,5,2.34
1,26,184,12142,1,1,2,3,2,243,0,0,100,1,3,3.59
0,26,162,11188,1,1,3,3,2,277,0,0,5,1,4,4.26
1,37,172,11765,1,1,2,2,2,215,0,1,0,1,3,3.98
1,21,182,6800,0,0,2,3,2,200,0,0,60,1,1,2.05
1,26,175,11833,1,1,2,3,2,281,0,0,0,1,3,3.86
1,22,166,7000,0,1,2,4,1,200,0,1,0,2,1,2.54
1,30,175,11984,1,1,2,3,2,151,0,0,100,1,3,3.91
1,22,182,12099,1,1,2,3,2,262,0,1,0,1,3,3.65
0,25,165,6000,1,1,2,3,2,200,0,1,60,2,1,2.2
0,22,170,5113,1,1,2,3,2,185,0,0,60,2,0,1.77
1,18,180,10825,1,1,2,1,2,209,0,1,33,2,2,3.34
1,17,172,5300,0,1,2,3,2,200,0,1,120,1,0,1.79
0,18,165,9000,1,1,2,3,2,200,0,1,60,2,2,3.31
0,23,170,7600,0,0,2,3,0,200,0,1,60,2,5,2.63
0,25,162,10503,1,1,3,3,2,233,0,0,32,1,4,4.0
1,29,170,10254,1,1,2,1,2,117,0,0,0,1,3,3.55
0,26,162,11194,1,1,3,3,2,298,0,0,5,1,4,4.27
0,26,165,11194,1,1,3,3,2,272,0,0,13,1,4,4.11
1,18,180,5000,1,1,2,3,1,200,0,1,120,1,0,1.54
0,21,161,5300,1,1,2,3,2,200,0,3,0,1,1,2.04
1,21,170,7500,1,1,2,3,2,114,0,0,0,1,5,2.6
1,24,184,12124,1,1,2,2,2,269,0,0,0,1,3,3.58
1,25,176,11527,1,1,2,3,2,216,0,0,4,1,3,3.72
1,18,170,5205,1,1,2,3,2,200,0,0,60,1,0,1.8
1,36,178,10024,1,1,2,2,2,292,0,2,0,1,2,3.16
1,31,167,9236,1,1,2,3,2,245,0,0,78,1,6,3.31
0,17,170,5600,0,1,3,4,2,200,1,2,0,1,1,1.94
1,22,184,12123,1,1,2,2,2,198,0,1,0,1,3,3.58
0,18,162,8245,1,1,1,3,2,177,0,1,96,1,2,3.14
0,17,170,5000,0,1,1,3,1,200,0,0,60,1,0,1.73
1,39,178,7967,1,1,3,3,2,200,0,2,0,2,1,2.51
0,22,166,6000,1,0,2,3,2,200,0,1,0,2,1,2.18
0,19,163,4170,1,1,1,1,2,100,0,2,0,2,0,1.57
1,18,170,7000,0,1,2,3,1,200,0,1,60,2,1,2.42
0,20,180,13651,1,1,3,3,2,283,0,1,50,1,4,4.21
0,23,172,7500,1,1,2,3,2,279,0,0,99,1,5,2.54
1,22,187,12000,1,1,2,3,2,200,0,1,105,1,3,3.43
1,21,162,7000,0,1,2,3,2,200,0,3,0,1,5,2.67
0,16,165,5800,1,1,2,3,0,200,0,3,60,2,1,2.13
0,26,163,11160,1,1,3,3,2,269,0,0,26,1,4,4.2
1,26,170,7200,1,1,3,3,2,200,0,2,60,1,1,2.49
0,26,162,11064,1,1,3,3,2,257,0,0,32,1,4,4.22
0,19,152,4200,0,1,2,1,1,161,0,1,4,1,0,1.82
1,22,185,9500,1,1,2,3,2,300,0,0,60,1,2,2.78
0,26,163,11160,1,1,3,3,2,247,0,0,17,1,4,4.2
1,30,178,11800,1,1,2,3,1,200,0,0,60,1,3,3.72
0,25,162,10485,1,1,3,3,2,265,0,0,38,1,4,4.0
1,35,175,9800,1,1,2,3,1,100,0,0,60,1,2,3.2
1,18,180,9000,1,1,2,3,2,200,0,1,60,1,6,2.78
0,20,172,13104,1,1,3,3,2,183,0,1,55,1,4,4.43
1,40,166,8000,1,1,2,3,2,101,0,0,0,2,2,2.9
1,18,180,6500,1,1,2,3,0,200,0,1,0,2,1,2.01
1,19,183,11400,1,1,2,3,2,300,0,2,60,2,2,3.4
0,20,155,5600,0,1,3,3,2,300,0,1,60,1,1,2.33
1,21,172,7000,0,1,3,3,2,100,0,1,0,1,1,2.37
0,25,162,10547,1,1,3,3,2,205,0,0,35,1,4,4.02
0,26,164,11182,1,1,3,3,2,261,0,0,34,1,4,4.16
0,25,165,10458,1,1,3,3,2,285,0,0,48,1,4,3.84
0,20,156,4200,0,1,2,3,1,129,0,1,0,1,0,1.73
1,22,187,12149,1,1,2,2,2,275,0,0,0,1,3,3.47
1,30,176,12020,1,1,2,3,2,283,0,1,21,1,3,3.88
0,22,173,8258,1,1,2,1,2,265,0,1,0,1,2,2.76
1,25,177,11425,1,1,1,3,2,215,0,1,4,1,3,3.65
0,18,160,4800,0,1,3,3,1,100,0,0,0,1,1,1.87
0,21,177,13785,1,1,3,3,2,253,0,1,50,1,4,4.4
1,30,175,12086,1,1,2,3,2,222,0,1,17,1,3,3.95
1,22,181,9673,1,1,2,1,2,200,0,2,0,1,6,2.95
0,26,163,5300,1,1,3,3,1,200,0,0,0,1,1,1.99
1,29,176,10999,1,1,2,3,2,277,0,2,0,1,2,3.55
1,34,178,8700,0,0,2,3,2,300,0,3,0,1,5,2.75
1,30,176,11878,1,1,2,3,2,235,0,0,0,1,3,3.83
0,21,174,13395,1,1,3,3,2,283,0,1,49,1,4,4.42
1,22,178,7200,1,1,2,3,2,200,0,1,60,1,1,2.27
1,22,185,9000,1,1,1,3,1,200,0,0,60,0,6,2.63
0,18,170,7500,1,1,3,3,0,200,0,3,0,1,5,2.6
1,18,182,11500,1,1,2,4,2,300,0,2,60,0,2,3.47
1,37,175,11723,1,1,1,3,2,203,0,1,0,1,3,3.83
1,25,181,8700,0,1,2,1,2,163,0,2,0,2,5,2.66
0,26,162,11185,1,1,3,3,2,255,0,0,5,1,4,4.26
1,55,170,8000,1,1,3,3,1,200,0,0,0,1,6,2.77
0,17,158,4900,0,1,2,3,2,200,0,2,60,2,1,1.96
0,23,160,7200,1,0,2,3,2,200,0,0,120,2,6,2.81
0,21,155,5000,0,1,3,3,2,100,0,1,0,1,1,2.08
0,23,175,13347,1,1,3,3,2,257,0,1,37,1,4,4.36
1,25,179,10701,1,1,2,3,2,234,0,1,30,1,2,3.34
1,33,180,9700,1,1,2,1,2,300,0,1,60,1,6,2.99
0,18,160,6600,1,1,3,3,2,200,0,2,60,1,1,2.58
1,22,172,9425,1,1,2,2,2,200,0,0,83,2,2,3.19
0,39,155,8000,1,1,2,3,2,292,0,2,0,1,2,3.33
1,30,175,12000,1,1,2,3,2,209,0,1,35,1,3,3.92
1,22,182,9355,1,1,2,2,2,155,0,1,60,0,6,2.82
1,24,160,10007,1,1,2,1,2,200,0,1,11,1,3,3.91
1,20,164,6500,1,0,3,3,2,200,0,0,0,1,5,2.42
0,38,175,7300,1,1,3,3,2,100,0,0,0,0,5,2.38
0,18,168,13355,1,1,3,3,2,286,0,1,37,1,4,4.73
0,25,162,10492,1,1,2,3,2,102,0,0,28,1,2,4.0
0,22,162,5300,0,1,2,3,2,200,0,3,120,1,1,2.02
0,21,157,4400,0,1,3,1,1,100,0,0,0,1,0,1.79
1,29,166,11240,1,1,2,3,2,200,0,0,44,1,3,4.08
0,23,150,6000,1,0,2,1,2,200,0,0,60,1,6,2.67
1,23,175,9500,1,1,2,3,2,300,0,3,120,2,2,3.1
0,31,181,8780,1,1,2,1,2,264,0,2,48,1,5,2.68
0,21,163,6839,1,1,2,3,2,174,0,0,0,1,5,2.57
0,26,162,10998,1,1,3,3,2,268,0,0,27,1,4,4.19
1,17,179,8700,1,1,2,4,2,200,0,2,60,2,5,2.72
1,21,164,9474,1,1,2,1,2,200,0,0,104,2,2,3.52
1,30,177,12087,1,1,2,3,2,231,0,1,43,1,3,3.86
1,16,171,5000,0,1,2,3,2,100,0,2,60,1,0,1.71
1,18,175,5121,1,1,1,3,2,208,0,1,100,1,0,1.67
0,20,172,13104,1,1,3,3,2,160,0,1,50,1,4,4.43
1,23,170,8228,1,1,2,2,2,166,0,0,97,1,6,2.85
1,17,171,5000,0,1,2,3,2,100,0,0,60,1,0,1.71
0,21,174,13367,1,1,3,3,2,287,0,1,49,1,4,4.42
0,18,166,5700,0,1,2,1,2,100,0,0,60,1,1,2.07
1,20,170,10500,1,1,2,3,2,200,0,3,60,1,2,3.63
0,25,162,10494,1,1,3,3,2,295,0,0,24,1,4,4.0
0,18,156,5000,0,1,1,3,2,100,1,0,60,1,1,2.05
0,41,157,7600,1,1,2,3,2,100,0,0,0,1,2,3.08
0,26,163,11183,1,1,3,3,2,127,0,0,21,1,4,4.21
1,30,191,12900,1,1,2,3,2,100,0,1,0,1,3,3.54
0,26,162,11181,1,1,3,3,2,270,0,0,6,1,4,4.26
1,21,179,10500,1,1,2,3,2,247,0,1,0,1,2,3.28
1,29,180,10200,1,1,2,1,2,100,0,1,0,1,3,3.15
0,17,176,5500,1,1,3,4,1,200,0,2,120,2,0,1.78
1,26,169,10252,1,1,2,1,2,100,0,1,60,2,3,3.59
1,20,165,6000,0,0,2,3,2,200,0,0,60,1,1,2.2
0,41,164,7700,1,1,2,3,2,100,0,0,0,1,2,2.86
1,33,170,8398,1,1,2,2,2,198,0,0,113,2,6,2.91
0,21,162,6806,1,1,1,3,2,199,0,0,0,1,5,2.59
0,18,165,9003,1,1,2,3,2,192,0,1,37,2,2,3.31
0,21,171,13187,1,1,3,3,2,165,0,1,56,1,4,4.51
0,21,160,6800,1,1,3,3,2,300,0,0,60,2,5,2.66
0,25,166,11224,1,1,3,3,2,293,0,0,8,1,4,4.07
0,26,164,11191,1,1,3,3,2,266,0,0,4,1,4,4.16
1,25,177,11413,1,1,2,3,2,215,0,1,0,1,3,3.64
1,34,170,8472,1,1,2,1,2,200,0,1,0,2,6,2.93
1,23,179,9400,1,1,2,3,0,200,0,0,120,1,2,2.93
1,22,169,6600,0,1,3,4,0,200,0,2,0,1,1,2.31
0,25,164,10495,1,1,3,3,2,148,0,0,32,1,4,3.9
1,22,163,6800,0,1,1,3,2,200,0,0,120,1,1,2.56
0,37,163,7600,1,1,2,3,2,100,0,0,0,1,2,2.86
1,24,175,11908,1,1,2,2,2,271,0,1,0,1,3,3.89
1,23,167,9000,1,1,2,3,2,204,0,0,0,2,2,3.23
1,17,175,5819,1,1,2,4,2,200,0,2,48,2,0,1.9
0,26,162,11193,1,1,3,3,2,283,0,0,27,1,4,4.26
1,19,170,5000,0,1,2,3,2,100,0,0,92,1,0,1.73
1,17,160,5000,1,1,3,4,1,200,0,2,60,2,1,1.95
0,21,165,6000,1,1,2,3,2,300,0,3,0,1,1,2.2
1,27,170,7200,1,1,2,3,0,200,0,3,60,2,1,2.49
1,18,185,8600,1,1,3,3,1,200,0,3,0,1,2,2.51
0,21,161,6865,1,1,2,3,3,200,0,1,13,1,5,2.65
0,23,159,6500,1,1,1,3,2,100,0,1,0,2,1,2.57
1,20,178,10300,1,1,3,1,2,300,0,2,60,1,2,3.25
1,22,174,6600,1,0,2,3,2,300,0,0,0,1,1,2.18
1,26,180,8500,1,1,3,3,2,300,0,2,60,1,5,2.62
1,19,170,7600,1,1,3,3,2,100,0,1,0,1,1,2.63
0,25,166,10471,1,1,3,3,2,255,0,0,48,1,4,3.8
1,26,175,11815,1,1,2,3,2,215,0,1,0,1,3,3.86
0,22,169,6500,0,1,2,3,2,200,1,1,0,1,1,2.28
0,25,164,10481,1,1,3,3,2,243,0,0,56,1,4,3.9
0,18,156,5000,0,1,2,4,1,100,0,1,60,1,1,2.05
0,28,167,7495,1,1,2,1,2,200,0,1,0,1,5,2.69
0,26,163,10748,1,1,3,3,2,257,0,0,24,1,4,4.05
0,26,162,11082,1,1,3,3,2,268,0,0,26,1,4,4.22
1,22,175,5487,1,1,2,4,2,200,0,2,60,2,0,1.79
1,18,169,5205,1,1,3,3,2,200,0,0,60,1,0,1.82
0,43,164,8191,1,1,2,3,2,265,0,1,0,1,2,3.05
1,18,178,7900,1,1,2,3,2,300,0,2,60,2,1,2.49
0,18,175,5456,1,1,2,3,1,200,0,2,120,2,0,1.78
1,17,180,5800,0,1,3,3,2,100,0,2,60,2,1,1.79
0,21,174,13384,1,1,3,3,2,193,0,1,41,1,4,4.42
1,20,180,8500,1,1,2,3,2,200,0,1,60,1,5,2.62
1,22,173,11414,1,1,2,2,2,215,0,1,56,1,3,3.81
1,18,170,5500,0,1,2,3,2,200,0,1,60,1,1,1.9
0,26,164,11181,1,1,3,3,2,255,0,0,8,1,4,4.16
0,21,165,5800,1,1,3,3,2,200,0,1,0,1,1,2.13
1,21,165,8000,1,1,2,3,2,200,0,1,100,2,6,2.94
0,18,175,8609,1,1,2,3,2,113,0,1,0,1,2,2.81
0,23,161,5600,1,0,3,3,0,200,0,0,0,2,1,2.16
1,22,175,7000,0,1,2,1,2,100,0,1,0,1,1,2.29
0,26,163,11193,1,1,3,3,2,255,0,0,14,1,4,4.21
0,25,162,10482,1,1,3,3,2,117,0,0,32,1,4,3.99
1,18,184,8624,1,1,2,3,2,247,0,1,13,1,6,2.55
1,18,175,11200,1,0,1,3,2,200,0,0,120,1,3,3.66
1,17,160,5800,0,0,2,4,1,200,0,1,0,1,1,2.27
1,19,184,6000,1,1,2,4,2,250,0,2,60,2,0,1.77
0,26,162,10484,1,1,3,3,2,265,0,0,33,1,4,3.99
0,18,170,5000,0,1,3,3,2,100,0,1,60,1,0,1.73
0,18,171,12480,1,1,3,3,2,166,0,1,44,1,4,4.27
1,23,170,6000,1,1,2,3,2,200,0,2,60,1,1,2.08
0,17,170,5600,1,1,2,3,0,200,0,3,60,2,1,1.94
1,19,180,9800,1,0,2,3,2,200,0,1,120,2,6,3.02
1,19,185,8700,1,1,2,3,2,300,0,3,0,1,1,2.54
0,26,163,11153,1,1,3,3,2,261,0,0,10,1,4,4.2
1,34,171,8413,1,1,2,3,2,217,0,0,56,2,6,2.88
0,25,165,10495,1,1,3,3,2,233,0,0,27,1,4,3.85
0,19,167,4994,0,0,2,3,1,269,0,1,81,1,0,1.79
0,22,160,4500,0,0,3,3,2,300,0,3,0,1,0,1.76
0,26,166,10498,1,1,3,3,2,270,0,0,53,1,4,3.81
0,21,153,4700,1,1,2,3,2,200,0,0,60,1,1,2.01
0,19,172,13347,1,1,3,3,2,284,0,1,46,1,4,4.51
1,25,178,10500,1,1,3,3,2,300,0,1,120,1,2,3.31
0,26,163,11010,1,1,3,3,2,264,0,0,14,1,4,4.14
0,35,163,6287,1,1,2,2,2,100,0,0,6,1,5,2.37
1,23,171,5107,0,1,2,3,2,100,0,0,25,1,0,1.75
0,17,172,9700,1,1,2,3,2,100,0,1,120,1,2,3.28
0,25,166,10430,1,1,3,3,2,143,0,0,42,1,4,3.79
1,20,178,10295,1,1,2,3,2,161,0,0,0,2,2,3.25
1,18,157,4145,0,1,2,2,1,100,0,1,6,1,0,1.68
0,25,162,10485,1,1,3,3,2,265,0,0,33,1,4,4.0
1,27,168,7100,1,0,2,1,1,200,1,2,120,2,6,2.52
0,22,174,5209,1,1,3,3,1,262,0,0,51,2,0,1.72
0,26,165,11182,1,1,3,3,2,253,0,0,5,1,4,4.11
1,18,175,5205,1,1,2,3,1,200,0,0,66,2,0,1.7
1,25,161,10259,1,1,2,1,2,100,0,0,28,2,3,3.96
0,25,165,10496,1,1,3,3,2,144,0,0,34,1,4,3.86
0,21,152,4200,0,1,2,1,2,132,0,0,0,1,0,1.82
0,19,154,3910,0,1,1,3,2,200,0,2,89,1,0,1.65
0,19,153,6389,1,0,2,2,2,133,0,0,50,2,6,2.73
1,33,174,7500,1,1,3,3,1,200,0,1,0,1,1,2.48
1,22,170,9400,1,1,2,3,2,300,0,0,60,2,2,3.25
0,19,181,15197,1,1,3,3,2,284,0,1,54,1,4,4.64
1,30,182,12317,1,1,2,3,2,197,0,0,10,1,3,3.72
1,35,178,10500,1,0,2,3,0,100,0,1,0,2,3,3.31
0,26,163,11193,1,1,3,3,2,267,0,0,19,1,4,4.21
1,33,170,8300,1,1,2,1,2,200,0,1,0,1,6,2.87
0,26,162,11191,1,1,3,3,2,255,0,0,32,1,4,4.26
0,26,164,11184,1,1,3,3,2,260,0,0,12,1,4,4.16
0,21,174,13396,1,1,3,3,2,283,0,1,52,1,4,4.42
1,19,176,8556,1,1,2,3,2,242,0,2,97,1,5,2.76
1,22,169,8000,1,1,2,3,2,200,0,1,120,2,6,2.8
1,25,181,7100,0,1,3,3,2,100,0,0,120,1,1,2.17
1,24,165,10303,1,1,2,2,2,145,0,1,0,2,3,3.78
1,22,170,5600,0,1,2,3,2,200,0,3,120,1,1,1.94
1,19,181,8583,1,1,2,3,2,294,0,2,47,1,5,2.62
1,17,175,5924,1,1,2,4,2,200,0,2,0,1,0,1.93
0,18,165,6800,1,1,3,3,2,200,0,1,60,1,1,2.5
0,17,165,5900,1,1,2,3,1,200,0,2,120,1,1,2.17
1,18,178,10800,0,0,2,3,2,200,0,0,60,2,2,3.41
0,21,161,6708,1,1,1,3,3,256,0,0,0,1,5,2.59
1,28,179,10801,1,1,2,1,2,127,0,0,0,2,2,3.37
1,29,190,12934,1,1,2,3,2,198,0,1,0,1,3,3.58
0,21,177,13394,1,1,3,3,2,122,0,1,57,1,4,4.28
1,23,175,6000,0,0,2,3,2,200,0,0,0,1,1,1.96
1,21,170,8800,1,1,2,3,2,300,0,2,0,2,2,3.04
1,23,179,8790,0,1,2,3,3,162,0,0,114,2,5,2.74
1,26,176,9179,1,1,1,3,2,200,0,0,67,1,6,2.96
0,38,155,8000,1,1,2,3,2,100,0,0,0,0,2,3.33
0,19,164,5380,0,1,2,1,2,200,0,1,120,1,1,2.0
0,18,170,5000,1,1,3,3,1,100,0,1,120,2,0,1.73
1,21,188,6600,1,1,3,3,0,200,0,3,60,2,1,1.87
1,21,162,7000,0,1,2,3,3,200,0,2,0,1,5,2.67
0,26,164,11193,1,1,3,3,2,277,0,0,10,1,4,4.16
0,38,155,6287,0,1,2,3,2,144,0,0,23,1,5,2.62
0,25,161,10209,1,1,3,3,2,102,0,0,60,1,4,3.94
1,25,177,11836,1,1,1,3,2,200,0,0,81,1,3,3.78
0,26,164,11193,1,1,3,3,2,263,0,0,13,1,4,4.16
1,23,175,7500,1,0,2,3,2,200,1,3,60,2,1,2.45
1,26,182,12000,1,1,2,3,2,229,0,1,35,1,3,3.62
1,33,173,8332,1,1,2,2,2,200,0,1,0,2,6,2.78
0,19,169,7735,1,1,2,2,2,219,0,1,49,2,6,2.71
1,25,185,11418,1,1,2,3,2,215,0,1,17,1,3,3.34
1,30,169,10050,1,1,2,1,2,100,0,1,0,1,3,3.52
0,18,174,12679,1,1,3,3,2,262,0,0,39,1,4,4.19
0,42,153,7900,1,0,2,3,2,200,0,0,0,1,6,3.37
1,26,178,10544,1,1,3,3,2,211,0,1,0,1,2,3.33
0,25,174,11091,1,1,3,3,2,286,0,0,27,1,4,3.66
1,25,177,11508,1,1,2,3,2,216,0,1,64,1,3,3.67
0,22,160,8248,1,1,1,1,2,200,0,2,48,1,2,3.22
1,30,186,12923,1,1,2,3,2,194,0,1,0,1,3,3.74
1,33,182,8700,1,1,2,1,2,217,0,2,0,1,5,2.63
0,26,162,11185,1,1,3,3,2,268,0,0,33,1,4,4.26
0,41,164,7700,1,1,3,1,2,200,0,0,0,1,2,2.86
0,22,164,8000,1,1,2,2,2,185,0,0,120,2,6,2.97
0,21,160,5000,0,1,3,3,1,100,0,1,0,1,1,1.95
0,20,150,8079,1,0,2,3,2,226,0,0,86,2,6,3.59
0,22,163,8200,1,1,2,1,2,200,0,0,75,1,2,3.09
0,21,150,5800,1,1,2,3,1,100,0,0,0,1,5,2.58
1,18,170,5000,0,1,1,3,2,200,0,0,60,1,0,1.73
0,19,171,13395,1,1,3,3,2,283,0,1,50,1,4,4.58
0,26,157,8000,1,1,2,1,2,211,0,1,1,2,2,3.25
1,21,178,6800,1,1,2,3,0,200,0,3,0,1,1,2.15
0,26,163,11194,1,1,3,3,2,298,0,0,33,1,4,4.21
1,26,175,11908,1,1,2,3,2,215,0,0,0,1,3,3.89
0,37,158,7735,1,1,2,2,2,189,0,0,5,1,2,3.1
0,42,154,8191,1,1,2,1,2,100,0,0,0,1,2,3.45
0,26,164,11194,1,1,3,3,2,244,0,0,5,1,4,4.16
0,26,162,11008,1,1,3,3,2,261,0,0,23,1,4,4.19
1,17,180,5500,0,1,2,3,1,200,0,1,60,1,1,1.7
1,20,175,12000,1,1,2,3,2,200,0,2,60,1,3,3.92
1,22,171,9528,1,1,2,3,2,300,0,3,120,2,2,3.26
0,23,153,7747,0,1,2,3,2,270,0,0,59,2,2,3.31
0,25,169,10998,1,1,3,3,2,241,0,0,39,1,4,3.85
0,27,153,6300,1,0,2,1,2,200,0,0,0,1,6,2.69
0,41,151,8000,1,1,2,3,1,100,0,0,0,1,2,3.51
1,21,172,6800,1,0,2,3,2,200,0,1,60,1,1,2.3
0,21,178,13785,1,1,3,3,2,286,0,1,50,1,4,4.35
1,21,165,6000,1,1,3,3,2,300,0,1,0,1,1,2.2
0,43,152,7795,1,1,2,3,2,133,0,0,0,1,2,3.37
0,29,153,7800,1,1,2,1,2,200,0,0,0,1,2,3.33
1,18,164,5800,0,1,2,3,1,200,0,0,60,2,1,2.16
0,21,175,13394,1,1,3,3,2,286,0,1,37,1,4,4.37
0,16,160,4900,0,1,2,1,2,100,0,1,60,2,1,1.91
0,21,174,7803,1,1,2,1,2,200,0,1,0,0,5,2.58
1,20,170,7000,1,1,2,3,2,200,0,1,60,1,1,2.42
0,37,155,7735,1,1,2,3,2,152,0,0,0,1,5,3.22
1,31,183,9136,1,1,2,3,2,100,0,0,53,1,6,2.73
1,33,175,7600,0,1,3,3,2,100,0,1,0,1,5,2.48
1,22,174,7500,1,1,2,1,2,100,0,2,60,1,1,2.48
1,30,167,11239,1,1,2,3,2,214,0,0,100,1,3,4.03
1,22,165,8999,1,1,2,1,2,152,0,0,60,1,2,3.31
0,25,168,10481,1,1,3,3,2,103,0,0,33,1,4,3.71
0,26,164,11192,1,1,3,3,2,277,0,0,27,1,4,4.16
0,20,172,13304,1,1,3,3,2,179,0,1,55,1,4,4.5
1,23,165,9479,1,1,2,1,2,200,0,0,0,2,2,3.48
0,21,161,7000,0,1,3,1,3,300,0,1,0,1,5,2.7
0,18,174,13374,1,1,3,3,2,286,0,1,37,1,4,4.42
0,23,174,8213,1,1,2,3,2,154,0,0,0,2,2,2.71
0,19,155,4265,0,1,3,1,1,117,1,0,46,1,0,1.78
0,18,156,4139,0,1,2,1,2,100,0,0,83,1,0,1.7
1,18,167,6000,0,0,2,3,2,200,0,3,0,2,1,2.15
1,21,185,6600,1,1,2,3,0,200,0,1,60,1,1,1.93
1,21,180,8500,1,1,2,3,2,300,0,1,0,1,5,2.62
1,23,180,6800,0,1,3,3,0,200,0,1,60,1,1,2.1
1,22,176,8000,1,1,2,2,2,170,0,1,0,2,6,2.58
1,25,181,11502,1,1,2,3,2,200,0,0,95,1,3,3.51
1,22,167,8999,1,1,1,2,2,211,0,0,0,1,3,3.23
0,23,163,8325,1,1,2,3,2,163,0,0,0,2,2,3.13
0,21,158,6000,1,0,3,3,2,100,0,0,0,2,6,2.4
0,26,162,10459,1,1,3,3,2,261,0,0,27,1,4,3.99
1,21,166,6000,1,1,2,4,0,100,0,0,60,1,1,2.18
1,19,180,6800,0,1,2,3,2,200,0,1,60,1,1,2.1
0,45,158,5000,1,1,3,3,2,200,1,3,0,2,1,2.0
1,19,176,5551,1,1,2,4,2,289,0,2,108,1,0,1.79
1,19,175,8700,1,1,3,4,2,200,0,3,0,0,5,2.84
1,18,172,7000,1,1,3,3,0,200,0,2,0,2,1,2.37
1,24,170,9908,1,1,2,2,2,100,0,1,0,2,3,3.43
0,20,175,13348,1,1,3,3,2,239,0,0,34,1,4,4.36
1,18,172,5300,0,1,2,3,2,200,0,2,120,2,0,1.79
1,23,192,9100,1,1,3,1,1,100,0,1,0,1,5,2.47
0,25,174,10483,1,1,3,3,2,181,0,0,55,1,4,3.46
0,18,162,5100,0,1,2,3,1,100,0,1,60,1,0,1.94
0,18,160,5100,1,1,2,3,1,100,0,0,120,1,0,1.99
1,22,176,9425,1,1,2,2,2,200,0,0,60,2,2,3.04
1,33,173,7800,1,1,2,1,2,200,0,1,0,0,6,2.61
1,19,174,7600,0,1,2,3,2,200,1,2,0,0,5,2.51
1,24,175,11811,1,1,2,3,2,235,0,0,0,1,3,3.86
1,17,175,8500,0,0,2,3,2,200,0,2,60,1,6,2.78
1,17,170,5000,0,1,3,3,2,200,0,1,60,1,0,1.73
1,23,170,7500,1,1,2,3,2,200,0,0,0,1,5,2.6
0,21,177,13785,1,1,3,3,2,283,0,1,56,1,4,4.4
0,24,170,7800,1,1,3,3,1,200,0,1,0,0,6,2.7
1,19,170,7800,1,0,2,3,2,200,0,1,60,1,6,2.7
1,38,175,11837,1,1,2,3,2,200,0,0,60,1,3,3.87
0,21,172,13152,1,1,3,3,2,132,0,1,54,1,4,4.45
1,31,182,10580,1,1,2,2,2,201,0,2,22,1,2,3.19
1,26,182,12089,1,1,2,3,2,296,0,0,111,1,3,3.65
1,18,174,8500,1,1,2,3,2,200,0,1,60,0,6,2.81
1,23,181,11856,1,1,2,3,2,200,0,0,36,1,3,3.62
1,33,173,8400,1,1,2,3,0,200,0,0,120,1,6,2.81
1,46,169,9000,1,0,3,3,2,100,0,0,0,2,6,3.15
1,21,177,7500,1,1,2,1,2,300,0,1,0,1,5,2.39
0,26,161,11194,1,1,3,3,2,261,0,0,7,1,4,4.32
0,21,171,13355,1,1,3,3,2,282,0,1,55,1,4,4.57
1,23,165,9400,1,1,2,1,2,300,0,1,60,2,2,3.45
0,21,162,6877,1,1,1,3,2,200,0,0,0,1,5,2.62
0,20,153,4200,0,1,3,1,1,159,0,0,44,1,0,1.79
0,18,170,5000,1,1,3,4,1,200,0,2,60,1,0,1.73
1,18,178,10825,1,1,2,2,2,211,0,1,0,2,2,3.42
1,27,175,11225,1,1,1,3,2,201,0,0,0,1,3,3.67
1,26,170,7500,1,1,3,3,2,200,0,1,0,1,5,2.6
1,21,180,7568,1,1,2,3,2,179,0,1,57,1,5,2.34
1,20,185,8500,1,1,2,3,2,300,0,2,0,1,5,2.48
0,26,164,11155,1,1,3,3,2,281,0,0,9,1,4,4.15
1,22,184,12120,1,1,2,2,2,154,0,1,0,1,3,3.58
0,22,167,7966,1,1,2,1,2,227,0,0,0,2,5,2.86
1,18,177,10800,1,1,2,3,2,300,0,1,60,1,2,3.45
0,20,152,4200,0,1,3,1,1,100,0,0,0,1,0,1.82
1,17,180,8500,0,1,2,3,2,200,0,2,60,2,5,2.62
0,26,161,10701,1,1,3,3,2,261,0,0,22,1,4,4.13
1,18,166,6000,1,1,2,3,2,200,0,1,60,1,1,2.18
1,31,184,12541,1,1,2,3,2,194,0,0,0,1,3,3.7
0,21,165,7600,1,1,2,3,2,200,1,1,60,2,6,2.79
1,19,177,7000,0,1,2,1,2,200,0,1,60,2,1,2.23
0,26,163,11188,1,1,3,3,2,277,0,0,34,1,4,4.21
1,21,182,10543,1,1,2,3,2,298,0,0,0,1,2,3.18
0,40,158,8000,1,1,2,3,2,184,0,0,0,1,2,3.2
0,21,171,13098,1,1,3,3,2,130,0,1,54,1,4,4.48
0,18,170,6839,1,1,2,3,2,113,0,0,97,2,5,2.37
1,27,183,11937,1,1,2,3,2,231,0,0,116,1,3,3.56
0,21,161,6500,1,1,2,3,2,200,0,0,120,1,5,2.51
1,20,176,5498,1,1,2,3,2,200,0,0,120,2,0,1.77
1,21,171,7500,1,1,1,3,1,100,0,1,0,1,5,2.56
0,21,173,7500,1,1,3,3,2,200,0,1,120,2,5,2.51
1,18,178,10800,1,0,2,3,2,200,0,1,120,2,2,3.41
0,18,160,8200,1,1,1,3,2,100,0,0,120,2,2,3.2
1,18,177,6000,0,1,3,3,1,200,0,1,0,0,1,1.92
0,18,160,8200,1,1,2,1,1,200,0,1,0,1,2,3.2
1,23,179,10500,1,0,2,3,2,100,0,0,120,1,2,3.28
1,37,176,11837,1,1,2,3,2,182,0,0,0,1,3,3.82
1,30,178,12080,1,1,2,3,2,271,0,1,40,1,3,3.81
1,22,179,9503,1,1,2,3,2,200,0,0,60,2,2,2.97
1,26,175,12079,1,1,2,3,2,286,0,0,37,1,3,3.94
0,20,173,13098,1,1,3,3,2,129,0,1,50,1,4,4.38
0,20,173,13211,1,1,3,3,2,148,0,1,51,1,4,4.41
1,23,179,10502,1,1,2,3,2,242,0,0,30,1,2,3.28
0,20,157,5000,0,1,2,4,0,100,0,1,0,1,1,2.03
1,37,169,10084,1,1,2,1,2,263,0,1,6,1,2,3.53
1,18,179,10893,1,1,2,1,2,243,0,1,85,2,2,3.4
0,21,165,6300,1,0,3,3,2,300,0,1,0,2,5,2.31
1,31,169,10153,1,1,2,3,2,100,0,0,0,2,6,3.55
1,31,160,10100,1,1,3,1,0,100,0,1,0,1,3,3.95
1,18,184,5999,1,1,3,4,2,200,0,2,60,1,0,1.77
1,18,170,7200,1,1,2,3,1,100,0,0,60,1,1,2.49
1,21,162,6957,1,1,2,3,3,277,0,1,66,1,5,2.65
0,23,156,6500,1,0,2,2,2,154,0,0,59,2,6,2.67
0,26,164,11187,1,1,3,3,2,261,0,0,5,1,4,4.16
0,21,164,8811,1,1,2,1,2,300,0,1,0,2,2,3.28
0,18,164,5300,1,1,2,3,2,200,0,2,120,1,1,1.97
0,26,181,11377,1,1,3,3,2,270,0,0,45,1,4,3.47
1,17,189,6000,0,1,2,4,2,200,0,3,120,1,0,1.68
1,40,174,10990,1,1,2,1,2,100,0,1,0,2,3,3.63
0,18,168,5800,1,1,2,3,2,200,0,0,120,2,1,2.05
0,21,174,13303,1,1,3,3,2,165,0,1,54,1,4,4.39
1,34,168,8300,1,0,2,3,2,300,0,1,0,1,6,2.94
0,21,175,12174,1,1,3,3,2,287,0,1,40,1,4,3.98
0,19,164,7958,1,0,1,3,2,200,0,1,0,2,6,2.96
0,44,160,7600,1,0,3,3,2,200,0,0,0,2,5,2.97
1,21,171,7500,0,1,2,3,2,100,0,1,0,1,5,2.56
0,22,160,8200,1,1,2,1,2,200,0,0,0,2,2,3.2
1,30,181,10377,1,1,2,1,2,131,0,1,58,2,3,3.17
0,19,154,4500,1,1,3,3,2,300,1,3,120,1,0,1.9
0,16,170,5017,0,1,2,3,2,100,0,0,60,1,0,1.74
0,18,164,6886,1,1,1,3,2,200,0,0,93,1,5,2.56
1,23,179,9000,1,1,2,1,2,197,0,1,80,1,6,2.81
0,18,175,14255,1,1,3,3,2,235,0,1,50,1,4,4.65
1,20,175,8583,1,1,2,3,2,200,0,0,20,1,6,2.8
1,24,160,10062,1,1,2,1,2,200,0,0,106,2,3,3.93
0,26,167,11062,1,1,3,3,2,262,0,0,27,1,4,3.97
0,25,160,6000,0,1,2,1,2,100,0,0,60,2,1,2.34
1,23,182,12086,1,1,2,3,2,300,0,0,84,1,3,3.65
1,18,171,7100,0,1,2,3,2,200,0,1,60,1,1,2.43
0,26,173,7424,1,1,2,3,2,200,0,2,60,1,5,2.48
0,26,163,11115,1,1,3,3,2,263,0,0,26,1,4,4.18
1,26,180,6500,1,1,2,3,1,200,0,0,0,2,1,2.01
0,18,162,5800,0,1,3,1,1,100,0,1,60,2,1,2.21
1,31,178,8843,1,1,2,1,2,179,0,1,0,1,5,2.79
1,31,168,12541,1,1,2,3,2,112,0,0,16,1,3,4.44
1,34,168,10374,1,1,2,1,2,100,0,1,0,2,3,3.68
1,21,187,6600,0,1,2,3,0,200,0,3,0,1,1,1.89
0,22,160,8258,1,1,2,1,2,237,0,0,85,2,2,3.23
1,30,178,8500,1,1,2,3,2,183,0,0,114,2,6,2.68
0,26,166,11195,1,1,3,3,2,263,0,0,5,1,4,4.06
1,18,170,5000,0,1,2,3,1,100,0,1,120,1,0,1.73
0,21,175,5015,0,1,3,3,2,200,0,2,8,1,0,1.64
0,26,164,11181,1,1,3,3,2,255,0,0,12,1,4,4.16
1,18,164,11199,1,1,1,3,2,270,0,0,6,1,2,4.16
0,26,164,11194,1,1,3,3,2,270,0,0,15,1,4,4.16
0,23,158,4500,0,0,2,3,1,200,0,1,120,2,0,1.8
0,22,160,6500,0,1,2,3,2,200,0,3,60,0,5,2.54
1,18,185,8500,1,1,1,3,2,300,0,0,60,1,5,2.48
0,23,176,5000,1,1,2,3,2,200,0,2,60,1,0,1.61
0,17,179,5714,1,1,2,4,2,200,0,2,43,2,0,1.78
0,26,162,11191,1,1,3,3,2,255,0,0,14,1,4,4.26
0,17,160,5800,0,0,2,3,2,100,0,1,60,2,1,2.27
1,25,178,10455,1,1,2,1,2,104,0,0,0,2,3,3.3
1,26,170,11000,1,1,3,3,2,200,0,1,0,2,2,3.81
1,22,176,8999,1,1,2,1,2,297,0,1,0,1,6,2.91
0,26,164,11195,1,1,3,3,2,278,0,0,10,1,4,4.16
0,23,166,8000,1,1,2,1,2,151,0,0,0,1,2,2.9
1,26,175,11192,1,1,1,3,2,277,0,0,4,1,3,3.65
0,18,180,14116,1,1,3,3,2,289,0,1,37,1,4,4.36
0,19,167,4998,0,1,2,3,2,187,0,2,60,1,0,1.79
0,23,157,5500,0,1,2,3,2,200,0,1,60,1,1,2.23
1,17,170,9986,1,1,2,3,2,200,0,0,60,2,2,3.46
1,30,175,11874,1,1,2,3,2,204,0,1,43,1,3,3.88
1,29,177,11287,1,1,1,3,2,211,0,0,10,1,3,3.6
1,24,191,11738,1,1,1,2,2,200,0,1,37,1,3,3.22
1,18,179,10831,1,1,2,1,2,270,0,1,8,2,2,3.38
0,21,153,6503,0,1,2,3,2,197,0,0,3,1,5,2.78
1,18,172,5300,0,1,2,3,2,200,0,1,60,1,0,1.79
0,25,165,11080,1,1,3,3,2,244,0,0,40,1,4,4.07
0,20,158,4166,0,1,2,1,2,100,0,0,0,1,0,1.67
0,26,162,11067,1,1,3,3,2,255,0,0,30,1,4,4.22
1,30,176,11222,1,1,1,3,2,202,0,0,15,1,3,3.62
0,26,165,11195,1,1,3,3,2,262,0,0,5,1,4,4.11
0,20,165,8042,1,1,2,3,2,200,0,0,73,2,6,2.95
1,23,165,9000,1,1,2,3,2,300,0,0,79,0,2,3.31
0,19,152,4200,0,1,3,1,2,100,0,0,0,1,0,1.82
0,22,161,8200,1,1,2,2,2,200,0,0,82,2,2,3.16
0,26,164,11187,1,1,3,3,2,261,0,0,5,1,4,4.16
0,22,163,6400,1,1,3,3,1,200,0,2,60,1,1,2.41
0,26,163,11188,1,1,3,3,2,262,0,0,7,1,4,4.21
1,21,170,7500,1,1,2,3,1,200,0,0,120,2,1,2.6
1,19,179,10879,1,1,2,3,2,248,0,1,60,2,2,3.4
1,26,185,11853,1,0,2,3,2,200,0,1,0,1,3,3.46
0,38,158,7747,1,1,2,1,2,198,0,0,69,2,6,3.1
1,18,170,7200,1,1,2,3,2,100,0,1,60,0,6,2.49
0,33,160,5500,0,1,3,4,0,200,0,2,0,1,1,2.15
0,37,156,8000,1,1,2,3,2,100,0,3,0,1,2,3.29
0,21,173,16505,1,1,3,3,2,239,0,1,50,1,4,5.51
1,32,175,12086,1,1,2,3,2,282,0,1,0,1,3,3.95
1,22,176,8999,1,1,2,2,2,200,0,0,103,1,6,2.91
1,22,165,8966,1,1,1,3,2,107,0,0,60,1,2,3.29
0,19,152,6161,0,1,2,2,2,192,0,0,57,1,5,2.67
0,18,165,8449,1,1,2,3,2,105,0,1,0,2,2,3.1
0,25,175,10503,1,1,3,3,2,274,0,0,25,1,4,3.43
1,26,193,11820,1,1,2,3,2,217,0,0,0,1,3,3.17
1,25,184,12233,1,1,3,3,2,215,0,0,0,1,3,3.61
0,21,173,13290,1,1,3,3,2,141,0,1,44,1,4,4.44
0,32,155,7700,1,1,2,1,2,100,0,0,0,1,2,3.2
0,23,163,5600,1,1,3,3,2,200,1,1,0,2,1,2.11
1,25,182,12099,1,1,2,3,2,300,0,1,40,1,3,3.65
1,19,189,7900,0,1,2,3,2,300,0,3,60,2,1,2.21
0,26,164,11185,1,1,3,3,2,231,0,0,9,1,4,4.16
0,26,165,11080,1,1,3,3,2,270,0,0,16,1,4,4.07
0,38,155,7941,1,1,2,3,2,144,0,0,0,1,2,3.31
0,23,165,6000,1,0,2,3,2,200,0,0,0,1,1,2.2
1,26,177,11228,1,1,2,3,2,200,0,1,4,1,3,3.58
0,18,160,5000,0,1,3,3,2,100,0,1,60,1,1,1.95
0,17,160,6500,1,1,2,3,2,284,1,1,80,1,5,2.54
1,17,182,5961,1,1,2,3,2,200,0,2,23,2,0,1.8
0,26,162,10997,1,1,3,3,2,252,0,0,23,1,4,4.19
0,31,165,8802,1,1,2,1,2,300,0,1,60,2,2,3.23
1,33,180,8300,1,1,2,1,2,300,0,1,0,0,6,2.56
0,26,162,11071,1,1,3,3,2,265,0,0,23,1,4,4.22
0,21,175,7800,1,1,2,1,2,200,0,1,0,1,5,2.55
1,21,170,7500,1,1,2,3,2,264,0,0,113,1,5,2.6
0,21,174,13367,1,1,3,3,2,283,0,1,37,1,4,4.42
1,33,185,9700,0,1,2,3,2,200,0,2,0,1,6,2.83
1,21,179,6800,1,1,2,4,1,200,0,0,60,2,1,2.12
1,21,167,9425,1,1,2,2,2,200,0,0,78,2,2,3.38
0,26,162,10794,1,1,3,3,2,270,0,0,24,1,4,4.11
0,26,163,11188,1,1,3,3,2,261,0,0,23,1,4,4.21
0,18,160,7300,1,1,3,3,2,200,1,1,0,1,5,2.85
0,18,154,5200,0,1,1,3,2,200,0,0,60,2,1,2.19
0,23,166,6200,0,1,3,3,2,200,0,1,0,1,1,2.25
1,21,175,8000,1,1,2,1,1,200,0,2,60,2,5,2.61
0,16,175,5582,0,1,2,3,2,200,0,1,22,1,0,1.82
0,26,163,11188,1,1,3,3,2,289,0,0,13,1,4,4.21
1,18,172,5300,1,1,2,3,2,100,0,1,60,2,0,1.79
0,23,173,13396,1,1,3,3,2,282,0,1,55,1,4,4.48
1,30,168,9000,1,1,2,3,2,277,0,1,0,1,2,3.19
0,23,175,5700,0,1,3,3,0,200,0,2,60,1,1,1.86
0,19,159,5100,0,0,2,3,0,200,0,2,60,1,1,2.02
0,26,163,10998,1,1,3,3,2,279,0,0,55,1,4,4.14
1,32,170,10301,1,1,2,2,2,100,0,1,0,2,3,3.56
1,30,177,12079,1,1,2,3,2,215,0,0,26,1,3,3.86
1,31,185,11919,1,1,2,2,2,229,0,0,0,1,3,3.48
1,40,173,11192,1,1,2,1,2,200,0,1,0,1,3,3.74
1,22,184,12120,1,1,3,2,2,173,0,0,32,1,3,3.58
1,30,172,12826,1,1,2,3,2,154,0,1,4,1,3,4.34
1,22,167,9000,1,1,2,3,2,300,0,3,60,1,2,3.23
0,20,160,4500,0,0,3,3,1,100,1,1,0,1,0,1.76
0,27,156,7803,1,1,2,1,2,179,0,0,0,2,2,3.21
0,37,155,8000,1,1,2,3,2,113,0,1,0,1,2,3.33
1,18,178,10800,1,1,2,1,2,300,0,1,0,1,2,3.41
1,20,179,10513,1,1,2,3,2,229,0,0,24,1,2,3.28
1,39,175,8600,0,1,3,3,2,300,0,3,0,1,6,2.81
1,21,175,7500,1,0,2,3,2,300,0,2,60,1,1,2.45
0,21,172,13484,1,1,3,3,2,141,0,1,54,1,4,4.56
1,21,175,7500,1,1,3,3,2,200,0,1,60,1,1,2.45
1,18,180,8500,1,1,3,4,2,200,0,0,0,2,5,2.62
0,42,158,8812,1,1,2,1,2,187,0,0,0,1,2,3.53
0,20,156,4132,0,1,2,3,1,100,0,0,60,2,0,1.7
1,31,181,12008,1,1,2,3,2,231,0,0,21,1,3,3.67
1,22,186,12188,1,1,2,2,2,135,0,1,0,1,3,3.52
1,22,177,11666,1,1,2,3,2,200,0,1,60,1,3,3.72
1,21,193,9400,1,1,2,3,2,200,0,0,120,2,2,2.52
0,21,175,13779,1,1,3,3,2,249,0,1,51,1,4,4.5
0,18,160,4466,0,1,3,2,1,100,1,0,0,1,0,1.74
0,26,171,10687,1,1,3,3,2,268,0,0,31,1,4,3.65
1,24,174,9785,1,1,2,3,2,300,0,1,0,2,2,3.23
0,21,171,13366,1,1,3,3,2,284,0,1,56,1,4,4.57
0,37,155,6233,1,1,2,2,2,162,0,0,9,1,5,2.59
0,25,173,10498,1,1,3,3,2,171,0,0,55,1,4,3.51
0,21,174,13294,1,1,3,3,2,165,0,1,55,1,4,4.39
1,17,161,5000,0,1,2,3,2,200,0,0,120,2,0,1.93
1,26,182,11837,1,1,2,3,2,250,0,1,0,1,3,3.57
1,23,175,9500,1,1,2,3,2,300,0,3,120,2,2,3.1
0,21,155,6289,0,1,2,1,2,197,0,1,21,1,5,2.62
1,19,170,6000,0,1,3,3,2,200,0,2,60,1,1,2.08
0,22,160,8200,1,1,1,1,2,100,0,0,120,2,2,3.2
1,31,185,9998,1,1,2,3,2,100,0,0,115,1,6,2.92
0,25,163,10483,1,1,3,3,2,141,0,0,37,1,4,3.95
0,20,180,15141,1,1,3,3,2,222,0,1,55,1,4,4.67
0,19,156,6000,0,1,3,3,1,300,0,1,0,2,1,2.47
1,29,175,11228,1,1,1,3,2,200,0,0,60,1,2,3.67
1,21,175,9500,1,1,2,3,2,300,0,3,120,2,2,3.1
1,34,173,8413,1,1,2,3,2,280,0,1,0,2,6,2.81
0,20,153,4195,0,1,2,1,1,132,0,0,0,1,0,1.79
1,21,162,7000,0,0,2,1,3,300,0,2,0,1,5,2.67
1,23,165,8000,1,0,2,1,2,200,0,1,0,2,6,2.94
1,24,175,11390,1,1,1,3,2,202,0,1,0,1,3,3.72
0,38,156,8000,1,1,2,3,0,100,0,0,0,1,2,3.29
1,30,175,11283,1,1,1,3,2,200,0,1,19,1,3,3.68
0,18,171,5024,1,1,2,3,1,100,0,0,71,1,0,1.72
0,18,165,8400,1,1,3,3,2,200,0,1,0,2,2,3.09
0,23,162,8291,1,1,2,2,2,187,0,0,0,2,2,3.16
0,19,150,6100,0,1,2,3,2,100,0,2,0,1,1,2.71
0,26,164,11193,1,1,3,3,2,267,0,0,5,1,4,4.16
1,18,162,7200,1,0,3,3,2,200,0,1,60,1,6,2.74
1,22,178,10500,1,1,2,3,2,223,0,1,0,1,2,3.31
1,21,178,7808,1,1,2,1,2,200,0,2,0,1,5,2.46
0,37,159,8000,1,1,2,1,2,242,0,2,0,1,2,3.16
1,18,176,7000,1,1,2,3,1,200,0,2,60,1,1,2.26
1,24,170,10024,1,1,2,1,2,100,0,1,60,2,3,3.47
1,17,156,4500,0,1,2,3,1,200,1,2,0,2,1,1.85
0,26,167,10492,1,1,3,3,2,256,0,1,32,1,4,3.76
0,23,160,6000,1,1,3,3,2,200,0,2,0,1,1,2.34
1,30,181,12317,1,1,3,3,2,214,0,1,57,1,3,3.76
1,26,182,11842,1,1,1,3,2,292,0,0,28,1,3,3.58
1,17,173,9735,1,1,2,3,2,200,0,0,37,2,2,3.25
1,20,187,12168,1,1,2,3,2,300,0,1,0,1,3,3.48
1,25,173,10495,1,1,2,3,2,148,0,0,32,1,2,3.51
1,19,175,8631,1,1,2,2,2,245,0,1,32,1,5,2.82
0,35,165,8053,1,1,2,3,2,100,0,0,60,1,6,2.96
0,38,158,8000,1,1,2,1,2,154,0,1,0,2,2,3.2
0,38,155,6200,1,1,3,1,2,100,0,0,0,1,5,2.58
0,19,158,6126,0,1,2,1,2,100,0,0,0,1,5,2.45
1,21,162,7000,0,0,2,3,2,200,0,1,0,1,5,2.67
0,26,164,11188,1,1,3,3,2,262,0,0,15,1,4,4.16
1,17,179,9500,1,1,2,3,2,300,0,3,120,2,2,2.96
0,20,164,5600,0,1,3,1,2,200,1,1,60,1,1,2.08
0,18,158,5300,0,1,3,4,1,100,1,2,60,1,5,2.12
1,27,170,8300,1,0,2,3,2,300,0,1,0,1,6,2.87
0,22,163,8259,1,1,1,1,2,261,0,0,99,1,2,3.11
0,26,164,11183,1,1,3,3,2,270,0,0,9,1,4,4.16
1,26,179,10334,1,1,2,2,2,100,0,0,10,2,2,3.23
1,22,165,7500,1,0,2,3,2,200,0,1,0,1,5,2.75
1,25,182,10213,1,1,2,4,1,200,0,2,60,1,3,3.08
0,38,175,8000,1,0,3,3,1,200,0,3,0,2,6,2.61
0,20,163,5100,0,1,3,1,1,100,0,0,60,2,1,1.92
0,18,163,7896,1,1,2,2,2,102,0,0,93,2,5,2.97
1,33,170,8200,1,1,2,1,2,185,0,1,0,1,6,2.84
1,25,185,12097,1,1,2,3,2,200,0,1,40,1,3,3.53
0,21,165,6600,1,1,3,3,2,200,0,0,120,1,1,2.42
0,18,175,13384,1,1,3,3,2,283,0,1,43,1,4,4.37
1,29,178,10824,1,1,2,1,2,213,0,1,108,1,2,3.42
1,18,177,7200,0,0,3,3,1,100,0,3,0,1,1,2.3
0,37,150,8000,1,1,2,1,2,100,0,1,0,1,2,3.56
1,37,182,11818,1,1,2,3,2,195,0,0,0,1,3,3.57
1,18,179,6400,1,1,2,3,1,200,0,1,120,1,1,2.0
0,34,168,7796,1,1,2,1,2,196,0,0,0,1,5,2.76
0,22,160,5800,1,0,2,4,0,200,0,3,0,2,1,2.27
0,18,172,5024,0,1,2,3,2,100,0,0,60,1,0,1.7
0,18,174,13380,1,1,3,3,2,286,0,1,37,1,4,4.42
0,38,156,6221,1,0,2,3,2,162,0,0,34,2,6,2.56
0,19,181,15239,1,1,3,3,2,235,0,1,56,1,4,4.65
1,33,185,8400,1,0,2,3,2,200,0,2,60,2,6,2.45
1,25,186,12000,1,1,2,2,2,156,0,1,32,1,3,3.47
0,26,164,11194,1,1,3,3,2,263,0,0,9,1,4,4.16
0,17,166,4903,0,1,2,3,2,200,0,0,120,1,0,1.78
0,23,166,5600,1,1,3,3,2,300,0,2,120,1,1,2.03
1,21,171,7500,1,1,2,3,1,200,0,1,60,0,5,2.56
1,25,187,12188,1,1,2,3,2,286,0,1,0,1,3,3.49
0,27,158,5350,1,1,2,1,2,100,0,0,0,2,1,2.14
1,18,191,5114,1,1,1,3,2,191,0,1,60,2,0,1.4
0,26,163,11199,1,1,3,3,2,289,0,0,12,1,4,4.22
0,20,156,4193,0,1,2,1,1,137,0,0,45,1,0,1.72
0,19,170,7000,0,1,2,3,2,300,1,1,60,1,5,2.42
1,23,174,9400,1,0,2,3,2,300,0,3,0,2,2,3.1
1,18,178,5300,1,1,2,3,1,200,0,1,60,1,1,1.67
0,26,163,11192,1,1,3,3,2,273,0,0,4,1,4,4.21
0,21,162,7500,1,1,3,3,2,100,0,1,0,1,5,2.86
1,22,176,12152,1,1,1,2,2,292,0,1,0,1,3,3.92
0,25,173,10496,1,1,3,3,2,155,0,0,32,1,4,3.51
1,27,181,12087,1,1,2,3,2,239,0,0,30,1,3,3.69
0,18,163,8200,1,1,2,1,2,296,0,1,0,2,2,3.09
0,25,162,10483,1,1,3,3,2,131,0,0,55,1,4,3.99
0,21,163,6881,1,1,2,3,2,120,0,0,67,1,5,2.59
1,19,182,6000,0,0,2,3,2,100,0,0,0,1,1,1.81
0,20,160,7200,1,1,3,3,2,200,0,1,60,1,1,2.81
0,19,152,4200,1,1,3,1,2,179,0,1,0,1,0,1.82
1,17,170,5100,0,1,1,3,0,200,0,0,60,1,0,1.76
0,23,165,8300,1,1,2,3,2,200,0,3,0,2,2,3.05
1,17,178,6900,0,1,2,3,2,300,0,2,120,2,1,2.18
0,19,176,4964,0,1,2,3,2,169,0,2,60,1,0,1.6
0,23,182,5940,1,1,2,3,2,200,0,2,82,2,0,1.79
1,17,182,6700,1,0,3,3,2,300,1,3,60,1,5,2.02
1,18,179,10824,1,1,2,2,2,108,0,0,115,2,2,3.38
0,19,156,5000,0,1,2,3,2,200,0,2,0,1,1,2.05
1,22,170,9503,1,1,2,2,2,300,0,1,120,1,6,3.29
1,23,166,12142,1,1,3,2,2,132,0,1,0,1,3,4.41
0,26,162,10701,1,1,3,3,2,231,0,0,27,1,4,4.08
1,23,175,10540,1,1,2,3,2,200,0,0,81,2,2,3.44
1,33,172,8300,1,0,2,3,2,100,0,2,0,1,6,2.81
1,25,177,11502,1,1,1,3,2,207,0,0,60,1,3,3.67
1,25,175,7800,0,0,2,1,1,200,0,2,60,2,6,2.55
1,24,182,10020,1,1,2,1,2,273,0,1,54,2,3,3.02
0,26,160,11080,1,1,3,3,2,270,0,2,16,1,4,4.33
0,23,172,8093,1,1,2,3,2,100,0,0,92,2,6,2.74
0,21,172,7600,1,1,3,3,1,300,0,3,0,1,5,2.57
0,35,175,7700,1,1,3,1,2,300,0,1,0,1,5,2.51
0,18,168,12674,1,1,3,3,2,111,0,1,60,1,4,4.49
1,25,175,8863,1,1,1,1,2,200,0,0,22,1,6,2.89
0,21,174,13395,1,1,3,3,2,272,0,1,54,1,4,4.42
0,26,163,11092,1,1,3,3,2,207,0,0,53,1,4,4.17
1,21,175,7900,1,1,2,3,0,200,0,3,120,1,5,2.58
1,23,176,9000,1,0,2,3,2,300,1,1,0,1,6,2.91
1,35,178,10995,1,1,2,2,2,163,0,0,60,1,2,3.47
0,20,172,13187,1,1,3,3,2,142,0,1,50,1,4,4.46
0,16,167,4500,0,1,3,3,2,243,1,0,81,1,0,1.61
0,25,163,11021,1,1,3,3,2,220,0,0,54,1,4,4.15
1,18,179,10825,1,1,2,1,2,260,0,1,0,2,2,3.38
0,26,164,11181,1,1,3,3,2,255,0,0,30,1,4,4.16
0,19,174,13385,1,1,3,3,2,286,0,1,33,1,4,4.42
1,18,184,5300,1,1,3,4,2,200,0,2,60,2,0,1.57
0,25,163,10209,1,1,3,3,2,100,0,0,60,1,4,3.84
1,34,178,7620,1,1,2,2,2,169,0,0,54,0,3,2.4
0,34,165,7796,1,1,3,3,2,100,0,0,0,1,6,2.86
1,23,169,7500,1,1,2,3,2,200,0,0,84,1,5,2.63
0,26,163,11193,1,1,3,3,2,261,0,0,9,1,4,4.21
1,17,170,5000,1,1,2,3,1,200,0,1,60,2,0,1.73
1,21,172,7500,1,1,2,3,1,200,0,2,60,1,5,2.54
0,21,169,7800,1,1,2,1,2,200,0,0,0,1,2,2.73
0,25,162,10238,1,1,3,3,2,103,0,0,32,1,4,3.9
1,24,179,9000,1,1,2,1,2,200,0,1,0,1,2,2.81
1,23,191,12142,1,1,2,2,2,201,0,1,0,1,3,3.33
0,26,160,7800,1,1,2,1,0,200,0,0,0,0,2,3.05
1,18,178,5200,0,1,2,3,1,200,0,1,120,1,0,1.64
1,26,174,6800,0,0,3,3,2,100,0,0,60,0,6,2.25
1,21,167,8986,1,1,2,2,2,200,0,0,60,2,2,3.22
0,26,162,11193,1,1,3,3,2,274,0,0,13,1,4,4.26
0,18,170,5000,1,1,3,3,1,106,0,2,60,2,0,1.73
1,25,176,11232,1,1,1,3,2,200,0,1,0,1,3,3.63
1,27,170,7800,1,1,3,1,1,200,0,0,0,0,6,2.7
1,39,176,11240,1,1,2,2,2,195,0,0,0,1,3,3.63
1,19,183,8649,1,1,2,3,2,238,0,1,11,1,5,2.58
1,21,162,7000,1,1,2,3,2,300,0,1,0,2,5,2.67
0,18,160,5000,0,1,3,3,1,100,0,0,120,1,0,1.95
1,21,189,7500,1,1,2,3,2,200,0,1,0,1,5,2.1
0,26,163,11194,1,1,3,3,2,255,0,0,32,1,4,4.21
0,18,178,14993,1,1,3,3,2,286,0,1,39,1,4,4.73
0,27,175,7805,1,1,2,2,2,200,0,0,44,0,6,2.55
0,26,164,11091,1,1,3,3,2,266,0,0,16,1,4,4.12
0,22,172,5570,1,1,2,3,1,200,0,0,60,1,0,1.88
1,25,163,6400,1,1,2,3,2,200,0,2,0,1,1,2.41
1,23,184,12125,1,1,3,3,2,210,0,1,0,1,3,3.58
0,37,170,8000,1,1,2,3,2,169,0,0,113,2,6,2.77
0,25,162,10503,1,1,3,3,2,191,0,0,31,1,4,4.0
0,36,155,6200,1,1,3,3,2,100,0,0,0,1,5,2.58
1,16,169,5000,0,1,2,3,2,200,0,2,60,1,1,1.75
0,18,170,5500,1,1,3,3,2,200,0,0,60,1,1,1.9
0,25,156,10238,1,1,3,3,2,106,0,0,60,1,4,4.21
1,22,184,12127,1,1,2,2,2,183,0,1,0,1,3,3.58
0,20,174,13336,1,1,3,3,2,285,0,1,51,1,4,4.4
1,21,174,9400,1,1,2,3,2,300,0,3,0,2,2,3.1
0,18,161,8000,1,1,2,3,2,196,0,0,65,2,2,3.09
0,25,163,10223,1,1,3,3,2,111,0,0,26,1,4,3.85
0,26,164,11193,1,1,3,3,2,272,0,0,4,1,4,4.16
0,36,165,8000,1,1,2,3,2,200,0,0,60,1,5,2.94
1,18,170,5000,1,1,2,3,2,200,0,2,60,2,0,1.73
0,22,160,6500,1,1,2,3,1,200,0,1,0,1,5,2.54
0,24,168,11320,1,1,3,3,2,265,0,0,37,1,4,4.01
1,23,172,9741,1,1,2,1,2,200,0,0,95,2,2,3.29
1,18,170,8000,0,1,2,3,1,200,0,0,120,1,5,2.77
0,26,162,11188,1,1,3,3,2,260,0,0,10,1,4,4.26
1,20,185,8500,1,1,3,3,2,200,0,2,60,0,6,2.48
1,22,180,10503,1,1,3,3,2,270,0,1,33,1,2,3.24
1,18,174,5200,1,1,2,3,2,200,0,2,60,1,0,1.72
0,18,155,8000,1,1,2,3,2,100,0,1,60,2,2,3.33
0,18,174,13380,1,1,3,3,2,283,0,1,45,1,4,4.42
1,17,181,6332,1,1,2,3,2,173,0,2,100,2,0,1.93
0,18,166,5600,0,1,2,3,2,100,0,1,60,1,1,2.03
0,16,180,8525,1,1,2,3,2,200,0,2,80,2,2,2.63
1,19,171,7969,1,0,2,2,2,251,0,1,60,2,6,2.73
1,19,182,8530,1,1,2,3,2,200,0,0,13,1,5,2.58
1,21,175,8513,1,1,2,3,2,215,0,0,47,1,5,2.78
1,33,173,8398,1,1,2,2,2,277,0,2,0,2,6,2.81
1,23,174,10500,1,1,2,3,2,300,0,0,120,1,2,3.47
1,17,170,8300,1,1,2,3,2,100,0,1,60,2,6,2.87
0,25,160,5700,0,1,3,3,1,200,0,0,60,0,1,2.23
0,18,166,12679,1,1,3,3,2,238,0,0,55,1,4,4.6
1,18,175,5200,1,1,3,3,2,200,0,0,60,1,0,1.7
0,25,159,10281,1,1,3,3,2,104,0,0,32,1,4,4.07
1,18,191,7200,1,1,2,3,2,300,0,3,120,1,5,1.97
1,19,175,5600,0,1,3,3,2,300,0,2,60,1,1,1.83
1,21,182,8000,1,1,3,1,2,200,0,1,0,2,1,2.42
1,28,170,9857,1,1,2,3,2,207,0,1,60,0,2,3.41
1,34,181,7969,1,1,2,1,2,286,0,0,84,2,5,2.43
0,24,160,8000,1,1,1,1,2,200,0,1,0,2,2,3.12
1,20,165,8000,1,1,2,3,2,100,0,0,93,2,6,2.94
1,27,182,10748,1,1,2,2,2,280,0,1,104,1,2,3.24
1,21,167,8040,1,1,2,3,2,200,0,0,48,2,5,2.88
1,25,176,11097,1,1,2,1,2,167,0,1,0,2,3,3.58
1,31,185,10358,1,1,2,2,2,100,0,1,0,1,3,3.03
1,25,183,12125,1,1,2,2,2,241,0,1,0,1,3,3.62
1,16,170,5000,0,1,2,3,2,200,0,2,60,2,0,1.73
1,22,182,12173,1,1,2,2,2,184,0,0,0,1,3,3.67
0,21,152,4200,0,1,3,2,1,165,0,0,0,1,0,1.82
1,31,168,9000,1,1,2,3,2,177,0,0,60,1,6,3.19
0,18,167,5000,0,1,3,3,1,100,1,1,60,2,0,1.79
1,23,170,6500,1,0,2,3,1,100,0,1,0,1,1,2.25
1,23,170,7500,1,1,3,3,2,200,0,1,0,0,5,2.6
1,18,173,5173,1,1,2,3,2,107,0,0,60,1,0,1.73
0,25,168,10479,1,1,3,3,2,155,0,0,37,1,4,3.71
0,18,158,5000,0,1,2,3,1,200,0,2,60,1,0,2.0
0,26,163,11193,1,1,3,3,2,260,0,0,16,1,4,4.21
0,26,163,11188,1,1,3,3,2,261,0,0,10,1,4,4.21
1,23,175,9500,1,0,2,3,1,200,0,3,120,2,2,3.1
1,22,165,9500,1,1,2,1,2,300,0,0,108,2,2,3.49
1,30,182,7100,1,0,3,3,2,200,0,2,0,1,1,2.14
0,25,164,10477,1,1,3,3,2,281,0,0,35,1,4,3.9
0,21,159,5700,1,1,2,4,2,200,0,2,0,1,1,2.25
0,23,169,7620,1,1,2,2,2,200,0,0,106,1,5,2.67
1,25,183,12099,1,1,2,3,2,300,0,1,23,1,3,3.61
1,22,167,8999,1,1,1,1,2,191,0,0,115,1,2,3.23
0,19,156,4200,0,1,2,3,1,142,0,2,27,1,0,1.73
0,19,155,5300,1,1,2,3,2,200,0,3,120,2,1,2.21
0,23,167,8000,1,1,2,2,2,196,0,0,85,2,6,2.87
1,21,162,7000,0,1,2,3,3,200,0,2,60,1,5,2.67
1,22,170,8200,1,1,2,1,2,200,0,0,120,1,2,2.84
1,24,177,12060,1,1,2,3,2,273,0,1,16,1,3,3.85
1,25,176,11390,1,1,2,3,2,200,0,1,0,1,3,3.68
0,18,160,5500,1,1,1,3,1,200,0,1,60,1,1,2.15
1,27,177,12060,1,1,2,3,2,279,0,0,38,1,3,3.85
1,24,166,9986,1,1,2,1,2,286,0,1,0,2,3,3.62
1,23,162,8000,1,1,2,1,2,100,0,1,60,1,2,3.05
0,37,164,7612,1,1,2,3,2,150,0,0,0,1,5,2.83
1,22,173,9415,1,1,2,2,2,200,0,0,76,2,2,3.15
0,21,175,5365,1,1,2,3,1,200,0,0,39,2,0,1.75
1,26,182,12061,1,1,2,3,2,298,0,1,0,1,3,3.64
1,25,176,11222,1,1,1,3,2,200,0,1,0,1,3,3.62
1,26,169,11512,1,1,2,3,2,300,0,0,69,1,3,4.03
0,16,161,6747,1,1,1,3,2,100,0,0,116,1,5,2.6
0,19,152,4200,0,1,2,3,1,185,0,0,32,1,0,1.82
1,22,166,6000,1,0,2,3,2,200,0,0,0,2,1,2.18
1,24,170,8000,1,1,2,3,2,200,0,1,60,0,6,2.77
0,40,158,8191,1,1,2,3,2,200,0,1,0,1,2,3.28
1,25,179,11400,1,1,1,3,2,210,0,1,85,1,3,3.56
1,20,172,7000,0,1,2,3,2,200,0,2,60,1,1,2.37
1,21,170,7500,1,1,1,3,2,200,0,1,0,1,5,2.6
0,21,156,5300,0,1,2,3,2,200,0,0,0,1,1,2.18
0,22,160,6100,0,1,3,3,2,200,0,1,120,1,1,2.38
1,20,161,10493,1,1,2,3,2,200,0,0,114,2,2,4.05
0,21,174,13304,1,1,3,3,2,285,0,1,45,1,4,4.39
0,19,153,4200,0,1,3,1,1,100,0,1,0,1,0,1.79
1,20,172,5300,1,1,2,3,1,200,0,1,120,1,0,1.79
0,26,164,11195,1,1,3,3,2,279,0,0,26,1,4,4.16
0,18,171,7100,0,1,2,3,2,200,0,1,60,1,1,2.43
0,26,163,11184,1,1,3,3,2,267,0,0,8,1,4,4.21
1,17,170,8500,1,1,2,3,2,200,0,2,60,1,6,2.94
0,25,160,10495,1,1,3,3,2,123,0,0,36,1,4,4.1
1,21,165,7000,1,1,2,1,2,300,0,1,60,1,5,2.57
1,22,187,12127,1,1,2,2,2,134,0,1,0,1,3,3.47
0,25,167,10990,1,1,3,3,2,149,0,0,26,1,4,3.94
0,18,160,5100,0,1,3,3,1,100,1,2,60,1,1,1.99
0,26,161,11188,1,1,3,3,2,262,0,0,24,1,4,4.32
1,18,177,8577,1,1,2,3,2,264,0,1,45,1,5,2.74
1,30,178,11228,1,1,1,3,2,211,0,0,28,1,3,3.54
0,20,173,13104,1,1,3,3,2,183,0,1,55,1,4,4.38
1,19,185,6000,0,1,3,4,0,200,0,2,60,2,0,1.75
0,19,182,14255,1,1,3,3,2,256,0,1,44,1,4,4.3
1,34,178,8400,1,0,3,3,2,300,0,0,0,2,6,2.65
0,21,168,7800,1,0,2,3,2,300,0,1,0,1,5,2.76
1,29,176,9844,1,1,2,3,2,181,0,1,0,1,2,3.18
1,23,179,10513,1,1,2,3,2,203,0,2,24,1,2,3.28
1,18,172,7000,1,1,1,3,2,200,0,0,60,1,5,2.37
0,22,160,8556,1,1,2,3,2,297,0,0,60,2,2,3.34
1,23,187,12145,1,1,2,2,2,174,0,0,0,1,3,3.47
1,30,176,12015,1,1,2,3,2,209,0,0,104,1,3,3.88
0,25,164,10494,1,1,3,3,2,265,0,0,34,1,4,3.9
0,40,156,8000,1,1,2,3,2,200,0,0,0,1,2,3.29
0,25,162,10542,1,1,3,3,2,248,0,0,39,1,4,4.02
1,21,170,8232,1,1,1,3,2,267,0,0,101,1,6,2.85
1,34,175,11854,1,1,2,2,2,298,0,0,0,1,3,3.87
1,23,180,6300,0,1,3,3,2,200,0,1,60,1,1,1.94
1,18,169,8031,1,1,2,2,2,282,0,2,26,2,5,2.81
0,22,175,7969,1,1,2,2,2,265,0,0,113,1,5,2.6
0,17,170,5000,0,1,2,4,2,265,0,2,60,2,0,1.73
0,25,161,10498,1,1,3,3,2,103,0,0,43,1,4,4.05
1,22,187,12131,1,1,2,2,2,100,0,1,8,1,3,3.47
0,19,156,5800,0,1,3,3,0,100,0,2,0,2,1,2.38
1,18,165,6000,0,1,2,3,1,100,0,1,60,1,1,2.2
1,33,183,11765,1,1,2,2,2,200,0,0,0,1,3,3.51
0,37,150,7608,1,1,1,3,2,200,0,0,0,1,2,3.38
0,16,170,6500,0,1,1,3,2,200,0,2,0,2,5,2.25
0,21,173,13211,1,1,3,3,2,286,0,1,53,1,4,4.41
0,21,166,5600,1,1,2,3,2,100,0,1,0,1,1,2.03
0,18,170,5300,0,1,3,3,1,200,1,3,60,2,1,1.83
0,23,177,11908,1,1,3,3,2,208,0,0,43,1,4,3.8
1,30,165,10208,1,1,2,1,2,112,0,0,60,2,3,3.75
1,27,175,12000,1,0,2,3,2,300,0,1,0,1,3,3.92
1,27,181,12080,1,1,2,3,2,229,0,0,115,1,3,3.69
1,19,177,5498,1,1,2,3,2,245,0,2,111,2,0,1.75
1,26,176,12097,1,1,2,3,2,286,0,1,0,1,3,3.91
1,19,182,7200,1,1,2,3,2,200,0,1,60,1,1,2.17
0,26,164,11191,1,1,3,3,2,261,0,0,46,1,4,4.16
0,34,167,7703,1,1,2,1,2,167,0,0,41,2,6,2.76
0,22,160,8200,1,1,2,1,2,200,0,0,6,1,2,3.2
0,50,170,8000,1,1,3,3,2,200,0,1,0,1,6,2.77
0,23,160,9300,1,1,2,3,2,300,0,1,0,2,2,3.63
0,23,160,8434,1,1,2,3,2,213,0,0,10,2,2,3.29
1,26,183,11833,1,1,2,3,2,200,0,1,0,1,3,3.53
1,20,171,9619,1,1,2,3,2,200,0,0,83,2,2,3.29
1,22,160,9960,1,1,3,1,2,160,0,0,97,2,3,3.89
0,16,160,6500,0,1,2,3,2,200,0,1,60,1,5,2.54
1,31,181,10154,1,1,2,1,2,297,0,2,16,1,2,3.1
0,21,160,6640,1,1,2,3,2,200,0,0,36,1,5,2.59
0,18,160,5100,1,1,3,3,1,100,0,1,60,1,1,1.99
1,24,185,8600,1,1,2,3,0,300,0,3,0,2,6,2.51
1,20,169,10317,1,1,2,1,2,100,0,0,68,2,3,3.61
0,20,168,15247,1,1,3,3,2,230,0,0,55,1,4,5.4
0,25,161,10217,1,1,3,3,2,103,0,0,55,1,4,3.94
1,26,181,12079,1,1,2,3,2,261,0,0,0,1,3,3.69
0,17,157,3985,0,1,2,3,2,200,0,2,85,1,0,1.62
0,22,170,7443,1,0,2,3,2,200,0,2,60,1,6,2.58
1,22,177,11614,1,1,2,3,2,200,0,1,1,1,3,3.71
0,16,160,6500,0,1,2,1,2,200,1,0,60,1,5,2.54
1,19,170,8500,1,1,2,3,1,300,0,1,60,1,5,2.94
0,21,172,5113,1,1,2,3,1,187,0,1,0,1,0,1.73
0,23,174,8400,1,1,3,3,2,200,0,0,60,2,2,2.77
1,18,184,9758,1,1,2,3,2,225,0,1,18,2,2,2.88
1,32,153,4200,0,1,3,1,1,100,0,0,0,2,0,1.79
1,24,168,9966,1,1,2,2,2,201,0,1,0,2,3,3.53
1,18,182,5200,1,1,2,3,2,200,0,1,60,2,0,1.57
0,25,166,10479,1,1,3,3,2,113,0,0,41,1,4,3.8
1,21,170,7500,1,1,3,3,2,200,0,2,60,1,5,2.6
1,33,173,11793,1,1,2,2,2,100,0,1,0,1,3,3.94
0,19,174,13367,1,1,3,3,2,283,0,1,50,1,4,4.42
0,20,181,15272,1,1,3,3,2,271,0,1,44,1,4,4.66
0,21,167,12163,1,1,3,3,2,179,0,1,55,1,4,4.36
0,23,160,8200,1,1,2,1,2,200,0,1,60,1,2,3.2
0,25,164,11077,1,1,3,3,2,159,0,0,43,1,4,4.12
0,23,163,5300,1,1,2,1,2,100,0,0,60,1,1,1.99
1,29,177,10301,1,1,2,2,2,204,0,0,81,1,3,3.29
1,18,170,5200,0,1,2,3,1,200,0,0,120,2,0,1.8
0,19,169,4993,0,1,2,3,2,200,0,2,60,1,0,1.75
1,33,165,8300,1,0,2,3,2,200,0,1,0,1,6,3.05
0,19,160,4500,0,1,3,3,1,200,1,1,0,2,0,1.76
1,30,178,10252,1,1,2,2,2,100,0,1,0,1,3,3.24
0,21,163,8000,1,1,2,3,2,209,0,1,0,2,2,3.01
1,22,178,10500,1,1,2,3,2,279,0,2,0,1,2,3.31
1,28,178,11371,1,1,2,3,2,217,0,0,0,1,3,3.59
1,21,162,7000,1,0,2,1,2,200,0,1,0,1,6,2.67
0,19,153,4233,0,1,2,3,1,100,0,0,54,1,0,1.81
0,26,164,11155,1,1,3,3,2,274,0,0,9,1,4,4.15
1,43,165,8000,1,1,2,1,2,208,0,1,0,1,5,2.94
0,21,168,12742,1,1,3,3,2,270,0,1,55,1,4,4.51
1,23,177,9000,1,1,2,3,2,300,0,0,60,1,2,2.87
0,26,164,11172,1,1,3,3,2,263,0,0,8,1,4,4.15
0,22,163,8315,1,1,2,2,2,264,0,1,0,2,2,3.13
0,19,181,14252,1,1,3,3,2,286,0,1,53,1,4,4.35
0,38,169,8009,1,1,2,1,2,220,0,1,0,2,6,2.8
0,25,166,10492,1,1,3,3,2,169,0,0,33,1,4,3.81
1,29,177,10596,1,1,2,3,2,207,0,2,40,1,2,3.38
0,22,161,6300,0,1,2,3,2,300,0,0,60,2,1,2.43
0,26,162,11194,1,1,3,3,2,268,0,0,14,1,4,4.27
1,18,185,8400,1,1,2,3,2,300,0,3,0,0,2,2.45
0,25,162,10494,1,1,3,3,2,153,0,0,26,1,4,4.0
1,26,174,7100,1,1,3,3,2,200,0,3,60,1,1,2.35
1,21,185,9673,1,1,2,1,2,300,0,0,72,2,2,2.83
0,25,165,5600,0,1,3,3,0,200,0,0,0,1,1,2.06
0,18,173,5000,0,1,1,3,2,100,0,0,59,1,0,1.67
0,17,170,5100,1,1,1,3,2,100,0,3,60,2,1,1.76
1,21,170,7500,1,1,2,3,2,200,0,2,60,1,5,2.6
0,26,162,11182,1,1,3,3,2,221,0,0,8,1,4,4.26
0,19,152,4200,0,0,3,1,1,200,0,0,0,2,0,1.82
0,25,162,10483,1,1,3,3,2,268,0,0,27,1,4,3.99
0,25,161,10492,1,1,3,3,2,253,0,0,41,1,4,4.05
1,23,165,9000,1,1,2,2,2,288,0,0,8,2,2,3.31
0,26,164,11195,1,1,3,3,2,263,0,0,3,1,4,4.16
0,21,175,13390,1,1,3,3,2,289,0,1,39,1,4,4.37
1,18,184,5961,1,1,2,4,2,200,0,2,80,2,0,1.76
0,23,168,12131,1,1,3,3,2,106,0,0,26,1,4,4.3
1,22,176,5570,1,1,2,3,2,215,0,2,100,1,0,1.8
0,16,156,5000,0,1,2,1,2,100,0,0,60,1,0,2.05
0,19,162,4500,0,0,3,3,1,231,0,1,28,1,0,1.71
1,21,178,10501,1,1,2,3,2,229,0,0,0,1,2,3.31
0,18,150,5700,1,1,2,3,2,200,0,1,120,1,1,2.53
0,16,160,6500,1,1,2,3,1,200,0,1,120,2,1,2.54
1,19,185,8734,0,1,2,3,2,285,0,2,60,1,2,2.55
0,18,172,5000,0,1,1,3,2,195,0,2,60,1,0,1.69
1,22,170,7592,1,1,2,3,2,220,0,0,66,1,5,2.63
1,22,172,9900,1,1,2,1,2,200,0,1,60,1,6,3.35
0,18,165,5000,0,0,1,3,1,100,0,0,60,1,0,1.84
1,22,177,11448,1,1,2,3,2,236,0,1,0,1,3,3.65
0,19,158,5800,0,1,2,3,2,100,0,1,60,2,1,2.32
0,18,174,5000,0,0,1,3,2,200,0,1,60,1,0,1.65
1,21,172,5200,0,1,3,3,1,100,0,0,60,2,0,1.76
1,20,176,8000,1,1,2,3,2,200,0,0,6,2,6,2.58
1,22,189,12039,1,1,2,2,2,211,0,1,80,1,3,3.37
0,43,158,7665,1,1,2,3,2,210,0,0,0,1,2,3.07
0,19,156,5800,1,1,3,1,2,200,0,3,0,0,1,2.38
1,19,178,7600,1,1,2,3,1,100,0,2,0,1,1,2.4
1,20,173,9744,1,1,2,3,2,300,0,0,60,1,2,3.26
1,23,185,12152,1,1,2,2,2,179,0,0,113,1,3,3.55
0,20,176,12999,1,1,3,3,2,197,0,1,55,1,4,4.2
0,36,163,6300,1,0,3,1,2,300,0,1,0,1,5,2.37
0,21,169,6886,1,1,1,3,3,120,0,0,0,1,5,2.41
1,17,170,6600,1,1,2,3,1,200,0,3,60,1,1,2.28
0,21,173,12716,1,1,3,3,2,169,0,1,56,1,4,4.25
1,25,178,11545,1,1,2,3,2,213,0,1,50,1,3,3.64
1,24,170,7500,0,0,3,3,2,100,0,0,60,1,1,2.6
0,23,174,13374,1,1,3,3,2,286,0,1,46,1,4,4.42
1,30,176,12097,1,1,2,3,2,181,0,0,52,1,3,3.91
1,23,168,9000,0,1,2,3,2,200,0,0,120,1,6,3.19
0,21,161,6898,1,1,1,3,2,125,0,0,103,1,5,2.66
1,18,179,10815,1,1,2,1,2,249,0,1,38,2,2,3.38
1,18,175,5501,1,1,2,4,2,297,0,2,60,2,0,1.8
1,37,156,9879,1,1,2,2,2,179,0,1,0,1,2,4.06
0,18,162,5500,0,1,2,3,2,100,0,0,60,1,1,2.1
0,32,167,7481,1,1,2,1,2,200,0,0,22,1,5,2.68
1,27,180,9900,1,1,2,1,2,300,0,1,60,2,3,3.06
0,21,173,13374,1,1,3,3,2,261,0,1,55,1,4,4.47
0,38,156,6290,0,1,2,3,2,154,1,0,58,1,5,2.58
0,22,158,8285,1,1,1,2,2,131,0,0,93,2,2,3.32
1,22,170,7000,0,0,2,4,2,300,0,2,0,1,1,2.42
1,22,175,7000,0,1,3,3,2,200,0,1,0,1,1,2.29
0,19,164,4903,0,1,2,3,2,100,0,0,60,1,0,1.82
0,40,155,11080,1,1,2,3,2,200,0,1,0,1,2,4.61
1,26,176,11616,1,1,2,3,2,202,0,0,9,1,3,3.75
1,38,171,7594,1,1,2,3,2,280,0,1,52,1,5,2.6
0,45,165,7300,1,1,3,3,2,100,0,1,0,1,6,2.68
1,23,165,8000,1,1,2,1,2,100,0,1,120,1,6,2.94
1,25,183,12098,1,1,2,3,2,271,0,1,4,1,3,3.61
1,22,170,8000,1,1,2,3,2,200,0,1,60,0,6,2.77
0,39,163,7665,1,1,2,3,2,200,0,0,0,1,2,2.88
0,25,165,10748,1,1,3,3,2,285,0,0,60,1,2,3.95
0,25,162,11064,1,1,3,3,2,260,0,0,37,1,4,4.22
1,25,186,11729,1,1,2,2,2,210,0,1,0,1,3,3.39
1,26,170,7792,1,0,2,1,2,200,0,0,48,1,6,2.7
0,23,175,13388,1,1,3,3,2,289,0,1,55,1,4,4.37
1,21,171,8000,1,1,2,3,2,200,0,0,60,1,6,2.74
1,43,167,8000,1,1,2,3,2,200,0,2,0,2,6,2.87
1,25,182,10549,1,1,3,3,2,261,0,0,3,1,2,3.18
0,25,162,10513,1,1,3,3,2,232,0,0,32,1,4,4.01
0,21,165,6200,0,1,3,3,2,200,0,0,0,1,1,2.28
1,18,180,8000,0,1,2,3,0,200,1,3,0,1,1,2.47
1,18,170,5500,0,1,2,3,2,200,0,0,60,1,1,1.9
0,33,175,7866,1,1,2,1,2,247,0,2,0,1,5,2.57
0,21,172,13127,1,1,3,3,2,165,0,1,43,1,4,4.44
1,24,175,12091,1,1,2,3,2,216,0,1,37,1,3,3.95
0,18,158,6500,1,1,2,3,2,197,1,0,84,2,5,2.6
0,18,152,4034,0,1,2,1,2,109,0,0,60,1,0,1.75
1,20,170,7500,1,1,3,3,2,200,0,2,0,1,4,2.6
0,19,174,13214,1,1,3,3,2,286,0,1,46,1,4,4.36
1,18,170,8500,1,1,2,3,2,100,0,1,113,1,6,2.94
0,26,164,10710,1,1,3,3,2,252,0,0,34,1,4,3.98
1,25,175,11840,1,1,2,3,2,200,0,0,0,1,3,3.87
1,19,163,7969,1,0,2,2,2,100,0,0,67,2,6,3.0
0,16,162,4500,0,1,2,3,1,100,0,2,0,1,0,1.71
1,41,175,11659,1,1,1,2,2,200,0,0,105,1,3,3.81
1,22,182,12173,1,1,2,2,2,185,0,1,0,1,3,3.67
1,23,165,8000,1,1,2,1,2,200,0,2,60,1,6,2.94
1,24,175,7400,1,1,3,3,2,300,0,1,60,1,1,2.42
0,34,167,8600,1,1,3,3,2,300,0,3,0,1,1,3.08
1,19,180,8500,1,1,3,3,2,300,0,1,0,0,5,2.62
0,26,166,11188,1,1,3,3,2,289,0,0,22,1,4,4.06
0,26,164,11189,1,1,3,3,2,286,0,0,16,1,4,4.16
0,21,177,13785,1,1,3,3,2,253,0,1,50,1,4,4.4
0,21,167,8000,1,1,2,1,2,200,0,2,0,2,6,2.87
1,23,176,12145,1,1,2,2,2,174,0,0,0,1,3,3.92
1,23,171,6500,0,1,2,3,2,100,0,2,0,2,1,2.22
0,22,168,8200,1,1,1,1,2,200,0,0,73,1,2,2.91
1,23,171,5600,0,1,3,3,2,200,0,2,0,1,1,1.92
1,21,180,6640,1,1,3,4,0,100,0,2,0,1,1,2.05
0,21,177,13785,1,1,3,3,2,177,0,1,16,1,4,4.4
1,23,180,9350,1,0,2,3,1,200,0,2,60,0,6,2.89
0,25,160,10499,1,1,3,3,2,232,0,0,27,1,4,4.1
1,19,175,5832,1,1,2,4,2,200,0,2,0,2,0,1.9
1,38,176,11823,1,1,2,3,2,200,0,0,0,1,3,3.82
0,25,163,11080,1,1,3,3,2,154,0,0,16,1,4,4.17
0,17,155,5924,1,1,2,3,2,200,0,2,43,2,6,2.47
1,28,175,11371,1,1,1,3,2,202,0,1,46,1,0,3.71
1,42,160,8165,1,1,2,3,2,189,0,0,0,2,2,3.19
1,20,172,7000,1,1,3,3,2,100,0,1,0,2,1,2.37
1,23,176,11659,1,1,2,3,2,200,0,0,105,1,3,3.76
0,18,158,6839,1,0,2,1,2,200,0,1,65,2,5,2.74
1,38,176,11837,1,1,2,2,2,214,0,0,0,1,3,3.82
0,18,150,5000,0,1,1,3,2,100,0,1,120,1,1,2.22
1,29,170,10245,1,1,2,3,2,170,0,0,0,1,3,3.54
0,18,165,8600,1,1,2,3,2,200,0,0,120,2,2,3.16
0,25,165,10268,1,1,3,3,2,102,0,0,34,1,4,3.77
1,19,175,8500,1,0,2,3,2,200,0,1,60,1,6,2.78
1,22,180,6600,0,1,2,3,2,200,0,0,60,1,1,2.04
0,38,170,7800,1,1,3,3,2,200,0,0,0,2,6,2.7
1,33,178,8445,1,1,2,3,2,200,0,2,0,0,6,2.67
0,26,165,11191,1,1,3,3,2,281,0,0,5,1,4,4.11
1,34,169,8341,1,1,2,2,2,225,0,2,48,2,6,2.92
1,21,162,7000,0,1,2,1,3,278,0,1,60,1,5,2.67
0,35,164,7391,1,0,3,2,2,162,0,0,90,1,5,2.75
0,19,155,7774,1,1,2,2,2,140,0,0,6,1,5,3.24
0,25,161,10477,1,1,3,3,2,131,0,0,24,1,4,4.04
1,18,180,7000,0,1,3,3,2,200,1,3,60,1,1,2.16
1,29,185,10513,1,1,2,3,2,292,0,1,0,1,2,3.07
0,22,164,6500,1,1,2,1,2,100,0,0,60,1,6,2.42
1,18,180,5000,0,1,2,4,1,200,0,2,60,1,0,1.54
0,21,162,7000,1,1,2,1,3,300,0,1,0,1,5,2.67
1,33,183,9758,1,1,2,1,2,200,0,1,56,1,6,2.91
0,19,152,4200,0,1,2,3,1,162,0,2,0,1,0,1.82
1,29,167,9050,1,1,2,3,2,167,0,1,0,1,2,3.25
0,21,175,6800,1,1,3,1,2,200,0,2,0,1,1,2.22
1,33,169,8398,1,1,2,1,2,200,0,0,0,2,6,2.94
1,22,160,7500,0,0,2,4,1,200,1,1,0,1,5,2.93
1,26,181,12098,1,1,2,3,2,212,0,1,113,1,3,3.69
0,23,159,4800,0,1,2,4,1,200,1,2,0,2,1,1.9
1,23,176,7000,0,1,2,3,2,200,0,2,60,1,1,2.26
0,21,161,6890,1,1,2,1,2,200,0,0,40,1,5,2.66
0,19,167,7843,1,0,3,2,2,245,0,1,59,1,6,2.81
1,25,180,9700,1,1,2,3,2,200,0,1,60,0,6,2.99
1,21,169,7500,1,1,2,3,2,193,0,1,0,1,5,2.63
0,25,164,10482,1,1,3,3,2,100,0,0,43,1,4,3.9
0,21,164,7539,1,1,2,3,2,114,0,0,39,1,5,2.8
1,22,172,9500,1,1,1,3,2,200,0,0,120,1,2,3.21
1,24,177,12081,1,1,2,2,2,214,0,1,13,1,3,3.86
0,25,162,10485,1,1,3,3,2,274,0,0,25,1,4,4.0
0,26,162,11163,1,1,3,3,2,142,0,0,12,1,4,4.25
0,36,165,8000,1,1,2,2,2,199,0,1,22,2,6,2.94
0,22,180,8285,1,1,2,3,2,156,0,0,60,1,2,2.56
0,19,152,4200,0,1,2,3,1,100,0,1,60,1,0,1.82
0,37,150,6318,1,1,2,3,2,152,0,0,0,2,6,2.81
1,30,176,11843,1,1,2,3,2,203,0,1,69,1,3,3.82
0,21,174,14430,1,1,3,3,2,247,0,1,50,1,4,4.77
1,22,170,8300,1,1,3,3,2,300,0,2,60,1,6,2.87
0,19,153,4200,0,1,3,1,1,183,0,1,0,1,0,1.79
1,18,180,8600,1,1,3,3,2,200,0,2,60,1,5,2.65
0,39,155,8000,1,1,2,3,2,200,0,0,0,1,2,3.33
0,18,152,4200,0,1,3,1,2,200,0,0,60,1,0,1.82
1,21,165,6000,1,1,2,1,2,300,0,2,0,1,1,2.2
1,30,176,11833,1,1,1,2,2,208,0,0,0,1,3,3.82
0,19,155,4981,0,1,2,3,2,200,0,2,60,1,0,2.07
1,23,171,5000,1,0,2,3,1,300,0,0,120,2,0,1.71
0,20,181,15243,1,1,3,3,2,130,0,0,54,1,4,4.65
1,27,190,9700,1,1,2,4,1,200,0,2,120,2,2,2.69
0,26,163,4500,0,1,3,3,2,200,0,2,0,1,1,1.69
1,21,184,8600,1,1,2,3,0,200,0,3,120,1,5,2.54
1,25,169,10327,1,1,2,1,2,200,0,1,43,2,2,3.62
1,24,170,9987,1,1,2,2,2,100,0,0,113,2,3,3.46
0,26,165,11192,1,1,3,3,2,277,0,0,4,1,4,4.11
0,18,153,7179,1,0,3,3,2,200,0,0,60,2,6,3.07
1,21,174,9418,1,1,2,2,2,200,0,0,25,2,2,3.11
1,21,181,11500,1,1,2,3,2,300,0,1,60,2,2,3.51
1,23,172,6600,1,0,3,4,2,100,0,0,120,2,1,2.23
1,23,162,7000,0,1,2,1,3,300,0,1,60,2,5,2.67
0,21,169,13376,1,1,3,3,2,133,0,1,54,1,4,4.68
0,40,154,6241,1,1,2,2,2,102,0,0,0,2,6,2.63
1,25,178,11542,1,1,2,3,2,253,0,0,113,1,3,3.64
0,26,162,11080,1,1,3,3,2,270,0,0,0,1,4,4.22
1,27,176,12077,1,1,2,3,2,217,0,1,40,1,3,3.9
0,23,165,8000,1,1,2,3,2,200,0,0,81,2,6,2.94
0,25,166,10494,1,1,3,3,2,241,0,1,8,1,4,3.81
1,24,175,12186,1,1,2,2,2,282,0,1,0,1,3,3.98
1,21,185,6600,1,1,2,3,1,200,0,1,60,1,1,1.93
1,21,170,8000,1,1,2,1,2,160,0,2,93,2,6,2.77
1,39,180,10872,1,1,2,1,2,200,0,1,0,2,2,3.36
0,26,164,11194,1,1,3,3,2,274,0,0,9,1,4,4.16
1,25,182,12015,1,1,2,3,2,216,0,1,25,1,3,3.63
0,26,162,11021,1,1,3,3,2,270,0,0,32,1,4,4.2
1,31,161,10281,1,1,2,3,2,100,0,1,60,2,3,3.97
0,18,155,6287,0,1,2,3,2,100,1,0,60,1,5,2.62
1,22,167,7000,0,0,2,1,2,200,0,1,0,1,5,2.51
1,33,172,8300,0,1,2,1,2,100,0,1,0,1,6,2.81
0,26,185,8767,0,1,2,3,2,245,0,2,50,0,5,2.56
0,21,168,13395,1,1,3,3,2,267,0,1,46,1,4,4.75
0,25,164,10459,1,1,3,3,2,297,0,0,37,1,4,3.89
0,22,160,8200,1,1,2,1,2,200,0,2,84,2,2,3.2
0,21,152,4200,0,1,3,3,1,100,0,1,33,2,0,1.82
1,18,184,6000,1,1,3,3,2,200,0,2,60,2,0,1.77
1,23,170,6400,1,1,2,3,2,200,0,2,60,1,1,2.21
0,21,171,13187,1,1,3,3,2,125,0,1,37,1,4,4.51
1,33,185,9784,1,1,2,1,2,300,0,1,0,1,6,2.86
1,16,182,7000,1,1,2,3,2,200,0,1,60,1,1,2.11
1,18,162,7000,0,1,2,1,3,100,0,1,0,1,5,2.67
1,21,165,6000,0,1,3,3,2,200,0,0,60,1,1,2.2
0,21,160,6300,1,1,3,3,2,300,1,3,60,1,5,2.46
1,18,170,8400,1,1,2,3,2,200,0,1,60,1,6,2.91
0,21,156,6052,1,0,2,3,2,100,0,1,0,2,6,2.49
1,29,190,12934,1,1,1,3,2,159,0,1,5,1,3,3.58
1,23,170,9959,1,1,2,3,2,149,0,1,0,2,3,3.45
0,22,166,8860,1,1,2,1,2,208,0,1,106,2,2,3.22
1,30,176,11920,1,1,2,3,2,217,0,0,0,1,3,3.85
1,22,184,12104,1,1,2,2,2,200,0,1,0,1,3,3.58
0,23,155,4500,0,1,3,3,1,200,1,2,0,1,1,1.87
0,23,159,7899,1,0,2,2,2,293,0,1,0,2,6,3.12
0,25,164,10487,1,1,3,3,2,265,0,0,38,1,4,3.9
0,25,163,10476,1,1,3,3,2,123,0,0,45,1,4,3.94
0,33,168,7700,1,1,3,1,2,100,0,1,0,1,6,2.73
0,30,161,6810,1,1,2,3,2,185,0,0,34,1,5,2.63
0,18,155,4500,0,1,3,3,1,100,0,0,37,1,0,1.87
1,21,162,7000,0,1,2,1,3,200,0,1,0,1,5,2.67
0,23,168,6000,1,1,2,3,0,200,0,1,60,1,1,2.13
0,19,164,4900,0,1,2,4,1,100,0,2,60,1,0,1.82
0,18,179,13873,1,1,3,3,2,286,0,1,44,1,4,4.33
0,21,165,6800,1,1,2,3,2,300,0,1,0,1,5,2.5
1,18,170,5015,0,1,1,3,2,115,0,0,60,1,0,1.74
0,26,162,11184,1,1,3,3,2,261,0,0,9,1,4,4.26
0,27,170,7800,1,1,3,1,2,200,0,0,60,1,6,2.7
1,33,176,9331,1,1,2,1,2,199,0,0,0,2,6,3.01
0,21,169,7774,1,1,2,2,2,200,0,0,0,1,6,2.72
1,21,175,7899,1,1,1,3,2,274,0,1,56,1,5,2.58
1,19,180,7500,0,1,2,3,2,200,0,3,60,2,1,2.31
1,27,165,6800,0,1,2,3,2,200,0,1,60,1,1,2.5
0,19,162,4965,0,1,2,3,2,118,0,2,60,1,0,1.89
0,26,164,11183,1,1,3,3,2,270,0,0,8,1,4,4.16
1,29,180,10875,1,1,2,2,2,207,0,1,0,2,2,3.36
1,34,168,8395,1,1,2,2,2,200,0,1,41,1,5,2.97
1,22,178,11666,1,1,2,3,2,100,0,0,0,1,3,3.68
0,18,160,8200,1,1,2,1,2,103,0,0,118,2,2,3.2
0,23,175,5487,0,1,3,3,1,265,0,1,38,2,0,1.79
0,19,175,4200,0,1,3,1,1,160,0,0,0,1,0,1.37
1,29,177,11225,1,1,2,1,2,215,0,1,0,1,3,3.58
1,24,176,11208,1,1,1,3,2,271,0,1,15,1,3,3.62
1,33,170,9792,1,1,2,2,2,200,0,1,60,1,6,3.39
1,17,170,8572,1,0,2,3,2,200,0,0,44,2,6,2.97
0,18,162,10513,1,1,3,3,2,155,0,0,55,1,4,4.01
0,26,166,11163,1,1,3,3,2,261,0,0,33,1,4,4.05
0,25,166,10482,1,1,3,3,2,123,0,0,44,1,4,3.8
0,18,150,5500,1,1,2,3,2,200,0,0,60,2,6,2.44
1,18,170,9500,1,1,2,3,2,100,0,1,60,2,2,3.29
0,19,161,4974,0,1,3,3,2,161,0,2,60,1,0,1.92
1,17,184,5993,1,1,2,3,2,200,0,2,0,2,0,1.77
1,39,168,7966,1,1,2,2,2,120,0,0,0,2,6,2.82
0,26,162,11081,1,1,3,3,2,270,0,0,23,1,4,4.22
0,21,160,6700,1,1,3,3,2,200,0,1,0,1,5,2.62
1,29,179,10860,1,1,2,3,2,219,0,0,0,2,2,3.39
1,20,181,8556,0,1,2,3,2,100,0,1,9,1,5,2.61
0,26,162,11186,1,1,3,3,2,261,0,0,11,1,4,4.26
0,19,166,5980,1,1,2,4,1,200,0,3,60,2,1,2.17
0,22,153,8200,1,1,2,1,2,200,0,2,0,1,2,3.5
1,18,180,10893,1,1,2,2,2,247,0,1,92,2,2,3.36
0,19,153,7800,0,0,3,3,2,200,0,1,0,2,6,3.33
0,26,164,11100,1,1,3,3,2,260,0,0,40,1,4,4.13
0,22,161,8200,1,1,2,3,2,200,0,0,120,2,2,3.16
1,20,180,12500,1,1,2,3,2,100,0,1,0,2,3,3.86
1,37,175,11786,1,1,2,3,2,200,0,0,0,1,3,3.85
1,27,171,7100,1,1,3,3,1,200,0,2,0,1,1,2.43
1,30,176,12064,1,1,2,3,2,276,0,1,71,1,3,3.89
1,21,172,7500,0,1,2,3,1,200,0,1,120,1,5,2.54
1,27,185,8700,1,1,2,1,2,200,0,2,60,1,6,2.54
0,21,160,5700,1,0,2,3,2,200,0,1,0,1,1,2.23
1,21,165,8000,1,1,2,3,2,200,0,2,87,2,6,2.94
1,19,176,6400,0,1,3,3,2,100,0,1,60,1,1,2.07
1,21,168,9389,1,1,2,3,2,135,0,1,58,2,2,3.33
0,19,159,4436,0,0,2,3,1,100,1,0,4,2,0,1.75
0,25,163,10998,1,1,3,3,2,247,0,0,26,1,4,4.14
0,21,174,13395,1,1,3,3,2,286,0,1,53,1,4,4.42
0,21,160,6300,1,0,3,3,2,200,1,0,0,1,1,2.46
1,30,175,12061,1,1,2,3,2,217,0,0,24,1,3,3.94
0,21,175,13374,1,1,3,3,2,241,0,1,56,1,4,4.37
0,25,168,10477,1,1,3,3,2,152,0,0,55,1,4,3.71
0,26,163,11168,1,1,3,3,2,263,0,0,14,1,4,4.2
0,18,174,13361,1,1,3,3,2,290,0,1,43,1,4,4.41
1,32,170,8328,1,1,2,2,2,189,0,1,57,1,5,2.88
0,25,165,10498,1,1,3,3,2,252,0,0,55,1,4,3.86
1,25,176,11508,1,1,1,3,2,215,0,1,25,1,3,3.72
0,21,160,6800,1,1,2,1,2,200,0,1,0,2,5,2.66
1,32,160,10006,1,1,2,1,2,100,0,0,37,2,3,3.91
1,22,185,12168,1,1,2,2,2,198,0,0,0,1,3,3.56
1,18,179,10801,1,1,2,1,2,200,0,1,92,2,2,3.37
0,26,164,11193,1,1,3,3,2,263,0,0,5,1,4,4.16
1,18,180,5000,0,1,2,4,1,200,0,2,60,2,0,1.54
1,25,182,12099,1,1,2,3,2,204,0,1,15,1,3,3.65
1,23,170,8110,1,1,2,1,2,100,0,0,60,1,6,2.81
1,22,179,11615,1,1,2,3,2,160,0,0,64,1,3,3.63
1,23,170,7557,1,1,2,3,2,207,0,0,116,1,5,2.61
0,17,158,5300,1,1,2,3,2,100,0,0,60,1,1,2.12
0,21,174,13374,1,1,3,3,2,290,0,1,37,1,4,4.42
1,33,172,8328,1,1,2,2,2,191,0,0,0,1,6,2.82
1,19,156,5000,0,1,2,3,2,200,0,0,60,1,1,2.05
1,27,170,7910,1,1,2,3,2,300,0,1,120,0,6,2.74
0,23,175,5000,1,1,3,4,1,200,0,2,120,2,0,1.63
0,19,170,7800,0,0,3,3,2,200,1,2,60,1,6,2.7
0,21,176,13779,1,1,3,3,2,289,0,1,55,1,4,4.45
0,33,170,7300,1,1,2,3,2,100,1,0,60,1,5,2.53
1,18,170,9920,1,1,2,3,2,200,0,0,120,2,2,3.43
0,21,172,5144,1,1,3,3,1,100,0,1,45,2,0,1.74
0,42,165,8608,1,1,2,1,2,185,0,0,0,2,2,3.16
1,22,172,8197,1,1,1,2,2,284,0,0,57,1,6,2.77
1,19,172,7998,1,0,2,3,2,199,0,1,113,2,6,2.7
1,35,176,8500,1,1,2,3,2,214,0,1,0,2,6,2.74
0,26,164,11181,1,1,3,3,2,255,0,0,13,1,4,4.16
0,21,148,6289,0,1,2,1,2,200,0,0,30,1,5,2.87
0,18,174,13366,1,1,3,3,2,282,0,1,55,1,4,4.41
1,25,186,12165,1,1,2,3,2,264,0,1,0,1,3,3.52
0,39,158,6233,1,0,2,1,2,184,0,0,26,1,5,2.5
0,26,165,11186,1,1,3,3,2,256,0,0,10,1,4,4.11
1,19,170,7800,1,0,2,2,2,154,0,1,60,1,6,2.7
1,33,176,8341,1,1,2,3,2,300,0,2,0,1,6,2.69
0,22,160,8201,1,1,2,3,2,298,0,2,85,2,2,3.2
0,21,160,7000,1,1,2,1,3,276,0,0,44,1,5,2.73
0,21,171,13190,1,1,3,3,2,142,0,0,41,1,4,4.51
1,22,179,8999,1,1,1,2,2,200,0,0,86,2,2,2.81
0,23,160,5800,0,1,3,3,2,200,0,1,0,2,1,2.27
0,38,155,6300,0,1,2,3,2,200,0,2,0,1,5,2.62
1,31,178,11837,1,1,2,3,2,250,0,0,60,1,3,3.74
0,26,164,11120,1,1,3,3,2,271,0,0,5,1,4,4.13
0,16,160,6000,1,1,3,3,2,200,0,2,60,2,1,2.34
0,28,158,7608,1,1,2,3,2,131,0,0,75,1,2,3.05
0,26,163,11194,1,1,3,3,2,261,0,0,4,1,4,4.21
0,26,164,11181,1,1,3,3,2,276,0,0,15,1,4,4.16
1,21,162,7000,1,0,3,1,2,200,0,1,0,1,5,2.67
0,21,175,13390,1,1,3,3,2,149,0,1,50,1,4,4.37
1,25,178,11562,1,1,2,3,2,215,0,1,27,1,3,3.65
1,18,170,9900,1,1,2,3,2,200,0,0,60,1,2,3.43
0,22,163,8200,1,1,1,1,2,200,0,0,82,1,2,3.09
0,18,180,14029,1,1,3,3,2,283,0,1,47,1,4,4.33
0,23,170,6900,1,1,2,3,2,200,0,1,120,1,1,2.39
1,25,176,11315,1,1,1,3,2,203,0,0,67,1,3,3.65
0,26,162,11092,1,1,3,3,2,289,0,0,26,1,4,4.23
0,23,166,6000,1,1,2,3,2,200,0,0,60,1,1,2.18
1,23,184,12097,1,1,2,2,2,151,0,1,1,1,3,3.57
0,25,164,10227,1,1,3,3,2,102,0,0,0,1,4,3.8
1,17,180,9700,1,0,2,3,2,200,0,1,60,2,6,2.99
0,23,165,5600,1,1,3,3,0,200,0,0,60,2,1,2.06
0,23,160,8200,1,1,3,3,2,200,0,0,60,1,2,3.2
0,26,164,10596,1,1,3,3,2,262,0,0,20,1,4,3.94
1,21,182,10652,1,1,2,3,2,296,0,0,24,1,2,3.22
0,25,164,10495,1,1,3,3,2,256,0,0,29,1,4,3.9
1,29,168,9120,1,1,1,3,2,210,0,0,43,1,2,3.23
0,21,153,6500,1,1,2,1,2,200,0,0,60,2,6,2.78
0,18,173,14179,1,1,3,3,2,232,0,1,54,1,4,4.74
0,18,172,7100,1,1,2,3,1,100,1,1,60,1,5,2.4
0,19,174,13366,1,1,3,3,2,263,0,1,39,1,4,4.41
0,26,164,11097,1,1,3,3,2,264,0,0,21,1,4,4.13
0,21,162,7000,0,0,2,1,3,300,0,2,0,2,5,2.67
0,23,170,9050,1,1,2,3,2,153,0,0,60,2,2,3.13
0,21,163,6650,0,1,3,3,0,200,0,0,60,2,1,2.5
1,26,178,7800,1,0,3,3,2,200,1,3,0,0,5,2.46
1,29,176,11287,1,1,2,3,2,216,0,0,6,1,3,3.64
0,20,156,4500,1,0,3,3,2,200,0,0,0,1,1,1.85
0,21,165,8812,1,1,2,1,2,300,0,0,60,2,2,3.24
1,24,171,8434,1,1,2,2,2,242,0,1,0,1,6,2.88
0,21,170,5131,1,1,1,3,1,195,0,0,0,2,0,1.78
0,25,160,8469,1,1,2,3,2,100,0,0,0,1,2,3.31
1,30,191,10213,1,1,2,2,2,100,0,1,0,1,3,2.8
0,21,174,13346,1,1,3,3,2,283,0,1,55,1,4,4.41
1,23,172,8197,1,1,2,2,2,177,0,1,42,1,6,2.77
0,23,155,4500,0,1,3,3,1,200,0,1,0,1,0,1.87
1,29,177,11243,1,1,2,3,2,207,0,0,0,1,3,3.59
1,35,185,11500,1,1,2,1,2,300,0,1,0,1,6,3.36
0,25,160,10200,1,1,3,3,2,100,0,0,35,1,4,3.98
0,16,169,8455,1,1,2,3,2,300,0,2,0,2,2,2.96
1,18,170,7000,0,0,2,3,1,200,0,0,60,1,1,2.42
1,21,170,7000,0,1,2,3,1,300,0,1,0,1,1,2.42
0,21,160,6600,1,1,3,3,2,100,0,1,0,1,5,2.58
0,38,168,7800,1,1,3,1,2,100,0,0,0,2,6,2.76
1,19,175,5500,1,0,2,3,1,200,0,0,60,2,1,1.8
0,21,172,5350,0,1,3,3,2,100,0,1,120,2,1,1.81
0,28,157,6552,1,0,2,2,2,195,0,0,94,1,6,2.66
1,21,177,7000,0,1,2,3,2,100,0,2,60,1,1,2.23
0,22,166,8252,1,1,2,1,2,227,0,0,55,1,2,2.99
0,25,162,10479,1,1,3,3,2,131,0,0,50,1,4,3.99
0,26,156,6500,1,1,2,3,2,258,0,0,13,1,5,2.67
0,20,155,4132,0,1,2,1,1,100,0,0,60,1,0,1.72
1,26,181,11908,1,1,2,3,2,271,0,0,7,1,3,3.63
1,22,175,5209,1,1,3,3,2,200,0,2,60,1,0,1.7
0,25,162,10809,1,1,3,3,2,265,0,0,24,1,4,4.12
1,31,171,7200,1,1,2,3,2,200,0,0,60,1,1,2.46
1,32,168,7998,1,1,2,2,2,266,0,1,40,2,6,2.83
1,20,170,4500,0,1,3,3,1,200,0,1,0,1,1,1.56
1,31,167,9000,1,1,2,2,2,300,0,0,7,1,2,3.23
1,20,164,5300,0,1,2,4,1,300,0,0,120,2,0,1.97
1,20,162,5300,1,1,2,4,0,200,0,2,60,1,1,2.02
1,17,178,5000,0,1,3,3,2,200,0,1,60,2,0,1.58
0,26,163,11193,1,1,3,3,2,267,0,0,43,1,4,4.21
1,22,168,8990,1,1,1,2,2,173,0,0,81,1,6,3.19
1,29,170,8200,1,1,2,3,2,200,0,0,80,1,6,2.84
0,18,160,5000,1,1,3,3,0,200,0,2,0,1,1,1.95
1,31,175,10839,1,1,2,3,2,200,0,0,68,1,3,3.54
1,17,170,8500,1,1,2,3,2,200,0,0,120,1,6,2.94
1,23,184,12165,1,1,3,2,2,139,0,1,50,1,3,3.59
1,19,185,8800,1,1,2,4,1,100,1,2,120,1,5,2.57
0,21,162,11082,1,1,2,2,2,101,0,0,15,1,2,4.22
1,22,179,12077,1,1,2,3,2,200,0,0,87,1,3,3.77
0,18,150,6000,0,0,2,3,2,100,0,1,0,1,6,2.67
1,21,171,7500,1,1,2,3,2,116,0,0,0,1,5,2.56
1,19,178,9866,1,1,2,3,2,100,0,0,60,1,2,3.11
1,22,170,8000,1,1,2,3,2,200,0,2,60,0,6,2.77
0,23,178,13366,1,1,3,3,2,284,0,0,35,1,4,4.22
1,25,187,12120,1,1,2,3,2,271,0,1,0,1,3,3.47
1,22,175,9529,1,1,2,3,2,207,0,2,84,2,2,3.11
0,43,159,7700,1,1,2,2,2,280,0,1,0,1,2,3.05
1,23,170,8000,1,0,1,3,2,200,0,0,60,2,6,2.77
0,18,170,5000,0,1,3,4,2,100,0,2,60,1,0,1.73
0,18,162,5000,0,1,3,3,2,100,0,1,0,1,0,1.91
0,23,160,6000,1,1,3,3,2,200,0,0,60,1,1,2.34
0,19,173,4965,0,1,2,3,1,194,0,2,60,1,0,1.66
0,19,161,4200,0,1,3,1,2,100,0,1,0,1,0,1.62
0,21,163,5100,0,1,2,3,2,200,0,3,60,2,1,1.92
1,21,171,7500,1,1,2,3,2,190,0,1,0,1,5,2.56
1,27,170,6500,1,1,2,3,2,200,0,1,0,1,1,2.25
0,23,171,8472,1,1,2,3,2,284,0,2,0,2,2,2.9
0,18,158,4139,0,1,2,1,2,191,0,0,80,1,0,1.66
0,25,173,10479,1,1,3,3,2,165,0,0,38,1,4,3.5
0,22,172,8000,1,1,2,3,2,200,0,2,60,2,6,2.7
0,43,164,8191,1,1,2,1,2,195,0,0,0,2,2,3.05
1,21,162,7000,0,1,2,3,2,300,0,1,0,2,5,2.67
0,22,170,6700,1,1,3,3,2,300,0,1,0,1,1,2.32
1,22,179,8999,1,1,2,1,2,226,0,0,93,1,2,2.81
1,22,185,7500,1,1,2,1,2,200,0,1,0,1,1,2.19
0,20,170,5024,0,1,1,3,2,117,0,0,72,1,0,1.74
1,32,180,7500,0,1,2,3,2,200,0,2,0,1,1,2.31
0,25,162,10503,1,1,3,3,2,300,0,0,26,1,4,4.0
1,19,165,8000,1,1,2,1,2,200,0,2,60,2,2,2.94
1,21,174,10535,1,1,2,3,2,183,0,0,50,1,2,3.48
1,33,185,8300,1,1,2,3,2,300,0,1,0,0,6,2.43
1,28,185,12092,1,1,2,3,2,235,0,1,0,1,3,3.53
1,19,170,5000,0,0,2,3,1,200,0,2,0,1,0,1.73
1,33,170,8300,1,1,3,3,1,200,0,0,0,2,6,2.87
1,21,171,7500,1,0,2,3,2,200,0,1,0,2,5,2.56
1,17,170,8500,1,1,3,3,2,200,0,2,60,1,6,2.94
1,20,176,6800,1,1,3,3,2,100,0,2,60,1,1,2.2
1,29,170,8708,1,1,2,3,2,300,0,2,0,2,2,3.01
1,19,176,6950,0,1,2,3,2,200,1,2,0,1,1,2.24
0,19,153,4200,0,1,3,1,1,100,0,0,0,1,0,1.79
1,27,182,12099,1,1,2,3,2,235,0,1,40,1,3,3.65
1,22,187,12173,1,1,2,2,2,199,0,0,37,1,3,3.48
0,16,160,4500,0,1,3,3,2,100,1,1,60,1,0,1.76
0,26,163,11194,1,1,3,3,2,283,0,0,4,1,4,4.21
1,18,173,8319,1,1,2,3,2,219,0,2,49,1,6,2.78
1,25,178,10213,1,1,2,3,2,273,0,1,0,2,2,3.22
1,17,176,8580,1,1,2,3,2,200,0,1,87,1,6,2.77
1,21,170,8700,1,1,2,1,1,200,0,3,0,1,1,3.01
0,26,165,11158,1,1,3,3,2,262,0,0,10,1,4,4.1
0,22,163,8232,1,1,2,1,2,215,0,0,19,2,2,3.1
0,25,164,10202,1,1,3,3,2,103,0,0,60,1,2,3.79
1,23,183,9136,1,1,2,3,2,200,0,0,40,1,6,2.73
0,20,167,7500,1,1,2,3,2,200,0,3,0,2,5,2.69
1,17,180,9700,1,1,2,3,2,200,0,1,60,1,6,2.99
1,21,162,7000,0,1,3,1,3,300,0,2,0,1,5,2.67
1,31,187,12500,1,1,3,3,2,100,1,1,0,0,3,3.57
1,23,185,12142,1,1,2,1,2,216,0,1,62,1,3,3.55
0,21,173,15037,1,1,3,3,2,289,0,1,55,1,4,5.02
1,18,180,9100,1,1,1,3,1,100,0,1,60,0,6,2.81
0,21,169,13156,1,1,3,3,2,115,0,1,55,1,4,4.61
0,21,171,13087,1,1,3,3,2,143,0,1,56,1,4,4.48
1,22,169,8965,1,1,1,3,2,100,0,0,60,1,2,3.14
1,18,175,7967,0,1,2,2,2,108,0,0,0,1,5,2.6
0,26,164,11186,1,1,3,3,2,262,0,0,8,1,4,4.16
0,37,161,8000,1,1,2,1,2,163,0,1,0,1,2,3.09
1,25,176,11255,1,1,1,3,2,200,0,0,22,1,3,3.63
0,19,160,4500,0,1,3,3,1,100,0,1,0,1,0,1.76
0,39,156,8000,1,1,2,3,2,200,0,0,0,1,2,3.29
0,20,178,13776,1,1,3,3,2,253,0,1,56,1,4,4.35
0,18,171,5000,0,1,3,3,2,200,0,1,60,1,0,1.71
0,37,155,6300,1,1,2,3,2,200,0,0,0,1,5,2.62
1,17,181,5832,1,1,2,4,2,200,0,2,0,1,0,1.78
0,21,170,7500,1,1,3,3,1,100,0,1,0,1,5,2.6
1,30,176,11500,1,1,2,3,2,200,0,0,60,1,3,3.71
0,16,157,4800,0,1,2,3,2,200,0,0,0,1,1,1.95
1,31,181,12641,1,1,2,3,2,150,0,0,45,1,3,3.86
1,22,184,10500,1,1,2,3,2,200,0,0,60,1,2,3.1
0,22,171,5000,1,1,1,3,1,191,0,2,60,2,0,1.71
0,20,168,7768,1,0,3,1,2,300,0,0,60,2,6,2.75
0,21,171,13140,1,1,3,3,2,172,0,1,55,1,4,4.49
1,23,187,6600,1,0,2,3,2,200,0,0,60,1,1,1.89
0,36,165,6000,1,1,2,3,2,200,0,1,0,1,5,2.2
1,20,180,12500,1,1,2,3,2,200,0,0,120,1,3,3.86
1,23,170,7500,1,1,2,3,1,200,0,1,60,1,5,2.6
1,19,184,8519,1,1,2,3,2,298,0,2,42,1,6,2.52
1,19,182,7000,0,1,2,3,2,100,0,1,60,1,1,2.11
0,23,160,8200,1,1,2,3,2,200,0,2,60,2,2,3.2
1,19,182,7100,1,0,3,3,2,200,0,3,60,1,1,2.14
1,19,184,6000,1,1,2,3,2,200,0,2,5,1,0,1.77
0,26,162,11040,1,1,3,3,2,269,0,0,41,1,4,4.21
1,24,166,10000,1,1,3,1,2,100,0,0,60,1,3,3.63
1,23,176,12145,1,1,2,2,2,151,0,0,0,1,3,3.92
0,18,159,5092,0,1,1,3,2,100,0,0,100,1,0,2.01
0,25,169,10503,1,1,3,3,2,148,0,0,48,1,4,3.68
0,25,166,10477,1,1,3,3,2,152,0,0,44,1,4,3.8
0,23,149,6385,1,0,2,2,2,200,0,2,0,2,6,2.88
1,18,171,5188,1,1,2,3,2,209,0,0,92,1,0,1.77
1,23,185,10000,1,1,2,1,0,200,0,2,120,0,2,2.92
1,21,166,6000,1,1,3,3,2,100,0,0,60,1,1,2.18
0,21,172,13152,1,1,3,3,2,167,0,1,55,1,4,4.45
1,35,172,12000,0,0,3,3,2,100,0,1,0,1,3,4.06
1,23,180,5200,0,1,3,3,0,200,0,2,120,2,0,1.6
0,23,173,13347,1,1,3,3,2,285,0,1,44,1,4,4.46
1,22,165,8000,1,1,2,1,2,200,0,0,93,2,3,2.94
0,21,162,10687,1,1,3,3,2,261,0,1,55,1,4,4.07
0,22,163,8200,1,1,1,1,2,200,0,0,120,1,2,3.09
0,26,162,11155,1,1,3,3,2,278,0,0,46,1,4,4.25
1,32,164,10259,1,1,2,1,2,184,0,0,60,2,3,3.81
1,34,170,7800,1,0,2,3,2,100,0,1,120,0,6,2.7
1,24,176,11225,1,1,1,3,2,217,0,1,0,2,3,3.62
1,28,174,7800,1,0,1,1,2,300,0,1,120,1,5,2.58
1,21,162,7000,0,1,2,1,3,262,0,0,0,1,5,2.67
0,23,165,5800,0,1,3,1,2,200,0,1,60,1,1,2.13
1,17,175,9200,0,1,2,3,2,200,0,1,60,1,6,3.0
1,20,180,6800,1,1,2,3,2,200,0,0,60,1,1,2.1
1,55,165,8099,1,0,2,3,2,200,0,0,0,2,6,2.97
0,26,163,11127,1,1,3,3,2,255,0,0,16,1,4,4.19
1,21,165,6200,1,0,2,3,0,200,0,1,0,1,1,2.28
1,20,170,6600,1,1,2,3,1,200,0,2,60,1,1,2.28
0,29,167,9000,1,1,2,2,2,286,0,1,0,1,2,3.23
0,19,155,6263,0,1,2,2,2,197,1,1,16,1,5,2.61
1,21,162,5300,0,1,2,1,3,300,0,1,0,1,1,2.02
0,20,180,15141,1,1,3,3,2,247,0,1,56,1,4,4.67
0,22,165,8000,1,1,2,1,2,200,0,0,120,2,2,2.94
1,24,175,12000,1,0,2,3,2,300,1,1,0,1,3,3.92
1,18,174,5209,0,0,3,3,2,200,0,1,51,1,0,1.72
1,25,165,11833,1,1,1,3,2,200,0,1,11,1,3,4.35
0,18,165,5800,1,1,2,3,2,200,0,1,0,1,1,2.13
1,31,184,9136,1,1,2,1,2,245,0,0,1,1,6,2.7
1,20,175,7500,1,1,3,4,0,200,0,2,60,0,1,2.45
0,20,176,13368,1,1,3,3,2,186,0,1,13,1,4,4.32
1,18,168,5173,0,1,1,3,2,196,0,1,60,1,0,1.83
0,25,166,10370,1,1,3,3,2,115,0,0,0,1,4,3.76
1,26,184,11833,1,1,2,3,2,200,0,1,0,1,3,3.5
0,18,180,13803,1,1,3,3,2,247,0,1,35,1,4,4.26
1,28,170,10794,1,1,2,3,2,100,0,0,103,2,3,3.73
0,21,168,5100,1,1,2,1,2,200,0,1,60,1,1,1.81
0,26,160,10544,1,1,3,3,2,231,0,0,27,1,4,4.12
1,20,170,7500,1,1,2,3,2,300,0,1,0,2,5,2.6
0,18,170,9050,1,1,2,3,2,133,0,0,60,2,2,3.13
1,17,167,6000,1,1,3,3,2,300,0,2,0,1,1,2.15
1,30,171,7100,1,0,2,3,1,200,0,2,0,1,5,2.43
0,21,175,13366,1,1,3,3,2,289,0,1,55,1,4,4.36
0,21,154,6285,0,1,2,3,2,162,1,2,27,1,5,2.65
1,21,179,6500,0,1,2,3,2,200,0,2,0,2,1,2.03
0,25,166,10495,1,1,3,3,2,191,0,0,4,1,4,3.81
1,18,162,6800,1,1,1,3,2,100,0,1,60,2,1,2.59
0,23,160,4500,1,1,3,3,1,235,0,0,0,2,0,1.76
0,19,160,5000,0,1,2,3,1,100,0,1,0,2,1,1.95
0,26,164,11181,1,1,3,3,2,255,0,0,12,1,4,4.16
0,26,164,11103,1,1,3,3,2,273,0,0,6,1,4,4.13
1,18,184,5028,1,1,3,3,2,204,0,1,0,1,0,1.49
1,22,179,10504,1,1,2,3,2,102,0,0,31,1,2,3.28
0,16,160,6542,1,1,2,3,2,282,1,2,0,1,5,2.56
1,19,181,8780,0,1,2,3,2,200,0,2,59,1,6,2.68
0,21,174,13368,1,1,3,3,2,285,0,1,51,1,4,4.42
1,21,168,10596,1,1,2,3,2,237,0,0,37,1,2,3.75
0,40,154,10988,1,1,2,1,2,292,0,0,0,1,2,4.63
0,26,163,11116,1,1,3,3,2,263,0,0,27,1,4,4.18
0,19,164,7800,1,0,2,1,2,200,0,1,60,2,6,2.9
1,23,167,7500,0,1,2,3,2,200,0,2,60,1,5,2.69
1,23,171,7500,1,1,2,3,1,200,0,1,120,1,5,2.56
1,38,175,11856,1,1,2,3,2,159,0,0,0,1,3,3.87
0,40,154,7700,1,1,2,2,2,199,0,0,0,1,2,3.25
0,25,167,10480,1,1,3,3,2,122,0,0,43,1,4,3.76
1,21,170,7500,0,1,3,1,3,300,0,1,0,1,5,2.6
1,18,179,10860,1,1,2,2,2,200,0,1,93,1,2,3.39
1,25,176,11208,1,1,1,3,2,201,0,0,0,1,3,3.62
1,27,169,9857,1,1,2,3,2,100,0,1,0,2,3,3.45
0,23,158,4800,1,1,2,1,2,200,0,1,0,1,1,1.92
0,21,174,13390,1,1,3,3,2,286,0,1,54,1,4,4.42
1,36,167,9000,0,1,2,1,2,200,0,1,0,1,2,3.23
1,37,179,11815,1,1,2,3,2,198,0,0,0,1,3,3.69
1,27,170,7800,1,1,2,3,2,100,0,0,60,0,6,2.7
0,26,163,11195,1,1,3,3,2,277,0,0,9,1,4,4.21
1,21,162,7000,0,1,2,1,2,300,0,2,0,2,5,2.67
0,23,156,6000,1,1,3,3,2,200,0,1,0,2,1,2.47
0,21,150,4200,0,1,3,1,1,100,0,1,60,1,0,1.87
0,21,169,11126,1,1,3,3,2,278,0,0,6,1,4,3.9
1,26,180,6200,0,1,2,3,0,200,0,2,60,1,1,1.91
0,27,155,7807,1,1,2,1,2,200,0,0,41,1,2,3.25
0,21,176,13374,1,1,3,3,2,286,0,1,56,1,4,4.32
1,25,177,11508,1,1,1,3,2,201,0,1,25,1,3,3.67
1,24,176,9998,1,1,2,2,2,100,0,1,0,2,3,3.23
1,26,175,11274,1,1,1,3,2,200,0,1,0,1,3,3.68
0,22,169,8049,1,1,2,2,2,114,0,0,60,2,6,2.82
1,34,178,8000,1,1,2,1,2,200,0,2,0,2,6,2.52
1,31,175,12000,1,1,2,3,2,231,0,0,30,1,3,3.92
0,21,171,13388,1,1,3,3,2,284,0,1,55,1,4,4.58
0,18,174,7600,1,0,2,3,2,200,0,1,60,2,2,2.51
1,17,160,4500,0,1,2,3,0,200,1,2,60,2,0,1.76
0,26,164,11188,1,1,3,3,2,261,0,0,9,1,4,4.16
1,20,180,6700,0,1,3,1,3,200,1,2,0,2,1,2.07
0,21,165,6000,1,1,3,3,2,200,1,1,0,1,1,2.2
0,21,173,13388,1,1,3,3,2,290,0,0,22,1,4,4.47
0,25,162,10503,1,1,3,3,2,241,0,0,32,1,4,4.0
1,33,185,10500,1,1,2,3,2,200,0,0,60,1,2,3.07
0,26,163,11067,1,1,3,3,2,238,0,0,27,1,4,4.17
0,26,164,11186,1,1,3,3,2,262,0,0,7,1,4,4.16
1,27,185,8531,1,1,2,3,2,242,0,2,21,1,5,2.49
0,25,162,10498,1,1,3,3,2,123,0,0,37,1,4,4.0
0,20,159,5000,1,1,2,3,2,200,0,2,0,2,1,1.98
0,26,170,7800,1,1,2,3,1,100,0,0,60,0,6,2.7
0,23,160,6600,1,1,2,3,2,200,0,1,60,2,5,2.58
0,18,163,6600,1,1,3,3,2,200,0,1,0,1,1,2.48
0,25,166,10457,1,1,3,3,2,133,0,0,35,1,4,3.79
1,17,170,5600,1,1,2,3,0,200,0,3,60,2,1,1.94
1,27,176,11826,1,1,2,2,2,228,0,0,41,1,3,3.82
0,23,163,8310,1,1,2,2,2,298,0,0,60,2,2,3.13
0,21,160,6000,1,1,2,3,2,300,0,1,0,1,1,2.34
1,21,180,7000,1,1,2,4,1,100,0,2,0,2,1,2.16
0,26,160,5000,1,1,3,3,1,300,0,3,60,2,1,1.95
1,18,166,5800,0,1,2,3,2,200,0,0,60,2,1,2.1
1,24,160,10024,1,1,2,1,2,100,0,1,0,1,3,3.92
0,18,164,4170,0,1,2,1,2,100,0,0,75,1,0,1.55
1,30,178,11827,1,1,1,3,2,209,0,0,13,1,3,3.73
0,21,153,6385,0,0,2,3,2,297,0,0,0,1,5,2.73
1,18,162,6800,1,1,2,1,1,100,0,1,0,1,5,2.59
1,30,161,10154,1,1,2,2,2,100,0,0,0,2,3,3.92
1,31,160,11227,1,1,3,3,2,148,0,0,0,1,3,4.39
1,25,176,8803,1,1,2,3,2,265,0,0,50,0,6,2.84
0,26,162,11064,1,1,3,3,2,268,0,0,5,1,4,4.22
1,16,177,5700,1,1,3,1,1,200,0,0,120,2,0,1.82
1,17,180,6600,1,1,2,3,1,100,0,0,60,2,1,2.04
0,25,170,7538,1,1,2,3,2,200,0,0,33,1,5,2.61
1,21,175,7500,1,1,2,3,1,100,1,2,60,1,1,2.45
1,23,176,10501,1,1,2,3,2,286,0,0,75,1,2,3.39
0,21,153,4200,0,0,3,1,1,131,0,1,0,1,0,1.79
1,29,191,12993,1,1,2,3,2,297,0,0,2,1,3,3.56
1,28,165,6200,1,0,3,3,2,100,0,1,0,1,1,2.28
1,31,177,11829,1,1,3,3,2,203,0,1,69,1,3,3.78
0,26,160,10565,1,1,3,3,2,260,0,0,34,1,4,4.13
1,22,178,6000,1,1,2,3,2,200,0,1,0,2,1,1.89
0,22,160,8200,1,1,2,2,2,200,0,0,120,2,2,3.2
1,25,177,11409,1,1,2,3,2,208,0,1,51,1,3,3.64
1,23,183,12183,1,1,2,2,2,274,0,0,0,1,3,3.64
0,23,155,7969,1,0,1,2,2,100,0,0,95,2,6,3.32
0,26,163,11182,1,1,3,3,2,239,0,0,12,1,4,4.21
0,22,168,8200,1,1,1,1,2,200,0,0,81,2,2,2.91
0,26,163,11194,1,1,3,3,2,260,0,0,15,1,4,4.21
1,24,182,12042,1,1,2,3,2,240,0,0,40,2,3,3.64
0,21,175,13785,1,1,3,3,2,283,0,1,42,1,4,4.5
0,18,161,6946,1,0,3,3,2,118,0,1,60,2,6,2.68
0,26,165,11195,1,1,3,3,2,277,0,0,14,1,4,4.11
1,23,182,12085,1,1,2,3,2,300,0,1,71,1,2,3.65
1,27,168,7800,1,1,2,1,2,200,0,1,0,1,6,2.76
1,20,169,8500,1,1,2,3,1,200,0,1,60,0,6,2.98
1,22,179,8811,1,1,1,1,2,200,0,0,77,2,2,2.75
1,18,170,7500,1,1,2,3,1,200,0,2,60,1,5,2.6
1,21,181,12202,1,1,3,2,2,164,0,0,0,1,3,3.72
1,25,172,6200,1,1,3,3,2,200,0,1,0,2,1,2.1
0,21,169,13133,1,1,3,3,2,133,0,1,53,1,4,4.6
0,26,164,11191,1,1,3,3,2,274,0,0,8,1,4,4.16
1,27,191,12919,1,1,2,3,2,132,0,1,5,1,3,3.54
0,19,172,5017,0,1,1,3,2,292,0,0,119,1,0,1.7
1,17,169,9960,1,1,2,2,2,219,0,1,60,2,2,3.49
0,18,172,8000,1,1,2,2,2,182,0,1,60,2,6,2.7
0,25,163,10998,1,1,3,3,2,270,0,0,39,1,4,4.14
1,18,175,7000,0,1,2,3,2,100,0,2,0,2,1,2.29
1,29,165,9000,1,1,2,3,2,300,0,0,120,1,2,3.31
0,17,165,8500,1,1,3,3,2,200,0,1,120,2,2,3.12
1,18,172,8000,1,0,2,3,2,300,0,1,60,0,6,2.7
0,22,170,7500,1,1,2,3,2,274,0,2,0,1,5,2.6
0,21,161,6800,1,1,3,1,2,100,0,0,0,1,5,2.62
0,36,170,8300,1,1,2,1,2,200,0,1,0,2,6,2.87
0,20,171,13104,1,1,3,3,2,192,0,0,55,1,4,4.48
0,26,164,11181,1,1,3,3,2,255,0,0,15,1,4,4.16
1,21,170,7500,1,1,3,3,1,100,0,1,60,2,5,2.6
0,25,163,6100,1,1,3,1,2,100,0,0,0,2,1,2.3
0,18,175,7982,1,1,2,2,2,245,0,0,58,0,5,2.61
0,21,154,6200,0,1,2,3,2,100,0,1,0,1,5,2.61
1,20,160,6500,1,0,3,1,2,300,0,1,0,2,1,2.54
0,26,162,11135,1,1,3,3,2,263,0,0,5,1,4,4.24
1,22,181,8767,1,1,3,2,2,162,0,2,81,1,5,2.68
1,20,181,8522,1,1,2,3,2,285,0,2,33,1,5,2.6
1,22,175,7500,1,1,2,3,2,200,0,2,0,1,1,2.45
1,30,184,12064,1,1,2,2,2,235,0,0,60,1,3,3.56
1,19,170,7800,0,1,2,3,1,100,0,1,120,0,6,2.7
1,21,163,7000,0,1,2,1,3,200,0,0,0,1,5,2.63
0,23,158,4500,1,0,3,3,0,200,0,2,0,1,0,1.8
0,25,164,10496,1,1,3,3,2,135,0,0,16,1,4,3.9
1,20,175,12500,1,1,3,3,2,100,0,1,0,1,3,4.08
1,21,169,7500,1,1,2,3,2,108,0,0,60,1,5,2.63
0,25,164,10492,1,1,3,3,2,120,0,0,43,1,4,3.9
1,17,170,8500,1,1,3,3,2,300,0,3,120,2,6,2.94
1,21,175,8000,1,1,3,3,0,200,0,3,0,2,6,2.61
1,37,183,11823,1,1,2,3,2,198,0,0,0,1,3,3.53
0,20,173,13393,1,1,3,3,2,282,0,1,56,1,4,4.47
1,30,190,12987,1,1,2,3,2,111,0,1,0,1,3,3.6
0,19,167,6924,1,1,2,1,2,111,0,0,102,1,5,2.48
0,21,170,13187,1,1,3,3,2,142,0,1,40,1,4,4.56
1,28,178,7800,1,0,2,1,2,200,0,1,0,0,5,2.46
1,33,170,7530,1,1,2,2,2,164,0,0,18,1,5,2.61
0,21,174,13384,1,1,3,3,2,286,0,1,55,1,4,4.42
0,21,171,7568,1,1,2,3,2,161,0,0,23,1,5,2.59
0,21,173,13205,1,1,3,3,2,265,0,1,47,1,4,4.41
1,21,179,10565,1,1,2,3,2,229,0,0,32,1,2,3.3
1,28,182,12086,1,1,2,3,2,300,0,0,95,1,3,3.65
0,47,165,8398,1,1,2,1,2,279,0,0,53,2,2,3.08
1,21,161,6700,1,1,2,1,2,200,0,1,0,2,1,2.58
0,22,161,5300,0,1,3,3,3,300,0,3,0,1,1,2.04
1,33,175,10700,1,0,3,3,2,200,0,1,0,1,3,3.49
0,18,158,4145,0,0,2,1,2,200,0,0,92,1,0,1.66
0,24,160,4900,0,1,3,3,1,100,0,2,60,1,1,1.91
1,24,178,11201,1,1,2,1,2,200,0,0,20,1,3,3.54
1,18,187,6000,1,1,2,3,2,202,0,2,0,2,0,1.72
0,40,156,6289,1,1,2,3,2,257,0,0,21,1,5,2.58
1,21,162,7000,1,1,2,1,2,300,0,1,120,2,2,2.67
1,21,175,12260,1,1,2,3,2,163,0,1,51,1,3,4.0
0,17,184,5931,1,1,2,3,2,200,0,2,60,2,0,1.75
1,27,191,10106,1,1,2,3,2,200,0,2,84,1,6,2.77
1,24,184,12124,1,1,2,3,2,204,0,1,0,1,3,3.58
1,22,174,6800,1,1,2,4,2,100,0,0,0,2,1,2.25
0,26,155,5700,0,1,2,3,2,200,0,2,0,1,1,2.37
0,24,175,11390,1,1,3,3,2,284,0,0,32,1,4,3.72
1,32,167,10370,1,1,2,1,2,134,0,1,0,2,3,3.72
1,21,170,8000,1,1,2,3,2,300,0,3,0,2,6,2.77
0,20,175,13361,1,1,3,3,2,148,0,1,40,1,4,4.36
0,22,174,8696,1,1,2,2,2,300,0,0,0,2,2,2.87
0,18,155,5000,0,1,3,3,1,100,0,2,0,1,1,2.08
0,39,155,8053,1,1,2,3,2,200,0,0,0,1,2,3.35
1,18,170,9003,1,1,2,1,2,200,0,1,44,2,2,3.12
0,19,160,4400,0,1,3,3,2,100,0,1,60,1,1,1.72
0,19,157,4900,0,1,2,3,2,100,0,2,120,1,1,1.99
0,20,174,13387,1,1,3,3,2,231,0,1,51,1,4,4.42
1,29,191,12987,1,1,2,3,2,198,0,1,0,1,3,3.56
1,30,182,12099,1,1,2,3,2,216,0,0,19,1,3,3.65
0,33,172,8300,1,1,2,1,2,163,0,1,0,2,6,2.81
0,25,164,10209,1,1,3,3,2,102,0,0,60,1,4,3.8
0,26,164,11187,1,1,3,3,2,261,0,0,5,1,4,4.16
0,25,168,10213,1,1,3,3,2,106,0,0,53,1,2,3.62
1,18,170,8608,0,1,2,4,2,226,1,2,0,1,5,2.98
1,23,180,12500,1,1,2,3,0,300,1,2,60,2,2,3.86
0,21,171,13374,1,1,3,3,2,282,0,1,54,1,4,4.57
0,18,171,5000,0,1,3,3,1,165,0,1,60,2,0,1.71
0,23,156,8000,1,1,2,3,2,113,0,1,120,1,2,3.29
0,20,180,15239,1,1,3,3,2,281,0,0,55,1,4,4.7
0,26,162,11080,1,1,3,3,2,270,0,0,16,1,4,4.22
0,21,173,14029,1,1,3,3,2,286,0,1,46,1,4,4.69
1,24,177,12099,1,1,2,3,2,208,0,1,35,1,3,3.86
0,20,181,15395,1,1,3,3,2,283,0,1,55,1,4,4.7
1,21,170,7500,1,1,2,3,2,200,0,0,103,1,5,2.6
1,24,184,12142,1,1,2,2,2,205,0,1,0,1,3,3.59
1,30,175,12091,1,1,1,3,2,210,0,0,65,1,3,3.95
1,24,182,12086,1,1,3,3,2,249,0,2,42,1,3,3.65
1,23,171,8398,1,1,2,2,2,200,0,0,7,1,6,2.87
0,26,165,11194,1,1,3,3,2,277,0,0,5,1,4,4.11
0,22,165,6200,1,1,3,1,2,200,0,1,0,1,1,2.28
0,21,173,13334,1,1,3,3,2,288,0,1,51,1,4,4.46
1,18,175,8696,1,1,2,3,2,114,0,0,3,1,6,2.84
1,21,165,9442,1,1,3,3,2,200,0,0,9,1,2,3.47
0,28,175,7900,1,1,3,1,2,200,1,2,0,0,5,2.58
0,26,164,11191,1,1,3,3,2,288,0,0,32,1,4,4.16
0,25,163,10457,1,1,3,3,2,122,0,0,34,1,4,3.94
1,17,180,8522,1,1,2,2,2,236,0,1,10,1,5,2.63
1,32,165,10259,1,1,2,2,2,100,0,1,0,2,3,3.77
0,21,165,5800,0,1,3,3,2,200,0,0,0,1,1,2.13
0,21,173,13704,1,1,3,3,2,249,0,1,39,1,4,4.58
1,22,180,9200,1,1,1,1,2,200,0,1,0,1,6,2.84
0,19,165,8608,1,1,2,3,2,196,0,1,7,1,5,3.16
1,21,175,7800,1,1,3,3,2,300,1,2,0,1,5,2.55
1,25,169,9000,1,1,2,3,2,209,0,0,15,1,2,3.15
1,18,176,8000,1,1,3,1,1,100,0,1,0,1,5,2.58
0,19,174,5369,0,1,2,3,1,107,0,2,60,1,0,1.77
1,23,181,12182,1,1,2,3,2,204,0,1,42,1,3,3.72
0,26,164,11188,1,1,3,3,2,262,0,0,5,1,4,4.16
1,33,170,8300,1,1,2,1,2,200,0,1,0,2,6,2.87
1,34,176,8472,1,1,2,3,2,200,0,2,0,1,6,2.74
0,26,162,11193,1,1,3,3,2,262,0,0,14,1,4,4.26
1,17,180,6000,1,1,2,3,2,200,0,0,60,1,1,1.85
1,21,169,6000,1,1,2,1,2,200,0,1,60,1,1,2.1
0,22,162,8200,1,1,2,1,2,212,0,0,60,2,2,3.12
1,23,170,7000,0,1,2,1,2,200,0,2,0,1,1,2.42
1,18,175,8000,1,1,2,1,2,200,0,0,33,2,5,2.61
1,23,172,8300,1,1,2,3,2,200,0,0,120,1,6,2.81
0,23,166,8055,1,1,2,1,2,226,0,1,0,2,2,2.92
1,23,173,8341,1,1,2,1,2,166,0,0,0,1,6,2.79
0,18,170,5000,0,1,2,3,2,200,0,1,60,1,0,1.73
0,19,159,4481,0,0,2,1,1,114,1,0,0,1,0,1.77
1,27,184,12042,1,1,2,3,2,292,0,1,17,1,3,3.56
0,26,167,9000,1,1,2,3,2,300,0,0,112,1,2,3.23
1,22,184,12152,1,1,3,2,2,181,0,1,0,1,3,3.59
1,31,175,12002,1,1,2,3,2,242,0,0,0,1,3,3.92
1,29,182,11943,1,1,2,3,2,200,0,1,40,1,3,3.61
1,26,182,12317,1,1,2,3,2,200,0,0,44,1,3,3.72
0,21,162,7000,1,1,2,1,3,200,0,1,60,1,2,2.67
0,26,161,11188,1,1,3,3,2,274,0,0,32,1,4,4.32
0,34,157,4431,0,0,2,3,1,100,0,0,0,1,0,1.8
1,20,177,10500,1,1,2,3,2,300,0,1,60,1,2,3.35
1,18,178,5086,0,1,1,3,2,163,0,0,60,1,0,1.61
1,27,176,8966,1,1,2,3,2,200,0,0,18,1,6,2.89
1,20,184,5929,1,1,2,3,2,200,0,2,48,2,0,1.75
0,24,170,8000,1,1,2,1,2,200,0,1,0,0,6,2.77
0,26,164,11193,1,1,3,3,2,263,0,0,3,1,4,4.16
1,21,177,8999,1,1,2,2,2,218,0,2,0,1,5,2.87
1,22,169,6000,1,1,2,3,0,100,0,0,0,2,1,2.1
1,23,170,9702,1,1,2,2,2,200,0,2,60,2,2,3.36
0,19,155,4500,0,1,2,3,1,107,0,1,0,1,5,1.87
1,22,185,12127,1,1,2,2,2,215,0,0,0,1,3,3.54
1,18,182,10830,1,1,2,2,2,200,0,1,60,2,2,3.27
1,26,172,7800,1,0,2,1,2,200,0,1,0,1,6,2.64
1,22,178,6800,0,1,3,3,2,100,0,1,0,1,1,2.15
1,19,172,8800,1,1,2,3,2,200,0,1,60,1,6,2.97
0,18,164,8867,1,1,2,1,2,200,0,0,105,2,2,3.3
0,26,163,11062,1,1,3,3,2,260,0,0,22,1,4,4.16
1,21,168,8000,1,1,2,3,2,200,0,1,60,2,6,2.83
0,19,162,5450,1,1,2,3,2,200,0,1,0,1,1,2.08
0,21,162,4200,0,1,3,1,1,100,0,0,0,1,0,1.6
1,41,191,11000,1,1,2,1,2,200,0,1,0,0,2,3.02
0,22,163,6000,1,1,2,3,1,100,1,1,0,2,1,2.26
1,18,182,10819,1,0,2,1,2,214,0,1,0,1,2,3.27
0,18,159,5500,0,1,3,4,2,200,0,2,60,2,1,2.18
1,23,170,8378,1,1,2,2,2,200,0,0,60,1,6,2.9
0,23,159,4484,1,1,2,1,2,256,0,0,0,1,0,1.77
1,26,188,9000,1,1,2,3,2,200,0,3,0,1,2,2.55
1,24,177,11739,1,1,1,2,2,200,0,1,8,1,3,3.75
1,22,182,12278,1,1,3,3,2,200,0,0,0,1,3,3.71
1,17,184,6000,1,1,3,3,2,200,0,2,0,2,0,1.77
0,21,153,5300,1,1,2,3,2,100,0,1,60,1,1,2.26
1,17,172,5378,1,1,2,3,2,200,0,1,120,1,0,1.82
1,35,174,8522,1,1,2,3,2,193,0,1,0,1,6,2.81
0,21,163,6300,1,1,2,1,2,200,0,1,0,1,1,2.37
1,17,175,5483,1,1,3,3,2,200,0,2,60,1,0,1.79
1,21,170,8000,1,1,2,3,2,200,0,0,60,1,6,2.77
0,22,159,8000,1,1,2,3,2,200,0,2,0,1,2,3.16
0,21,173,7827,1,1,1,2,2,200,0,2,0,1,5,2.62
0,22,160,8200,1,1,2,1,2,200,0,1,0,1,2,3.2
1,22,184,12281,1,1,3,2,2,164,0,0,0,1,3,3.63
0,20,159,4458,0,0,3,1,1,124,0,0,0,2,0,1.76
1,29,176,10860,1,1,2,3,2,215,0,1,0,2,2,3.51
0,18,163,5500,1,1,2,3,1,200,0,1,60,2,1,2.07
0,22,160,8000,1,1,2,1,2,200,0,2,0,2,6,3.12
0,23,163,8300,1,1,3,1,2,300,0,0,120,2,2,3.12
1,18,172,5300,1,1,3,3,2,200,0,1,120,1,0,1.79
1,20,182,9588,1,1,2,3,2,297,0,0,118,1,6,2.89
0,26,165,11121,1,1,3,3,2,272,0,0,33,1,4,4.08
0,25,165,8000,1,1,2,3,2,200,0,2,60,2,6,2.94
1,21,162,7000,0,1,2,3,1,200,0,1,0,1,5,2.67
0,18,162,5000,0,1,2,3,0,100,0,1,60,1,1,1.91
1,27,181,10990,1,1,2,2,2,189,0,0,0,1,3,3.35
0,18,164,5300,1,1,2,3,1,200,0,2,60,1,1,1.97
1,23,186,12127,1,1,2,2,2,197,0,1,0,1,3,3.51
0,19,156,5800,1,1,3,3,2,100,0,3,0,2,1,2.38
0,22,163,4500,0,1,2,3,2,100,1,0,120,1,1,1.69
1,18,175,5552,1,1,1,3,2,200,0,2,60,1,0,1.81
0,20,164,6400,1,1,2,3,2,200,0,0,120,1,1,2.38
1,21,175,7000,0,1,2,3,3,300,0,1,0,1,5,2.29
1,21,165,8000,1,1,2,3,2,200,0,2,0,2,6,2.94
1,29,170,7800,0,1,2,3,1,200,0,0,60,0,6,2.7
1,24,178,12061,1,1,2,2,2,268,0,1,0,1,3,3.81
1,22,184,12131,1,1,2,2,2,285,0,1,0,1,3,3.58
0,26,162,11194,1,1,3,3,2,277,0,0,8,1,4,4.27
0,21,154,4900,0,1,3,3,1,300,0,0,0,2,0,2.07
1,21,175,7500,1,1,2,3,2,237,0,2,6,1,5,2.45
1,37,174,7624,1,1,2,2,2,192,0,1,0,1,2,2.52
1,32,169,9857,1,1,2,2,2,217,0,1,0,1,6,3.45
0,23,162,5900,1,1,3,3,2,200,0,2,0,1,1,2.25
1,25,175,11300,1,0,2,3,2,200,0,3,0,0,3,3.69
1,21,190,7500,1,1,3,3,2,300,0,2,0,1,5,2.08
0,21,154,8000,1,1,2,1,2,200,0,2,0,2,2,3.37
1,21,178,8843,1,1,2,3,2,200,0,0,93,1,5,2.79
0,24,163,5800,1,1,3,3,2,100,0,1,60,2,1,2.18
0,26,164,11192,1,1,3,3,2,263,0,0,17,1,4,4.16
1,30,189,12426,1,1,2,3,2,184,0,0,0,2,3,3.48
0,21,175,7800,1,1,2,1,2,200,0,1,0,2,5,2.55
0,16,173,5497,0,1,2,3,2,191,0,1,60,1,0,1.84
1,18,184,5114,1,1,3,3,2,219,0,0,8,1,0,1.51
1,25,177,11283,1,1,2,3,2,200,0,1,0,1,3,3.6
0,23,163,5900,1,1,3,3,2,200,0,0,60,2,1,2.22
1,22,181,9500,1,1,2,2,2,200,0,1,0,1,6,2.9
1,22,172,9503,1,1,2,3,2,200,0,0,88,2,2,3.21
1,25,176,11283,1,1,1,3,2,200,0,1,0,1,3,3.64
1,22,173,9474,1,1,2,3,2,200,0,2,118,2,2,3.17
1,40,171,10990,1,1,2,3,2,199,0,1,33,2,2,3.76
1,19,180,8500,1,0,3,3,2,200,0,1,60,1,6,2.62
1,33,178,10755,1,1,2,2,2,209,0,2,0,1,2,3.39
0,23,175,9500,1,1,2,3,2,300,0,2,120,2,2,3.1
1,39,178,10889,1,1,2,3,2,200,0,1,0,1,2,3.44
1,24,177,7300,1,1,2,3,2,100,0,1,60,1,1,2.33
1,22,179,10502,1,1,2,3,2,270,0,0,24,1,2,3.28
1,21,177,9700,1,1,2,3,2,100,0,1,0,2,2,3.1
0,21,174,13290,1,1,3,3,2,285,0,1,51,1,4,4.39
1,23,175,6500,1,1,2,3,2,200,0,2,0,2,1,2.12
1,20,165,9000,0,1,2,3,2,300,0,1,0,1,6,3.31
0,26,162,11010,1,1,3,3,2,261,0,0,9,1,4,4.2
1,27,175,7200,1,1,3,3,2,200,0,3,60,1,1,2.35
1,18,170,7000,0,1,2,1,1,200,0,1,120,1,5,2.42
0,21,172,13361,1,1,3,3,2,287,0,1,54,1,4,4.52
0,21,171,13394,1,1,3,3,2,283,0,1,42,1,4,4.58
0,18,174,13366,1,1,3,3,2,284,0,1,43,1,4,4.41
1,18,169,5262,1,1,2,3,2,113,0,0,101,1,0,1.84
0,21,174,13380,1,1,3,3,2,272,0,1,48,1,4,4.42
1,22,182,12156,1,1,3,2,2,185,0,0,0,1,3,3.67
0,18,153,4170,1,1,2,3,2,100,0,0,93,2,0,1.78
0,19,174,13384,1,1,3,3,2,295,0,1,55,1,4,4.42
1,20,178,7200,1,1,2,3,1,100,0,2,0,1,1,2.27
1,30,190,12901,1,1,2,3,2,148,0,1,0,1,3,3.57
0,26,163,11193,1,1,3,3,2,261,0,0,7,1,4,4.21
1,17,170,5000,0,1,2,3,1,200,0,2,120,1,0,1.73
0,28,170,7800,1,1,2,1,2,184,0,1,0,1,6,2.7
1,27,175,11763,1,1,2,3,2,201,0,1,0,1,3,3.84
1,19,160,6200,1,1,2,3,2,200,0,1,60,1,1,2.42
1,20,170,9920,1,1,2,3,2,284,0,1,0,2,2,3.43
0,22,159,4481,0,1,2,2,1,151,0,0,0,1,0,1.77
1,34,175,8580,1,1,2,3,2,217,0,2,0,1,5,2.8
0,21,161,6791,1,1,2,3,2,284,0,1,0,1,5,2.62
0,25,160,7807,1,1,2,3,2,140,0,1,0,1,6,3.05
1,23,172,8000,1,1,2,3,2,200,0,0,120,1,6,2.7
1,23,185,12202,1,1,2,2,2,177,0,0,0,1,3,3.57
0,21,174,13395,1,1,3,3,2,284,0,1,42,1,4,4.42
0,22,171,5155,1,1,2,3,1,244,0,0,120,2,0,1.76
1,21,164,8867,1,1,2,1,2,127,0,0,60,1,6,3.3
1,23,172,9600,1,1,2,3,2,100,0,1,0,2,2,3.24
0,16,160,6500,0,1,1,1,2,197,1,0,115,1,5,2.54
0,26,163,11153,1,1,3,3,2,232,0,0,32,1,4,4.2
1,20,183,6600,0,1,2,3,2,200,0,3,60,1,1,1.97
1,22,168,6500,1,1,2,3,2,200,0,0,60,1,1,2.3
1,22,171,5089,1,1,1,3,2,200,0,0,81,1,0,1.74
0,21,174,13301,1,1,3,3,2,282,0,1,54,1,4,4.39
0,19,162,6924,0,1,1,3,2,100,0,1,60,1,5,2.64
0,26,163,11188,1,1,3,3,2,264,0,0,7,1,4,4.21
0,26,161,10505,1,1,3,3,2,161,0,0,26,1,4,4.05
0,34,165,7357,1,0,3,3,2,200,0,1,0,1,6,2.7
1,17,184,8700,1,0,2,4,1,300,0,2,60,0,5,2.57
1,18,172,8608,1,1,2,3,2,200,0,1,104,1,6,2.91
1,22,180,9100,1,1,2,3,1,200,0,2,60,1,6,2.81
1,20,185,11500,1,1,2,3,1,300,0,2,0,1,2,3.36
0,25,168,10477,1,1,3,3,2,177,0,0,31,1,4,3.71
0,18,174,13348,1,1,3,3,2,283,0,1,48,1,4,4.41
0,20,174,12646,1,1,3,3,2,283,0,1,43,1,4,4.18
0,23,170,5000,0,0,3,3,1,100,0,1,60,2,0,1.73
0,18,156,5800,0,1,2,3,2,100,0,1,0,1,5,2.38
1,24,170,8500,1,1,2,3,2,209,0,0,92,1,6,2.94
0,21,174,13364,1,1,3,3,2,231,0,1,55,1,4,4.41
0,18,162,6963,0,1,2,1,2,207,0,0,46,1,5,2.65
0,25,160,10487,1,1,3,3,2,249,0,0,34,1,4,4.1
0,25,162,10484,1,1,3,3,2,148,0,0,33,1,4,3.99
0,19,158,4193,0,1,2,1,2,100,0,0,84,1,0,1.68
0,38,155,6300,0,1,3,1,0,200,0,0,0,1,5,2.62
1,30,175,12800,0,1,3,3,2,200,0,1,0,2,3,4.18
1,27,185,11765,1,1,2,2,2,200,0,0,21,1,3,3.44
1,24,182,12152,1,1,2,3,2,289,0,1,0,1,3,3.67
1,24,170,8500,1,0,3,4,1,200,0,2,0,2,6,2.94
0,38,155,7768,1,1,2,2,2,162,0,0,0,1,2,3.23
1,17,172,7000,1,1,2,4,1,200,0,2,60,1,1,2.37
0,23,160,5300,1,1,2,3,2,200,0,1,0,1,1,2.07
0,18,165,9000,1,1,3,3,2,100,0,0,60,2,2,3.31
0,20,172,8000,1,1,2,3,2,195,0,1,60,2,6,2.7
0,31,156,7179,1,1,3,1,2,200,0,1,60,1,5,2.95
1,17,184,5819,1,1,2,3,2,200,0,2,50,2,0,1.72
0,21,175,7954,1,1,2,3,2,200,0,1,60,1,5,2.6
1,31,186,12506,1,1,2,3,2,151,0,0,15,1,3,3.61
0,26,163,11194,1,1,3,3,2,261,0,0,0,1,4,4.21
1,30,191,12407,1,1,2,3,2,198,0,0,6,1,3,3.4
0,25,159,10227,1,1,3,3,2,112,0,0,15,1,4,4.05
1,32,165,10106,1,1,2,1,2,100,0,1,0,2,3,3.71
0,19,166,6700,1,1,2,3,2,200,0,1,60,1,1,2.43
1,21,187,12500,1,1,2,3,2,200,0,1,60,2,2,3.57
1,33,168,8300,1,1,2,1,2,200,0,1,0,1,6,2.94
0,21,180,14993,1,1,3,3,2,236,0,1,53,1,4,4.63
1,32,176,12034,1,1,2,3,2,252,0,0,58,1,3,3.88
0,26,161,11193,1,1,3,3,2,272,0,0,5,1,4,4.32
0,38,179,8000,1,0,2,3,2,100,0,2,60,1,6,2.5
1,25,178,11562,1,1,2,3,2,204,0,1,0,1,3,3.65
0,19,160,4500,0,0,3,3,1,230,0,1,0,1,0,1.76
1,23,175,7000,0,1,2,4,1,200,0,2,120,2,1,2.29
1,21,162,5800,0,1,2,3,2,100,0,0,60,1,1,2.21
0,25,163,10223,1,1,3,3,2,103,0,0,55,1,4,3.85
0,21,171,15037,1,1,3,3,2,283,0,1,46,1,4,5.14
1,24,171,9866,1,1,2,2,2,188,0,0,60,2,2,3.37
1,31,175,11833,1,1,2,3,2,253,0,0,80,1,3,3.86
1,19,185,8000,0,1,2,3,2,100,0,2,60,0,1,2.34
1,18,172,9700,1,1,2,3,2,300,0,2,60,2,2,3.28
0,23,166,11409,1,1,3,3,2,290,0,0,33,1,4,4.14
1,29,190,12967,1,1,2,3,2,166,0,0,0,1,3,3.59
1,25,178,11502,1,1,2,3,2,218,0,1,45,1,3,3.63
1,26,181,11840,1,1,2,3,2,217,0,0,0,1,3,3.61
1,18,172,5200,1,1,2,3,1,200,0,1,60,1,0,1.76
0,21,169,6793,1,1,3,1,2,200,0,1,99,2,6,2.38
1,18,180,8500,0,0,2,3,2,200,0,0,120,1,6,2.62
0,21,178,13785,1,1,3,3,2,253,0,1,50,1,4,4.35
0,18,174,13390,1,1,3,3,2,283,0,1,48,1,4,4.42
1,27,178,10281,1,1,2,2,2,100,0,1,0,1,3,3.24
1,25,177,11477,1,1,2,3,2,211,0,1,0,1,3,3.66
1,39,178,10106,1,1,2,3,2,294,0,2,0,1,2,3.19
0,24,165,11390,1,1,3,3,2,238,0,0,0,1,4,4.18
0,21,175,7837,1,1,2,3,2,200,0,1,0,1,5,2.56
0,18,168,9000,1,1,2,3,2,213,0,0,60,1,2,3.19
1,26,178,11425,1,1,2,3,2,212,0,1,4,1,3,3.61
0,20,179,16093,1,1,3,3,2,231,0,1,55,1,4,5.02
1,19,169,7800,1,1,2,2,2,200,0,0,98,2,6,2.73
0,19,170,7800,1,1,3,3,1,200,0,2,60,2,6,2.7
1,18,176,5200,0,1,3,3,1,200,0,2,0,1,0,1.68
1,24,175,11736,1,1,1,2,2,200,0,1,37,1,3,3.83
1,18,183,5999,1,1,2,4,2,200,0,1,0,1,0,1.79
1,38,175,11820,1,1,2,3,2,200,0,0,0,1,3,3.86
1,22,169,5600,1,0,2,3,2,200,0,2,60,1,1,1.96
0,30,165,7200,1,0,3,3,2,300,0,1,0,1,6,2.64
0,22,162,8203,1,1,2,1,2,200,0,0,8,2,2,3.13
0,18,158,5300,0,1,2,3,1,100,0,2,60,1,1,2.12
0,18,157,5500,0,1,3,3,2,100,0,1,0,1,1,2.23
0,26,162,11097,1,1,3,3,2,270,0,0,32,1,4,4.23
0,21,173,13133,1,1,3,3,2,179,0,1,57,1,4,4.39
1,22,183,8990,1,1,1,3,2,200,0,1,60,1,5,2.68
0,21,165,6000,0,1,3,3,2,200,0,0,60,1,1,2.2
0,17,160,5500,0,1,2,3,2,200,0,1,0,1,1,2.15
1,28,182,12087,1,1,2,3,2,296,0,1,45,1,3,3.65
0,23,170,4900,0,1,3,3,1,200,0,2,0,2,0,1.7
0,21,156,5800,1,0,2,3,0,200,0,0,0,2,1,2.38
1,17,165,8500,1,1,2,3,2,200,0,1,60,2,2,3.12
1,25,185,11510,1,1,2,1,2,245,0,1,87,2,3,3.36
0,29,166,4998,1,1,2,2,1,187,0,0,51,2,0,1.81
1,27,184,11908,1,1,2,3,2,203,0,0,37,1,3,3.52
0,26,164,11181,1,1,3,3,2,255,0,0,13,1,4,4.16
0,21,175,13779,1,1,3,3,2,218,0,1,54,1,4,4.5
0,25,160,10547,1,1,3,3,2,170,0,0,55,1,4,4.12
0,21,161,6793,1,1,2,3,2,277,0,1,113,1,5,2.62
0,26,164,11189,1,1,3,3,2,289,0,0,6,1,4,4.16
1,30,175,12000,1,0,2,3,2,300,0,0,60,1,3,3.92
1,18,170,8000,1,1,1,3,1,200,0,1,60,0,6,2.77
0,18,157,3910,0,1,1,3,2,133,0,0,120,1,0,1.59
0,21,175,13384,1,1,3,3,2,283,0,1,46,1,4,4.37
0,26,163,11194,1,1,3,3,2,265,0,0,7,1,4,4.21
1,22,172,9500,1,1,2,3,2,200,0,0,118,2,2,3.21
0,18,170,9105,1,1,2,2,2,127,0,1,4,1,2,3.15
0,20,180,15237,1,1,3,3,2,235,0,0,45,1,4,4.7
1,17,170,8033,1,0,2,2,2,200,0,0,37,2,6,2.78
0,18,160,6000,1,1,3,3,2,100,0,1,0,2,1,2.34
0,26,163,11186,1,1,3,3,2,268,0,0,0,1,4,4.21
1,23,170,5300,1,1,2,3,2,200,0,3,60,1,1,1.83
0,23,171,8472,1,1,2,3,2,300,0,2,49,2,2,2.9
0,19,159,4900,0,1,3,3,2,100,0,2,60,1,0,1.94
0,21,156,5300,0,1,3,3,2,200,0,2,60,2,1,2.18
1,19,178,7900,1,0,2,4,0,200,0,3,0,1,1,2.49
0,20,175,13390,1,1,3,3,2,286,0,1,46,1,4,4.37
1,18,172,5200,0,1,2,3,1,100,0,2,60,1,0,1.76
1,22,174,9400,1,1,2,3,2,200,0,2,0,2,2,3.1
0,38,156,6285,0,1,2,1,2,162,0,0,16,1,5,2.58
1,23,167,8356,1,1,2,1,2,237,0,0,120,2,2,3.0
1,30,176,11854,1,1,2,3,2,229,0,0,119,1,3,3.83
1,21,170,6200,1,0,3,3,2,200,0,1,0,1,1,2.15
1,19,170,7500,1,0,2,3,2,200,0,2,60,1,1,2.6
0,39,165,8000,1,1,2,3,0,100,0,0,0,2,2,2.94
0,22,159,3958,1,1,2,3,1,200,0,0,120,2,0,1.57
1,17,170,8500,0,1,2,3,2,200,0,2,60,1,6,2.94
1,21,165,8000,1,0,2,1,2,200,0,2,0,2,6,2.94
0,38,155,7700,1,1,2,3,2,100,0,0,0,1,2,3.2
0,26,160,11183,1,1,3,3,2,247,0,0,32,1,4,4.37
1,31,190,12993,1,1,2,3,2,120,0,0,26,1,3,3.6
0,39,168,7971,1,1,2,3,2,200,0,0,0,2,0,2.82
0,26,164,11194,1,1,3,3,2,263,0,0,1,1,4,4.16
1,27,180,12077,1,1,2,3,2,229,0,1,41,1,3,3.73
1,55,178,8000,1,1,2,3,1,200,0,1,60,1,6,2.52
1,18,180,6000,1,1,2,4,2,200,0,2,60,1,0,1.85
0,26,162,10687,1,1,3,3,2,277,0,0,46,1,4,4.07
0,22,170,6800,1,1,2,3,2,200,0,0,60,1,1,2.35
1,18,172,5233,0,1,1,3,2,127,0,0,95,1,0,1.77
1,30,178,12541,1,1,2,3,2,149,0,1,0,1,3,3.96
1,19,180,8500,0,1,3,3,2,300,1,2,0,1,5,2.62
1,25,183,12131,1,1,3,3,2,295,0,1,0,1,3,3.62
1,23,167,6800,0,1,3,3,2,200,0,1,120,1,1,2.44
0,25,162,10485,1,1,3,3,2,103,0,0,24,1,4,4.0
0,22,171,7597,1,1,2,3,1,101,0,0,27,1,5,2.6
0,26,168,11160,1,1,3,3,2,247,0,0,47,1,4,3.95
0,26,162,11157,1,1,3,3,2,251,0,0,40,1,4,4.25
1,18,179,10500,1,1,2,3,2,300,0,0,120,1,2,3.28
0,20,179,15237,1,1,3,3,2,295,0,1,57,1,4,4.76
1,20,180,7000,1,1,3,3,2,100,0,1,60,1,1,2.16
0,39,153,7700,1,1,2,3,2,100,0,0,0,1,2,3.29
1,33,170,8300,1,1,2,1,2,200,0,2,0,2,6,2.87
0,18,174,13310,1,1,3,3,2,286,0,1,55,1,4,4.4
0,26,163,11091,1,1,3,3,2,285,0,0,27,1,4,4.17
1,17,175,5885,1,1,2,3,2,200,0,2,60,2,0,1.92
0,29,166,8904,1,1,2,3,2,138,0,0,60,1,2,3.23
1,21,172,7500,1,1,2,3,2,100,0,1,60,1,5,2.54
0,18,159,4034,0,1,2,3,2,100,0,1,64,1,0,1.6
0,25,162,10498,1,1,3,3,2,265,0,0,16,1,4,4.0
1,21,171,7000,0,1,2,1,3,277,0,0,0,1,5,2.39
1,23,175,5188,1,1,2,3,1,200,0,0,120,1,0,1.69
0,25,172,10483,1,1,3,3,2,277,0,0,34,1,4,3.54
0,19,158,7934,1,0,2,2,2,253,0,1,28,2,6,3.18
1,55,170,8000,1,1,2,1,2,200,0,1,60,2,6,2.77
1,21,170,7509,1,1,2,3,2,264,0,1,38,1,5,2.6
0,20,172,13156,1,1,3,3,2,165,0,1,56,1,4,4.45
1,21,162,7000,0,1,2,3,3,200,0,1,60,1,5,2.67
1,29,175,11201,1,1,1,3,2,203,0,0,0,1,3,3.66
1,20,179,10513,1,1,2,3,2,285,0,2,113,2,2,3.28
1,22,170,7500,1,1,2,3,1,200,0,1,60,1,5,2.6
1,23,185,12163,1,1,3,2,2,253,0,1,0,1,3,3.55
0,23,174,8472,1,1,3,3,2,200,0,0,0,2,6,2.8
1,23,181,9334,1,1,2,2,2,100,0,0,57,1,6,2.85
1,20,181,6425,1,0,3,3,2,178,0,0,4,1,0,1.96
1,18,179,10874,1,1,2,3,2,270,0,1,85,1,2,3.39
1,19,182,8700,1,1,3,3,2,300,0,3,0,1,5,2.63
0,21,161,6812,1,1,1,3,3,217,0,0,90,1,5,2.63
1,25,175,11007,1,1,2,3,2,273,0,0,86,1,3,3.59
1,19,171,8079,1,0,2,3,2,200,0,1,0,1,6,2.76
0,24,166,6400,1,1,3,3,2,200,0,0,60,2,1,2.32
0,18,163,4500,0,0,3,3,2,200,1,1,0,1,0,1.69
0,21,170,7541,1,1,1,3,2,200,0,0,60,1,5,2.61
1,24,175,11224,1,1,2,3,2,200,0,1,0,1,3,3.66
0,18,164,4980,0,1,3,3,2,100,0,1,60,1,0,1.85
1,23,170,7500,1,1,2,3,2,200,0,1,0,1,5,2.6
1,32,170,10278,1,1,2,1,2,100,0,1,0,1,3,3.56
0,21,152,6900,1,1,2,1,2,100,0,1,0,1,2,2.99
0,37,160,6301,1,1,2,3,2,183,1,0,20,1,5,2.46
1,25,176,11826,1,1,2,3,2,216,0,1,41,1,3,3.82
0,26,164,11115,1,1,3,3,2,263,0,0,13,1,4,4.13
0,25,165,10208,1,1,3,3,2,103,0,0,54,1,4,3.75
1,21,184,6000,0,1,2,2,2,100,0,1,0,1,1,1.77
0,21,173,13390,1,1,3,3,2,285,0,1,49,1,4,4.47
0,23,167,5700,0,1,3,3,0,200,0,0,120,1,1,2.04
0,20,160,5600,0,1,2,3,1,200,0,2,0,2,1,2.19
0,22,174,5416,1,1,3,3,1,205,0,1,0,2,0,1.79
1,21,166,6000,0,1,2,3,2,200,0,2,0,1,1,2.18
1,29,178,10503,1,1,2,3,2,104,0,0,33,1,2,3.31
0,21,162,6200,0,1,2,3,2,200,0,2,0,2,1,2.36
1,18,171,5205,1,1,1,3,2,200,0,0,104,1,0,1.78
1,21,170,7500,1,1,2,3,2,300,0,1,0,1,5,2.6
0,22,164,4464,0,0,3,1,1,230,0,0,0,2,0,1.66
1,29,190,12923,1,1,2,3,2,133,0,1,0,1,3,3.58
0,17,157,5100,1,0,3,3,1,200,0,1,60,2,1,2.07
0,22,175,8000,1,1,1,3,2,200,0,2,0,1,5,2.61
1,18,170,5000,0,1,3,3,1,100,0,1,120,1,0,1.73
0,19,167,4903,0,1,1,3,2,100,0,1,60,1,0,1.76
1,23,169,9000,1,1,2,3,2,300,0,0,16,1,2,3.15
0,21,160,6612,1,1,2,3,2,187,0,0,0,1,5,2.58
0,27,164,6997,1,0,2,3,2,161,0,0,60,2,6,2.6
1,21,162,6800,1,0,2,1,2,300,0,1,0,2,5,2.59
0,33,165,6200,0,1,2,3,2,200,0,1,60,1,1,2.28
1,20,180,8500,1,1,3,3,2,300,0,2,60,1,5,2.62
0,31,168,7300,1,1,2,3,2,100,0,2,0,1,5,2.59
1,30,190,12915,1,1,2,3,2,282,0,1,0,1,3,3.58
0,26,163,11158,1,1,3,3,2,286,0,0,7,1,4,4.2
1,23,170,8220,1,0,2,1,2,199,0,0,81,2,6,2.84
0,20,160,5500,0,1,3,3,2,200,0,2,120,1,1,2.15
0,26,164,11182,1,1,3,3,2,286,0,0,35,1,4,4.16
0,18,159,5017,0,1,2,3,2,185,0,0,79,1,0,1.98
1,25,178,11538,1,1,1,3,2,211,0,1,9,1,3,3.64
0,18,172,5200,0,1,3,3,2,154,0,1,60,1,0,1.76
0,21,171,13396,1,1,3,3,2,124,0,1,56,1,4,4.58
1,17,179,5098,0,1,2,3,2,154,0,0,60,1,0,1.59
1,23,170,9500,1,1,2,3,1,200,0,2,60,2,6,3.29
1,18,172,6800,0,1,2,3,1,100,0,1,60,1,1,2.3
1,29,173,8200,1,1,2,3,2,148,0,0,86,1,6,2.74
0,21,150,6263,1,0,2,1,2,200,0,1,0,1,5,2.78
0,25,175,11413,1,1,3,3,2,249,0,0,27,1,4,3.73
1,23,170,7500,1,1,3,3,1,200,0,0,60,1,5,2.6
0,21,174,13347,1,1,3,3,2,183,0,1,53,1,4,4.41
0,40,155,7720,1,1,2,2,2,195,0,0,0,1,2,3.21
0,25,160,10230,1,1,3,3,2,102,0,0,60,1,4,4.0
1,21,181,10558,1,1,2,3,2,272,0,0,110,1,2,3.22
1,20,178,10800,0,1,2,3,2,300,0,1,60,2,2,3.41
0,20,157,6500,1,0,2,2,2,245,0,1,81,1,6,2.64
1,31,175,12041,1,1,2,3,2,206,0,0,0,1,3,3.93
1,20,170,8000,0,1,2,3,2,300,0,2,60,2,6,2.77
1,26,182,12064,1,1,2,3,2,217,0,1,57,1,3,3.64
1,23,177,11908,1,1,1,2,2,200,0,1,51,1,3,3.8
0,20,170,12885,1,1,3,3,2,148,0,0,55,1,4,4.46
0,29,166,6000,1,1,3,3,0,200,0,0,0,1,1,2.18
1,25,170,7500,1,1,2,3,2,100,0,1,60,2,1,2.6
0,23,154,4800,1,0,1,3,2,200,0,2,0,1,1,2.02
1,34,175,8398,1,1,2,3,2,300,0,0,0,2,6,2.74
0,26,162,11193,1,1,3,3,2,261,0,0,27,1,4,4.26
0,21,150,5000,1,1,2,3,1,200,0,0,0,1,1,2.22
0,22,163,8200,1,1,3,3,2,281,0,0,60,1,2,3.09
1,18,178,6500,1,1,3,3,1,200,0,1,60,2,1,2.05
1,22,179,9673,1,1,2,2,2,293,0,2,81,2,2,3.02
1,23,186,12061,1,1,2,3,2,284,0,1,10,1,3,3.49
0,26,162,11010,1,1,3,3,2,261,0,0,26,1,4,4.2
1,37,170,9136,1,1,1,1,2,200,0,0,4,1,6,3.16
1,21,161,6946,1,1,2,1,3,300,0,1,0,2,5,2.68
0,23,160,6000,1,1,2,3,2,200,0,1,60,1,1,2.34
0,25,166,10470,1,1,3,3,2,113,0,0,32,1,4,3.8
1,25,181,10701,1,1,2,3,2,261,0,2,30,1,2,3.27
0,20,181,15395,1,1,3,3,2,249,0,1,37,1,4,4.7
1,30,179,11826,1,1,2,3,2,200,0,0,80,1,3,3.69
0,23,165,8000,1,1,2,3,2,226,0,0,120,2,6,2.94
1,18,175,6000,0,0,2,3,2,200,0,1,0,1,0,1.96
0,21,167,7500,1,1,2,3,2,200,0,1,60,1,5,2.69
0,20,165,8802,1,1,2,3,2,100,0,1,77,2,2,3.23
1,25,186,11763,1,1,1,3,2,204,0,1,37,1,3,3.4
1,21,169,7500,1,1,3,3,2,200,0,1,0,1,5,2.63
1,21,178,6400,1,1,2,3,2,300,0,1,0,1,1,2.02
1,27,185,12182,1,1,2,3,2,100,0,1,58,1,3,3.56
1,29,184,11225,1,1,2,3,2,195,0,0,0,1,3,3.32
1,26,177,11833,1,1,2,3,2,235,0,1,51,1,3,3.78
0,42,153,8102,1,1,2,3,2,100,0,0,0,2,2,3.46
0,21,178,7581,1,1,2,3,2,181,0,0,54,1,5,2.39
1,17,170,7500,0,1,3,3,2,200,0,1,0,1,5,2.6
0,26,167,11135,1,1,3,3,2,277,0,0,16,1,4,3.99
1,34,170,8400,0,1,2,3,1,200,0,3,60,2,6,2.91
0,23,155,5000,0,1,2,1,2,100,0,0,60,1,1,2.08
1,22,186,12183,1,1,2,2,2,185,0,1,0,1,3,3.52
1,17,170,8300,1,0,2,3,2,200,0,1,60,1,6,2.87
1,25,176,11390,1,0,3,3,2,200,0,1,0,1,3,3.68
1,28,166,8999,1,1,1,2,2,195,0,0,30,1,2,3.27
0,20,171,13156,1,1,3,3,2,282,0,1,55,1,4,4.5
0,25,160,10497,1,1,3,3,2,167,0,0,29,1,4,4.1
1,18,176,5500,1,1,3,3,1,200,0,2,60,2,0,1.78
1,19,172,8500,1,1,2,3,1,200,0,3,120,1,6,2.87
0,17,193,4967,0,1,1,3,2,200,0,2,60,1,0,1.33
1,25,174,11287,1,1,2,3,2,200,0,1,0,1,3,3.73
1,23,177,11689,1,1,1,3,2,200,0,1,41,1,3,3.73
0,18,162,8200,1,1,1,1,2,200,0,0,66,2,2,3.12
1,31,175,11920,1,1,2,3,2,216,0,0,0,1,3,3.89
1,22,173,9630,1,1,2,1,2,200,0,0,104,1,2,3.22
1,33,170,9758,1,1,1,1,2,200,0,1,60,2,6,3.38
1,21,165,6800,0,1,2,3,2,300,0,1,0,1,5,2.5
1,52,160,9800,1,0,2,3,2,200,0,0,120,2,2,3.83
0,17,175,5779,1,1,1,3,2,200,0,2,112,2,0,1.89
1,24,187,12128,1,1,2,2,2,264,0,1,0,1,3,3.47
0,25,162,11081,1,1,3,3,2,231,0,0,27,1,4,4.22
1,20,175,6924,1,1,3,3,2,100,0,2,60,1,1,2.26
0,18,170,5000,0,1,1,3,1,100,0,0,60,1,0,1.73
0,20,180,15127,1,1,3,3,2,232,0,1,42,1,4,4.67
1,18,170,7000,1,1,2,3,0,200,0,1,60,1,1,2.42
0,39,156,8000,1,1,2,3,2,200,0,0,0,2,2,3.29
0,23,157,5700,1,1,3,1,2,200,0,0,0,1,1,2.31
0,19,160,4500,0,0,3,3,1,287,1,1,0,1,0,1.76
0,21,173,13225,1,1,3,3,2,256,0,1,27,1,4,4.42
0,26,162,11194,1,1,3,3,2,262,0,0,9,1,4,4.27
0,18,165,7800,0,1,2,3,1,200,0,1,60,0,6,2.87
1,30,170,10223,1,1,2,2,2,100,0,1,0,1,3,3.54
1,23,184,12125,1,1,3,2,2,204,0,0,0,1,3,3.58
1,23,174,7500,0,0,2,3,1,100,0,1,0,1,1,2.48
1,24,175,11779,1,1,2,3,2,200,0,0,0,2,3,3.85
1,34,178,9363,1,1,2,1,2,232,0,0,21,1,6,2.96
1,26,182,11843,1,1,2,3,2,211,0,0,32,1,3,3.58
1,31,186,12946,1,1,2,3,2,292,0,0,16,1,3,3.74
1,18,180,8600,1,1,2,4,0,200,0,2,60,1,5,2.65
0,21,174,13387,1,1,3,3,2,191,0,1,54,1,4,4.42
0,21,162,7000,0,1,2,1,3,200,0,1,0,1,5,2.67
0,21,174,13385,1,1,3,3,2,295,0,1,52,1,4,4.42
0,40,156,7735,1,1,2,3,2,100,0,0,0,1,2,3.18
1,21,170,7500,1,1,2,3,2,108,0,1,0,1,5,2.6
1,21,172,7500,0,1,3,3,2,200,0,2,0,1,5,2.54
1,22,163,8200,1,1,1,3,2,200,0,0,120,1,2,3.09
1,21,165,6000,1,1,2,3,2,300,0,1,0,1,1,2.2
1,25,176,11309,1,1,1,3,2,249,0,1,0,1,3,3.65
1,31,176,12060,1,1,2,2,2,200,0,1,0,1,3,3.89
1,22,171,9409,1,1,2,3,2,200,0,0,120,2,2,3.22
0,18,174,12999,1,1,3,3,2,284,0,1,56,1,4,4.29
1,22,175,9532,1,1,2,3,2,200,0,3,120,2,2,3.11
0,18,177,7600,1,0,3,3,2,200,0,2,60,1,6,2.43
0,40,151,7984,1,1,2,3,2,100,0,0,0,0,2,3.5
1,21,162,4200,0,0,2,1,1,100,0,1,60,1,1,1.6
0,17,176,4965,1,1,3,1,2,200,0,2,60,2,0,1.6
0,23,160,5100,1,1,2,3,2,200,0,1,0,2,1,1.99
1,33,176,11371,1,1,2,3,2,204,0,0,30,1,3,3.67
1,21,166,7500,1,1,3,3,2,200,0,1,0,1,5,2.72
0,21,176,13368,1,1,3,3,2,172,0,1,53,1,4,4.32
0,18,161,6400,1,1,3,3,0,200,0,1,60,2,1,2.47
1,32,166,8310,1,1,2,2,2,100,0,0,0,2,6,3.02
0,17,170,5000,0,1,2,4,1,200,0,1,120,1,0,1.73
0,18,165,8200,1,1,2,3,2,300,0,1,60,2,2,3.01
0,16,160,6506,1,1,2,3,2,245,1,0,7,1,5,2.54
0,18,153,4500,0,1,2,3,2,100,1,1,0,1,1,1.92
0,19,156,5600,1,1,3,3,1,200,0,2,0,1,1,2.3
1,18,180,9100,1,1,1,3,1,200,0,0,60,1,6,2.81
0,21,162,6600,0,1,2,3,2,300,0,1,0,1,5,2.51
0,25,166,10459,1,1,3,3,2,155,0,0,51,1,4,3.8
0,23,155,5000,1,1,3,1,2,100,0,2,0,2,1,2.08
1,18,175,5569,1,1,2,3,2,207,0,2,116,2,0,1.82
0,19,154,4983,0,1,1,3,2,100,0,2,60,1,0,2.1
1,22,170,9857,1,1,2,2,2,200,0,0,103,2,2,3.41
0,30,155,6287,0,1,2,2,2,249,0,0,20,1,5,2.62
1,27,179,7200,0,0,3,3,0,300,0,1,0,1,1,2.25
1,28,178,11371,1,1,2,3,2,210,0,0,42,1,3,3.59
1,33,170,8400,1,0,2,3,2,200,0,2,0,0,6,2.91
0,25,163,10498,1,1,3,3,2,123,0,0,32,1,4,3.95
1,23,178,7000,0,1,3,3,2,200,0,0,60,1,1,2.21
1,30,162,10801,1,1,2,3,2,100,0,0,15,1,3,4.12
0,21,160,6600,1,1,2,3,2,300,0,1,0,1,5,2.58
1,30,178,12061,1,1,2,3,2,229,0,1,0,1,3,3.81
1,23,168,9758,1,1,2,3,2,293,0,2,0,2,2,3.46
1,19,167,7962,0,0,2,1,2,199,0,1,60,2,6,2.85
0,20,174,4308,0,1,3,3,1,100,0,2,94,1,0,1.42
0,21,164,13366,1,1,3,3,2,298,0,1,55,1,4,4.97
1,40,175,11779,1,1,2,3,2,200,0,0,0,1,3,3.85
1,20,165,6000,0,1,3,1,1,200,0,0,0,1,1,2.2
0,21,175,13384,1,1,3,3,2,272,0,1,48,1,4,4.37
0,21,173,13534,1,1,3,3,2,283,0,1,50,1,4,4.52
0,21,157,4308,0,0,2,1,1,173,0,0,0,2,0,1.75
1,20,180,8500,1,1,2,3,2,285,0,0,24,1,5,2.62
0,39,167,7722,1,1,2,3,2,102,0,0,0,1,2,2.77
0,25,162,11092,1,1,3,3,2,165,0,0,33,1,4,4.23
1,32,177,8300,1,1,2,2,2,100,0,1,53,0,6,2.65
0,23,156,5000,0,0,1,3,2,200,0,0,60,2,1,2.05
1,18,175,8003,1,1,2,1,2,200,0,2,44,2,5,2.61
1,29,175,11200,1,1,2,3,2,300,0,0,60,1,3,3.66
1,20,172,9800,1,1,2,3,2,200,0,1,60,1,6,3.31
1,22,170,9400,1,1,2,3,2,300,0,1,0,2,2,3.25
0,20,162,6600,1,0,3,3,2,300,0,3,120,1,5,2.51
1,21,162,7000,0,1,2,1,3,300,0,3,0,1,5,2.67
1,19,180,8500,1,1,2,3,1,300,0,3,0,1,5,2.62
0,21,173,13187,1,1,3,3,2,127,0,1,37,1,4,4.41
0,22,162,8213,1,1,1,2,2,201,0,1,19,2,2,3.13
0,26,162,11100,1,1,3,3,2,244,0,0,7,1,4,4.23
0,19,155,4200,0,0,3,1,1,143,0,0,30,1,0,1.75
1,26,184,12128,1,1,2,2,2,204,0,0,0,1,3,3.58
1,33,167,7391,1,0,2,3,2,245,0,1,0,1,5,2.65
0,18,170,5000,1,1,3,3,1,200,0,1,0,2,0,1.73
0,21,163,6000,0,1,3,1,2,300,0,1,0,1,1,2.26
1,33,167,8301,1,1,2,1,2,200,0,0,0,2,6,2.98
1,21,170,7500,1,1,2,3,2,161,0,0,0,1,5,2.6
0,26,164,11189,1,1,3,3,2,272,0,0,6,1,4,4.16
0,18,172,5016,0,1,3,3,2,265,0,1,118,1,0,1.7
0,47,169,7795,1,1,2,2,2,163,0,1,0,2,6,2.73
0,19,152,4200,0,1,3,1,1,100,0,0,5,1,0,1.82
0,20,152,6514,1,1,2,3,2,194,0,0,75,1,2,2.82
1,21,178,10519,1,1,2,3,2,200,0,0,18,1,2,3.32
0,26,162,11193,1,1,3,3,2,255,0,0,4,1,4,4.26
0,18,156,5100,0,1,3,3,2,100,0,0,60,1,1,2.1
1,17,177,9700,1,1,3,3,0,200,0,3,60,2,2,3.1
1,31,181,12507,1,1,2,3,2,166,0,0,30,1,3,3.82
1,22,170,7000,1,1,2,1,2,200,0,2,60,1,1,2.42
1,18,180,10500,1,1,2,3,2,300,0,1,120,1,2,3.24
0,23,160,5800,0,1,2,4,0,200,0,3,120,2,1,2.27
1,19,174,7600,1,0,3,3,1,300,0,1,0,1,6,2.51
1,21,170,8000,1,1,2,3,2,100,0,1,60,0,6,2.77
0,26,162,10498,1,1,3,3,2,265,0,0,12,1,4,4.0
0,21,174,13395,1,1,3,3,2,255,0,1,55,1,4,4.42
1,22,167,5144,1,1,2,3,2,100,0,0,95,2,0,1.84
0,18,180,14029,1,1,3,3,2,283,0,1,46,1,4,4.33
0,25,158,10209,1,1,3,3,2,255,0,0,60,1,4,4.09
1,18,180,10800,1,1,2,1,2,300,0,1,60,1,2,3.33
1,32,164,10213,1,1,2,1,2,100,0,0,0,2,3,3.8
0,25,162,10548,1,1,3,3,2,141,0,0,37,1,4,4.02
1,24,165,10084,1,1,2,1,2,100,0,0,60,2,3,3.7
0,26,161,10287,1,1,3,3,2,102,0,0,54,1,4,3.97
0,18,162,4800,1,1,2,3,2,100,0,1,60,1,1,1.83
1,38,175,11820,1,1,2,3,2,207,0,0,118,1,3,3.86
0,37,157,7600,1,1,2,3,2,200,0,0,0,1,2,3.08
1,23,177,10500,1,1,2,3,2,300,0,3,0,1,2,3.35
0,19,178,4998,0,1,2,3,2,187,0,0,60,1,5,1.58
0,21,159,6000,1,1,2,1,2,300,0,1,0,2,1,2.37
0,21,166,13395,1,1,3,3,2,288,0,1,37,1,4,4.86
0,38,156,7958,1,1,2,3,2,177,0,0,0,1,2,3.27
0,23,171,8395,1,1,2,3,2,207,0,2,0,2,2,2.87
0,26,163,11080,1,1,3,3,2,273,0,0,16,1,4,4.17
0,23,170,7800,1,0,2,3,2,200,0,2,120,1,6,2.7
1,18,178,5160,1,1,2,3,2,245,0,1,60,2,0,1.63
0,24,166,11323,1,1,3,3,2,288,0,0,26,1,4,4.11
0,26,162,11054,1,1,3,3,2,244,0,0,15,1,4,4.21
0,26,164,11195,1,1,3,3,2,283,0,0,0,1,4,4.16
0,21,162,8200,1,1,1,3,2,200,0,0,16,2,2,3.12
1,33,179,12091,1,1,2,2,2,236,0,0,37,1,3,3.77
1,23,183,12089,1,1,2,3,2,214,0,1,0,1,3,3.61
1,17,180,5800,0,1,2,3,1,100,0,2,60,1,0,1.79
1,18,175,8600,1,1,3,3,2,200,0,2,0,1,6,2.81
1,23,181,10542,1,1,2,3,2,274,0,0,4,1,2,3.22
1,22,180,10569,1,1,2,3,2,235,0,0,20,1,2,3.26
1,18,168,6800,0,1,1,3,2,200,0,3,60,1,1,2.41
1,25,182,11866,1,1,2,3,2,224,0,1,113,1,3,3.58
0,26,164,11186,1,1,3,3,2,263,0,0,6,1,4,4.16
0,18,162,6997,1,1,2,1,2,232,0,1,23,1,5,2.67
0,20,156,4132,0,1,2,1,1,100,0,0,0,1,0,1.7
0,19,160,4500,0,0,3,3,2,244,1,1,53,1,0,1.76
1,21,175,8000,1,1,2,3,2,200,0,2,60,1,6,2.61
0,26,164,11195,1,1,3,3,2,255,0,0,22,1,4,4.16
1,25,169,11308,1,1,2,3,2,217,0,0,64,1,3,3.96
0,20,173,13092,1,1,3,3,2,143,0,1,44,1,4,4.37
1,17,170,8300,1,0,2,3,2,300,0,3,60,2,6,2.87
1,22,177,10500,1,1,2,1,2,261,0,0,0,1,2,3.35
0,25,162,10479,1,1,3,3,2,235,0,0,33,1,4,3.99
1,22,170,9400,1,1,2,3,2,200,0,2,60,2,2,3.25
1,25,175,11610,1,1,1,3,2,200,0,1,44,1,3,3.79
0,26,163,11193,1,1,3,3,2,261,0,0,33,1,4,4.21
1,20,170,8300,0,1,3,3,1,300,0,3,120,2,6,2.87
0,20,152,5300,0,1,2,3,1,100,0,1,60,1,1,2.29
0,21,166,6799,1,1,2,3,2,201,0,1,42,1,5,2.47
1,18,170,8200,1,1,2,3,2,200,0,1,60,1,6,2.84
1,25,182,11425,1,1,2,3,2,213,0,1,0,1,3,3.45
0,25,172,10480,1,1,3,3,2,169,0,0,39,1,4,3.54
1,28,185,10764,1,1,2,2,2,220,0,1,85,1,3,3.15
0,26,164,11194,1,1,3,3,2,273,0,0,6,1,4,4.16
1,21,170,8000,1,1,2,3,1,200,0,2,60,1,6,2.77
1,33,171,8356,1,1,2,2,2,200,0,2,40,1,6,2.86
0,33,168,8600,1,1,3,3,2,200,0,3,0,2,5,3.05
1,21,172,6500,1,1,2,3,1,200,0,1,60,2,1,2.2
1,41,178,8165,1,1,2,1,2,200,0,0,16,0,6,2.58
0,26,163,11193,1,1,3,3,2,277,0,0,8,1,4,4.21
1,18,172,5100,0,1,3,3,2,100,0,3,60,1,0,1.72
0,21,175,13387,1,1,3,3,2,286,0,1,50,1,4,4.37
1,23,170,8333,1,1,2,2,2,211,0,0,0,1,6,2.88
0,21,173,13387,1,1,3,3,2,286,0,1,55,1,4,4.47
0,22,160,4500,1,1,3,3,2,200,0,2,0,2,0,1.76
1,20,191,8986,1,1,2,3,2,222,0,0,2,1,5,2.46
0,26,163,11153,1,1,3,3,2,261,0,0,10,1,4,4.2
0,23,156,7805,1,1,2,1,2,300,0,0,120,2,2,3.21
1,22,165,9528,1,1,2,3,2,229,0,1,60,2,2,3.5
0,21,158,5700,1,1,2,1,2,200,0,0,60,2,1,2.28
0,25,171,11295,1,1,3,3,2,273,0,0,9,1,4,3.86
0,26,164,11194,1,1,3,3,2,281,0,0,5,1,4,4.16
0,26,162,10569,1,0,3,3,2,200,0,0,0,1,4,4.03
0,23,175,13366,1,1,3,3,2,286,0,1,46,1,4,4.36
0,20,161,6500,0,1,1,3,0,200,0,2,60,2,1,2.51
0,26,162,10549,1,1,3,3,2,281,0,0,33,1,4,4.02
1,23,187,10503,1,1,2,3,2,203,0,1,24,1,2,3.0
1,24,170,8000,1,1,2,3,0,200,0,0,120,2,6,2.77
1,18,175,7600,0,1,3,3,2,300,0,2,60,1,1,2.48
0,17,160,6500,1,1,3,3,1,200,1,1,120,1,5,2.54
1,21,169,8000,1,1,2,3,2,200,0,2,60,2,6,2.8
1,27,171,8200,1,1,2,1,1,200,0,3,0,1,5,2.8
1,26,170,6800,1,1,1,3,2,200,0,2,60,1,1,2.35
1,23,177,10494,1,1,2,3,2,204,0,0,108,2,2,3.35
1,18,185,6000,1,1,2,4,1,200,0,1,120,1,0,1.75
0,17,163,5800,0,1,3,4,2,200,0,2,60,2,1,2.18
1,23,187,12106,1,1,2,2,2,175,0,0,0,1,3,3.46
0,21,174,13395,1,1,3,3,2,282,0,1,54,1,4,4.42
1,24,182,12080,1,1,2,3,2,235,0,0,23,1,3,3.65
0,26,164,11193,1,1,3,3,2,277,0,0,6,1,4,4.16
0,25,164,10485,1,1,3,3,2,162,0,0,37,1,4,3.9
1,24,187,12124,1,1,3,2,2,296,0,0,0,1,3,3.47
0,18,170,5100,0,1,3,1,1,100,0,0,60,1,0,1.76
0,21,164,6400,1,1,3,3,1,300,0,1,0,2,1,2.38
0,18,157,5000,0,1,2,4,2,100,0,0,60,1,1,2.03
0,19,162,7000,1,1,2,1,3,200,0,1,0,1,5,2.67
0,18,163,8580,1,1,2,3,2,234,0,1,79,1,2,3.23
1,31,169,8966,1,1,2,2,2,115,0,0,0,1,6,3.14
0,19,171,4993,0,1,2,3,2,200,0,2,95,1,0,1.71
1,18,184,5961,1,1,2,3,2,232,0,2,8,1,0,1.76
0,26,163,10999,1,1,3,3,2,272,0,0,56,1,4,4.14
1,18,184,6000,0,1,3,4,1,200,1,2,0,1,0,1.77
0,37,155,7760,1,1,2,2,2,129,0,0,0,1,2,3.23
1,24,175,12000,1,1,2,3,2,287,0,0,0,1,3,3.92
1,19,169,6400,1,1,3,3,2,200,1,1,0,1,1,2.24
0,31,164,7178,1,1,2,3,2,282,0,0,0,2,5,2.67
1,18,184,8000,1,1,2,3,2,200,0,0,25,2,5,2.36
1,22,170,8000,1,1,2,3,2,200,0,2,60,2,6,2.77
1,23,173,9791,1,1,2,3,2,192,0,1,60,2,2,3.27
1,25,170,6500,1,1,2,3,1,200,0,1,0,1,1,2.25
1,21,175,11582,1,1,2,1,2,200,0,1,60,1,3,3.78
0,17,167,5626,1,1,2,3,2,200,0,0,7,2,0,2.02
1,33,170,8300,1,1,2,1,2,200,0,2,0,2,6,2.87
0,19,155,4200,0,0,3,1,1,196,1,1,0,1,0,1.75
0,26,162,11182,1,1,3,3,2,270,0,0,13,1,4,4.26
0,22,160,8200,1,1,1,1,2,200,0,0,120,2,2,3.2
0,20,163,6300,1,1,2,3,2,100,0,1,60,1,1,2.37
0,22,170,8200,1,1,2,3,2,210,0,0,0,2,2,2.84
1,23,171,8040,1,1,2,3,2,114,0,0,0,1,6,2.75
1,22,176,5113,1,1,2,3,1,125,0,1,60,2,0,1.65
1,24,160,9954,1,1,2,2,2,100,0,1,0,2,3,3.89
1,30,179,12081,1,1,2,3,2,217,0,0,37,1,3,3.77
1,30,179,10941,1,1,2,3,2,161,0,1,0,2,3,3.41
1,34,176,8431,1,1,2,2,2,203,0,0,86,1,6,2.72
1,37,175,11807,1,1,2,3,2,200,0,0,0,1,3,3.86
1,18,178,10801,1,1,2,2,2,261,0,0,60,2,2,3.41
1,20,169,7500,1,1,2,3,1,300,0,1,0,1,5,2.63
0,19,159,4200,1,0,3,1,1,200,1,1,0,2,0,1.66
1,21,170,9857,1,1,2,2,2,200,0,0,92,2,2,3.41
1,18,184,5800,0,1,2,3,2,200,0,2,60,2,0,1.71
1,23,174,6800,0,1,2,3,1,200,0,1,60,2,1,2.25
0,16,160,5000,0,1,1,3,2,200,0,1,60,1,1,1.95
1,23,175,5600,1,1,2,3,2,200,0,0,120,1,0,1.83
1,21,164,5300,1,0,1,3,2,300,1,2,60,1,1,1.97
0,19,155,4800,1,1,2,3,3,200,0,1,60,2,1,2.0
0,20,173,13280,1,1,3,3,2,138,0,1,50,1,4,4.44
0,25,164,10475,1,1,3,3,2,161,0,0,46,1,4,3.89
1,19,180,7500,1,1,2,3,1,200,0,2,0,1,1,2.31
1,23,178,9000,1,1,2,1,2,200,0,0,116,2,2,2.84
1,20,175,5300,0,1,2,3,1,100,0,2,0,1,0,1.73
1,17,171,8500,1,1,2,2,2,200,0,2,40,1,6,2.91
0,18,175,8000,1,1,2,1,2,200,1,1,12,2,5,2.61
0,43,157,7760,1,1,2,3,2,108,0,0,0,2,2,3.15
1,23,182,9000,1,1,2,2,2,199,0,0,117,1,6,2.72
1,19,170,7000,0,0,2,3,2,200,0,3,0,1,5,2.42
0,25,167,6000,1,1,2,3,0,200,0,0,120,1,1,2.15
1,20,177,10360,1,1,2,3,2,116,0,1,0,2,2,3.31
0,21,159,5000,0,1,2,3,2,100,0,0,60,1,1,1.98
0,16,161,6793,1,1,1,2,2,255,1,0,82,1,5,2.62
1,21,176,7500,0,1,2,3,2,200,0,1,60,1,1,2.42
1,21,162,6900,0,1,2,3,0,200,0,0,60,1,5,2.63
0,17,180,8700,0,1,3,4,1,100,1,1,60,1,1,2.69
0,20,168,12649,1,1,3,3,2,149,0,1,50,1,4,4.48
0,20,167,5600,1,0,2,3,2,200,0,0,60,1,1,2.01
0,18,170,7800,1,0,3,3,1,100,0,1,60,0,6,2.7
0,18,174,13301,1,1,3,3,2,285,0,1,14,1,4,4.39
0,18,162,8200,1,1,1,1,2,100,0,1,60,2,2,3.12
0,26,163,11193,1,1,3,3,2,265,0,0,26,1,4,4.21
1,23,160,9418,1,1,2,2,2,200,0,1,0,2,2,3.68
1,24,178,10498,1,1,2,1,2,253,0,0,0,1,3,3.31
0,21,163,4500,0,0,2,3,0,200,1,1,0,2,1,1.69
0,24,163,6400,1,0,2,3,2,100,0,1,0,1,1,2.41
0,21,160,5600,1,1,3,3,2,100,0,0,60,1,1,2.19
0,31,165,8200,1,1,3,1,2,300,0,1,0,2,5,3.01
1,24,172,8333,1,1,2,2,2,200,0,0,44,1,6,2.82
0,37,155,7774,1,1,2,1,2,119,0,0,0,1,2,3.24
0,38,160,7800,1,1,2,1,1,200,0,2,0,1,2,3.05
1,21,176,6800,1,1,2,3,2,200,0,1,60,2,1,2.2
1,22,177,11400,1,1,2,3,2,200,0,1,13,1,3,3.64
0,24,165,11390,1,1,3,3,2,293,0,0,52,1,4,4.18
0,19,171,15461,1,1,3,3,2,230,0,1,15,1,4,5.29
0,21,159,5200,0,0,2,1,0,100,0,0,60,1,1,2.06
1,24,165,10000,1,1,1,3,2,100,0,0,60,2,3,3.67
0,20,180,15247,1,1,3,3,2,230,0,1,55,1,4,4.71
0,21,170,4900,0,0,2,3,2,300,0,2,0,2,0,1.7
0,18,165,6000,1,1,2,3,2,200,0,2,120,1,1,2.2
0,19,160,4500,0,0,2,3,2,200,0,1,0,2,1,1.76
1,26,184,12090,1,1,2,3,2,271,0,1,6,1,3,3.57
1,20,176,6500,1,1,3,3,2,200,0,1,0,2,1,2.1
0,21,170,13156,1,1,3,3,2,123,0,1,48,1,4,4.55
1,21,162,7000,0,0,3,1,2,300,1,2,0,1,5,2.67
0,20,168,12985,1,1,3,3,2,129,0,1,53,1,4,4.6
1,30,177,12641,1,1,2,3,2,181,0,0,80,1,3,4.03
1,21,171,9866,1,1,2,2,2,200,0,2,96,2,2,3.37
1,20,169,6500,0,1,2,3,2,200,0,0,60,2,1,2.28
0,18,165,5800,0,1,2,1,2,100,0,1,0,2,1,2.13
0,26,163,11194,1,1,3,3,2,273,0,0,8,1,4,4.21
1,31,183,9250,1,1,2,2,2,114,0,1,9,1,6,2.76
0,25,161,10232,1,1,3,3,2,103,0,0,32,1,4,3.95
0,21,164,8811,1,1,2,1,2,100,0,0,93,2,2,3.28
0,21,164,4965,1,1,1,3,2,200,0,0,60,1,0,1.85
0,18,174,13380,1,1,3,3,2,283,0,1,53,1,4,4.42
0,26,163,11188,1,1,3,3,2,261,0,0,9,1,4,4.21
0,23,168,12168,1,1,3,3,2,144,0,0,55,1,4,4.31
1,17,180,9700,1,1,2,3,2,200,0,1,60,2,6,2.99
0,19,164,4500,0,1,3,3,2,240,1,1,60,1,0,1.67
0,26,163,11188,1,1,3,3,2,261,0,0,5,1,4,4.21
0,26,163,11195,1,1,3,3,2,262,0,0,15,1,4,4.21
0,21,174,5000,0,0,3,3,1,269,0,0,0,2,0,1.65
0,25,162,10498,1,1,3,3,2,149,0,0,26,1,4,4.0
1,21,170,8000,1,0,2,3,0,300,0,1,60,2,2,2.77
1,20,175,5378,1,1,2,3,1,200,0,2,120,2,0,1.76
0,20,162,4800,0,0,3,3,3,300,0,0,60,1,1,1.83
1,21,174,7500,1,1,2,3,2,200,0,2,60,2,1,2.48
0,22,173,13346,1,1,3,3,2,284,0,1,48,1,4,4.46
0,26,156,5000,0,1,2,3,2,200,0,0,0,1,1,2.05
1,22,180,7200,0,1,3,3,2,200,0,2,60,2,1,2.22
1,20,165,6500,1,1,3,3,2,200,0,1,60,2,1,2.39
1,27,174,7801,1,1,2,3,2,218,0,0,59,1,5,2.58
1,22,185,12500,1,1,2,3,1,300,0,0,60,1,3,3.65
1,30,169,10318,1,1,2,1,2,100,0,0,42,2,3,3.61
1,23,177,12182,1,1,2,2,2,243,0,1,0,1,3,3.89
1,22,177,11659,1,1,2,2,2,200,0,1,0,1,3,3.72
0,25,163,10959,1,1,3,3,2,162,0,0,37,1,4,4.12
1,22,172,8236,1,1,2,2,2,231,0,2,11,1,6,2.78
1,21,172,7500,1,1,2,3,2,200,0,3,120,1,5,2.54
0,25,160,10503,1,1,3,3,2,171,0,0,32,1,4,4.1
0,33,165,7700,1,1,2,3,2,100,0,1,0,2,6,2.83
1,23,170,7200,1,1,3,3,2,300,0,0,60,2,1,2.49
1,21,172,10500,1,1,2,3,2,200,0,0,60,1,2,3.55
0,19,156,6481,1,0,1,3,2,200,0,0,85,2,6,2.66
1,27,187,12828,1,1,2,3,2,217,0,1,58,1,3,3.67
0,19,150,6472,1,0,2,3,2,199,1,0,97,2,0,2.88
0,22,162,5300,0,1,3,3,2,200,0,2,60,2,1,2.02
1,29,175,11209,1,1,1,3,2,296,0,0,6,1,3,3.66
1,24,177,12080,1,1,2,3,2,231,0,0,58,1,3,3.86
0,23,163,6300,0,1,2,1,1,100,0,0,0,1,1,2.37
0,21,174,13374,1,1,3,3,2,231,0,1,55,1,4,4.42
0,26,162,11080,1,1,3,3,2,270,0,0,16,1,4,4.22
1,30,184,12213,1,1,2,2,2,198,0,1,56,1,3,3.61
0,25,162,10236,1,1,3,3,2,100,0,0,37,1,4,3.9
1,34,170,8300,1,1,3,3,2,100,0,1,0,0,6,2.87
1,18,170,5000,0,1,2,3,1,100,0,2,60,1,0,1.73
0,21,172,15239,1,1,3,3,2,184,0,0,54,1,4,5.15
0,40,150,6200,0,1,2,1,2,200,0,0,0,1,5,2.76
0,41,156,8040,1,1,2,3,2,300,0,0,0,1,6,3.3
0,18,160,8200,1,1,2,3,2,100,0,1,60,2,2,3.2
0,22,169,5200,0,1,3,3,1,248,0,0,0,2,0,1.82
1,27,180,9900,1,1,2,3,2,300,0,1,0,1,6,3.06
1,29,185,11323,1,1,2,3,2,200,0,0,113,1,3,3.31
1,18,168,9000,1,1,2,2,2,195,0,0,62,1,2,3.19
0,21,156,4500,0,1,2,3,2,200,0,1,0,1,1,1.85
1,21,165,8000,1,1,2,1,2,200,0,1,60,1,6,2.94
1,32,183,9179,1,1,2,3,2,185,0,0,25,1,6,2.74
0,39,156,8000,1,1,2,3,2,255,0,0,0,1,2,3.29
0,26,157,10200,1,1,3,3,2,100,0,0,60,1,4,4.14
0,25,161,10493,1,1,3,3,2,153,0,0,16,1,4,4.05
1,17,172,5200,1,1,2,4,2,200,0,2,60,2,0,1.76
1,27,184,9784,1,1,2,1,2,200,0,1,0,1,6,2.89
0,21,176,13388,1,1,3,3,2,232,0,1,55,1,4,4.32
1,25,170,10748,1,1,2,3,2,100,0,1,0,1,3,3.72
0,26,162,11193,1,1,3,3,2,273,0,0,9,1,4,4.26
0,18,158,5300,1,1,2,3,2,100,0,1,60,1,1,2.12
0,26,162,11040,1,1,3,3,2,265,0,0,24,1,4,4.21
0,23,150,6300,1,0,2,1,2,200,0,0,0,2,6,2.8
1,24,175,11738,1,1,1,2,2,200,0,1,25,1,3,3.83
1,32,169,10318,1,1,2,1,2,100,0,0,0,2,3,3.61
0,22,162,8200,1,1,1,1,1,200,0,1,0,1,2,3.12
1,25,176,11321,1,1,2,3,2,200,0,1,75,1,3,3.65
0,18,168,9000,1,1,2,1,2,193,0,1,50,2,2,3.19
1,20,170,8000,1,1,2,3,2,200,0,1,60,2,6,2.77
0,21,166,6000,1,0,3,4,1,200,0,2,0,2,1,2.18
0,21,174,13104,1,1,3,3,2,268,0,1,55,1,4,4.33
1,30,165,10062,1,1,2,1,2,183,0,0,81,2,3,3.7
0,20,155,4200,0,1,3,3,1,122,0,1,0,1,0,1.75
1,27,169,10106,1,1,2,1,2,127,0,1,4,2,3,3.54
0,19,163,5300,1,1,2,1,2,200,0,1,60,1,1,1.99
1,29,175,8999,1,1,1,3,2,200,0,0,30,1,5,2.94
0,18,156,5500,0,1,2,3,1,100,0,0,60,2,1,2.26
0,20,173,12814,1,1,3,3,2,179,0,1,60,1,4,4.28
0,29,168,7117,1,1,2,3,2,160,0,1,0,1,5,2.52
0,39,153,6200,1,1,3,3,2,100,0,0,0,1,1,2.65
0,21,167,11010,1,1,3,3,2,165,0,0,6,1,4,3.95
1,21,169,8040,1,1,2,3,2,200,0,0,60,1,6,2.82
0,19,150,6481,0,1,1,2,2,100,1,0,53,1,5,2.88
1,19,182,7200,1,0,3,4,2,300,0,1,0,2,1,2.17
1,20,171,5173,1,1,2,3,2,133,0,0,100,2,0,1.77
1,21,169,9829,1,1,2,2,2,294,0,2,120,2,2,3.44
0,26,163,11082,1,1,3,3,2,270,0,0,24,1,4,4.17
1,25,177,11413,1,1,2,3,2,210,0,1,0,1,3,3.64
0,18,158,8000,1,1,2,1,2,245,0,1,60,2,2,3.2
0,19,152,4200,0,1,3,1,2,191,0,0,5,1,0,1.82
1,24,184,12074,1,1,2,3,2,204,0,1,18,1,3,3.57
0,25,164,10496,1,1,3,3,2,261,0,0,54,1,4,3.9
1,17,190,5450,0,1,2,3,2,200,0,1,120,1,1,1.51
1,30,191,12597,1,1,2,3,2,100,0,0,66,1,3,3.45
1,25,188,12165,1,1,2,3,2,254,0,1,41,1,3,3.44
0,26,164,11153,1,1,3,3,2,260,0,0,10,1,4,4.15
1,41,169,9960,1,1,2,3,2,100,0,0,0,2,3,3.49
1,30,177,11784,1,1,2,1,2,217,0,1,0,1,3,3.76
0,22,171,9105,1,1,2,3,2,282,0,0,73,1,2,3.11
1,19,178,5115,1,1,2,3,2,200,0,1,60,1,0,1.61
1,24,184,12077,1,1,2,3,2,104,0,0,63,1,3,3.57
0,23,166,11448,1,1,3,3,2,256,0,0,44,1,4,4.15
0,23,156,5150,0,1,2,3,2,200,0,2,120,1,1,2.12
1,25,177,11308,1,1,3,3,2,216,0,1,0,1,3,3.61
0,26,164,11183,1,1,3,3,2,261,0,0,8,1,4,4.16
0,20,164,6262,0,1,2,2,2,265,0,0,33,1,5,2.33
1,23,178,9797,1,1,2,3,2,200,0,0,10,2,2,3.09
0,25,164,10475,1,1,3,3,2,148,0,0,39,1,4,3.89
0,26,162,11191,1,1,3,3,2,256,0,0,9,1,4,4.26
0,26,162,11080,1,1,3,3,2,274,0,0,27,1,4,4.22
0,38,155,7958,1,1,2,3,2,100,0,0,0,1,2,3.31
1,25,176,11538,1,1,1,3,2,204,0,1,44,1,3,3.72
0,26,164,11183,1,1,3,3,2,255,0,0,39,1,4,4.16
0,19,170,7527,1,1,1,3,2,161,0,0,0,1,5,2.6
0,28,165,5900,1,1,3,1,1,100,0,0,0,1,1,2.17
1,61,175,7600,1,0,2,3,1,200,0,2,60,0,5,2.48
1,26,185,12089,1,1,3,3,2,185,0,0,0,1,3,3.53
1,24,182,11810,1,1,1,3,2,208,0,0,9,1,3,3.57
1,24,183,11779,1,1,2,2,2,200,0,1,8,1,3,3.52
1,30,178,10252,1,1,2,2,2,100,0,1,0,1,3,3.24
1,21,166,7000,1,1,2,3,2,200,0,1,0,1,5,2.54
1,37,175,11879,1,1,2,2,2,100,0,1,60,0,3,3.88
0,21,156,4800,0,1,2,4,2,100,1,1,0,0,1,1.97
1,25,175,8000,1,1,2,3,2,200,1,1,58,2,5,2.61
1,26,178,11837,1,1,2,3,2,204,0,0,64,1,3,3.74
0,19,156,4500,0,1,2,1,2,200,0,1,60,1,1,1.85
0,21,161,6600,0,1,3,3,2,300,1,0,0,1,5,2.55
0,18,169,8986,1,1,1,1,2,200,0,1,67,1,2,3.15
0,21,160,6600,0,1,3,3,2,300,0,1,0,1,5,2.58
1,21,165,6000,1,0,2,3,1,200,0,0,0,1,1,2.2
0,26,176,8200,1,1,1,3,2,213,0,0,50,1,2,2.65
0,18,172,13187,1,1,3,3,2,168,0,1,55,1,4,4.46
1,20,180,6300,1,1,3,4,1,300,0,2,0,2,1,1.94
0,26,162,11183,1,1,3,3,2,270,0,0,15,1,4,4.26
0,22,160,8200,1,1,2,1,2,200,0,0,120,1,2,3.2
0,25,165,10494,1,1,3,3,2,103,0,0,10,1,4,3.85
1,22,171,8999,1,1,1,1,2,200,0,2,37,1,6,3.08
1,18,165,10400,1,1,2,3,2,100,0,1,0,2,2,3.82
1,17,170,8500,1,1,2,3,2,200,0,3,60,2,6,2.94
1,22,179,10603,1,1,2,3,2,251,0,0,80,1,2,3.31
0,20,157,4481,1,0,3,3,1,100,0,1,0,2,0,1.82
0,19,169,6900,0,1,3,3,2,200,0,0,0,2,1,2.42
0,18,162,6900,1,1,3,1,2,300,0,0,60,2,5,2.63
1,21,169,7557,1,1,2,3,2,208,0,0,18,1,5,2.65
0,26,164,11163,1,1,3,3,2,260,0,0,27,1,4,4.15
1,17,176,9792,1,1,2,3,2,200,0,2,104,2,2,3.16
0,18,178,13785,1,1,3,3,2,285,0,1,42,1,4,4.35
1,25,177,12188,1,1,2,3,2,260,0,1,32,1,3,3.89
0,21,174,13104,1,1,3,3,2,197,0,1,55,1,4,4.33
1,23,185,11500,1,1,2,3,2,300,0,3,60,1,2,3.36
0,18,150,6500,0,1,2,4,2,100,1,1,60,2,5,2.89
0,21,150,4200,0,0,3,1,2,100,0,0,0,2,1,1.87
0,20,179,16093,1,1,3,3,2,238,0,0,50,1,4,5.02
1,18,182,7100,1,1,3,3,2,200,0,2,0,1,1,2.14
1,22,175,9500,1,1,2,3,2,200,0,1,120,2,2,3.1
0,23,167,8037,1,1,2,2,2,181,0,0,97,2,6,2.88
1,23,179,9000,1,1,2,1,2,200,0,0,113,1,6,2.81
0,18,152,4139,0,1,2,1,2,100,0,0,5,1,0,1.79
0,26,164,11193,1,1,3,3,2,129,0,0,42,1,4,4.16
0,18,158,6400,0,1,3,1,2,200,0,2,60,1,1,2.56
0,19,162,8200,1,1,2,2,2,184,0,0,10,1,2,3.12
0,37,160,7612,1,1,2,3,2,175,0,0,43,1,5,2.97
0,26,164,11186,1,1,3,3,2,261,0,0,8,1,4,4.16
1,29,170,7843,1,1,2,1,2,187,0,0,0,0,6,2.71
0,18,168,12679,1,1,3,3,2,144,0,0,52,1,4,4.49
1,19,185,8500,1,0,2,3,2,300,0,2,60,1,2,2.48
1,26,182,11746,1,1,1,2,2,203,0,1,0,1,3,3.55
0,26,162,10498,1,1,3,3,2,265,0,0,33,1,4,4.0
0,16,160,6500,1,1,2,1,2,200,0,1,0,1,5,2.54
0,25,158,8000,1,1,2,1,2,103,0,0,0,1,2,3.2
0,19,158,4308,0,1,3,1,1,100,0,0,60,2,0,1.73
1,24,181,7200,1,1,3,3,2,200,0,2,60,1,1,2.2
0,29,170,7300,1,1,3,3,2,100,0,0,0,1,5,2.53
1,21,170,7000,1,1,2,3,2,200,0,2,0,1,1,2.42
1,23,175,8352,1,1,2,3,2,274,0,0,57,1,6,2.73
1,33,170,8300,1,0,3,3,2,300,0,2,60,1,6,2.87
1,37,183,9294,1,1,2,3,2,183,0,1,0,1,6,2.78
1,23,170,8102,1,1,2,2,2,172,0,1,18,1,6,2.8
1,17,181,5929,1,1,2,3,2,201,0,2,50,2,0,1.81
0,26,163,11188,1,1,3,3,2,261,0,0,15,1,4,4.21
0,26,164,11184,1,1,3,3,2,261,0,0,5,1,4,4.16
0,21,174,13364,1,1,3,3,2,281,0,1,46,1,4,4.41
0,26,164,11194,1,1,3,3,2,264,0,0,5,1,4,4.16
0,18,161,6993,1,1,2,1,2,163,0,0,6,2,5,2.7
0,26,162,11007,1,1,3,3,2,250,0,0,32,1,4,4.19
1,23,175,11948,1,1,2,3,2,296,0,1,0,1,3,3.9
1,31,190,12919,1,1,2,3,2,112,0,1,0,1,3,3.58
0,25,162,10457,1,1,3,3,2,231,0,0,21,1,4,3.98
0,39,156,8000,1,1,2,3,2,100,0,0,0,1,2,3.29
0,22,155,4500,0,0,3,3,1,200,0,2,0,1,0,1.87
0,25,162,10499,1,1,3,3,2,247,0,0,34,1,4,4.0
0,18,175,13803,1,1,3,3,2,284,0,1,50,1,4,4.51
0,25,162,10999,1,1,3,3,2,143,0,0,27,1,4,4.19
1,20,170,6700,0,1,2,3,2,200,0,1,60,1,1,2.32
1,18,174,8400,1,1,3,3,1,200,0,1,60,2,6,2.77
0,21,174,13347,1,1,3,3,2,272,0,1,53,1,4,4.41
1,25,182,12099,1,1,3,3,2,217,0,1,0,1,3,3.65
0,21,162,5300,1,0,2,1,2,200,0,1,60,1,1,2.02
0,26,165,6000,0,1,3,3,2,200,0,0,0,2,1,2.2
1,23,160,5300,0,1,2,3,2,200,0,0,120,1,1,2.07
0,23,170,7800,1,1,2,3,2,100,0,1,60,0,6,2.7
1,30,177,8331,1,1,2,3,2,256,0,0,0,1,6,2.66
0,19,160,4500,0,1,3,3,1,200,0,1,0,1,0,1.76
0,16,156,4500,0,0,3,3,2,100,0,1,0,1,0,1.85
0,23,163,6300,1,0,3,3,1,200,0,2,60,2,1,2.37
0,23,159,4200,0,1,3,1,1,200,0,0,0,2,0,1.66
1,18,171,5024,1,1,1,3,2,100,0,1,100,1,0,1.72
0,25,162,10479,1,1,3,3,2,144,0,0,46,1,4,3.99
0,21,171,13384,1,1,3,3,2,173,0,1,44,1,4,4.58
0,22,166,6000,1,1,3,4,0,200,0,2,0,1,1,2.18
0,16,160,4500,0,1,3,4,0,100,1,2,0,1,0,1.76
0,17,171,6500,1,1,3,1,2,200,1,0,60,1,5,2.22
0,25,161,10213,1,1,3,3,2,102,0,1,54,1,4,3.94
0,21,174,13394,1,1,3,3,2,283,0,1,54,1,4,4.42
0,21,169,13205,1,1,3,3,2,286,0,1,43,1,4,4.62
1,18,177,11200,1,1,2,3,1,300,0,1,120,0,2,3.57
0,18,156,5600,0,1,3,3,1,200,0,1,0,1,1,2.3
0,26,163,11181,1,1,3,3,2,262,0,0,10,1,4,4.21
0,25,162,10487,1,1,3,3,2,144,0,0,43,1,4,4.0
1,31,167,8999,1,1,2,1,2,274,0,0,0,1,6,3.23
0,19,160,7500,1,1,2,3,1,300,1,1,0,0,5,2.93
1,26,165,9000,1,0,2,1,2,300,0,1,0,2,2,3.31
1,19,175,8785,0,1,2,4,2,200,0,2,45,1,5,2.87
0,20,156,5000,0,1,3,3,0,200,0,0,0,1,1,2.05
0,18,171,5092,1,1,1,3,2,200,0,0,95,1,0,1.74
0,19,163,6997,1,1,3,3,2,287,0,0,0,1,5,2.63
0,23,162,5500,0,1,2,3,2,200,0,0,0,1,1,2.1
0,18,173,5092,1,1,1,3,2,132,0,0,95,1,0,1.7
1,23,182,12147,1,1,2,2,2,179,0,1,47,1,3,3.67
1,41,175,11739,1,1,2,3,2,202,0,0,0,1,3,3.83
1,19,165,6800,0,1,2,3,0,300,0,1,0,1,1,2.5
1,18,172,8000,1,1,2,3,2,200,0,1,60,1,5,2.7
0,20,172,13133,1,1,3,3,2,179,0,1,53,1,4,4.44
1,17,176,5500,0,1,3,3,2,200,0,1,60,1,0,1.78
0,25,162,10493,1,1,3,3,2,255,0,0,30,1,4,4.0
0,19,161,12923,1,1,3,3,2,191,0,1,54,1,4,4.99
1,22,169,9418,1,1,2,2,2,282,0,0,105,2,2,3.3
1,23,179,10000,1,1,2,3,2,200,0,0,120,1,2,3.12
1,23,178,10500,1,1,2,3,2,300,0,1,60,0,2,3.31
0,33,173,7200,1,1,3,3,2,100,0,2,60,1,1,2.41
1,17,170,8341,1,0,2,2,2,169,0,0,9,2,6,2.89
1,18,161,6000,1,1,2,3,2,100,0,1,60,2,1,2.31
1,22,170,8093,1,1,2,3,2,200,0,1,109,1,6,2.8
1,18,179,10874,1,1,2,2,2,270,0,1,92,1,2,3.39
0,22,165,7500,1,1,2,3,2,300,0,2,60,2,5,2.75
0,26,162,11021,1,1,3,3,2,255,0,0,35,1,4,4.2
1,18,170,5113,1,1,2,3,2,285,0,0,60,1,0,1.77
1,33,174,10303,1,1,2,2,2,101,0,0,0,2,3,3.4
1,19,180,7500,0,1,2,3,1,200,0,1,0,1,1,2.31
0,27,175,7500,1,1,3,3,2,100,0,2,0,1,1,2.45
0,19,155,4200,0,1,2,3,2,117,0,1,58,1,0,1.75
1,18,175,5200,1,1,2,3,1,177,0,0,60,1,0,1.7
0,22,165,8000,1,1,2,3,2,200,0,2,60,2,6,2.94
1,22,165,9000,1,1,2,1,2,300,0,1,0,1,2,3.31
0,26,162,11188,1,1,3,3,2,261,0,0,16,1,4,4.26
0,23,166,8042,1,1,2,2,2,222,0,0,72,2,2,2.92
1,37,176,11833,1,1,2,3,2,200,0,0,0,1,3,3.82
1,17,172,9700,1,1,3,2,2,200,0,0,120,2,2,3.28
1,24,170,8000,1,1,2,3,2,300,0,3,0,2,6,2.77
0,22,162,6500,1,1,2,2,2,207,1,0,32,1,5,2.48
1,25,160,10281,1,1,2,3,2,100,0,0,60,2,2,4.02
1,33,168,8356,1,1,2,2,2,248,0,1,0,2,6,2.96
0,21,175,7800,1,1,2,1,2,300,1,2,0,1,5,2.55
1,17,183,5999,0,1,2,3,2,200,0,2,22,1,0,1.79
1,42,158,8193,1,1,2,2,2,100,0,1,0,2,3,3.28
1,26,175,11732,1,1,2,3,2,281,0,0,0,1,3,3.83
0,19,163,4200,0,1,3,1,1,100,0,0,22,1,0,1.58
1,21,170,7500,0,1,2,3,2,100,0,1,120,1,5,2.6
0,16,164,6500,0,1,2,3,2,200,0,0,120,1,5,2.42
1,43,168,7966,1,1,2,3,2,189,0,0,0,2,6,2.82
0,20,169,12976,1,1,3,3,2,115,0,1,44,1,4,4.54
0,22,175,5145,1,1,2,3,1,177,0,0,60,2,0,1.68
0,22,169,9500,1,1,2,3,2,200,0,2,105,2,2,3.33
0,25,173,10484,1,1,3,3,2,209,0,0,35,1,4,3.5
1,20,174,8500,1,0,3,3,1,200,0,1,0,1,6,2.81
1,30,177,11240,1,1,2,3,2,204,0,0,30,1,3,3.59
1,22,172,9607,1,1,2,2,2,272,0,2,66,2,2,3.25
0,21,161,5300,1,0,2,3,2,200,0,1,120,2,1,2.04
1,23,176,10503,1,1,3,3,2,300,0,1,62,1,2,3.39
1,20,165,8000,1,0,1,3,2,100,0,1,0,2,6,2.94
0,21,173,13384,1,1,3,3,2,184,0,1,55,1,4,4.47
0,20,160,6000,0,0,2,3,2,100,0,1,0,1,1,2.34
0,26,163,11194,1,1,3,3,2,261,0,0,5,1,4,4.21
1,30,175,12000,1,1,2,3,2,217,0,0,0,1,3,3.92
0,26,164,11191,1,1,3,3,2,266,0,0,10,1,4,4.16
0,18,162,6825,0,1,1,1,2,131,0,0,97,1,5,2.6
0,23,163,6000,1,1,3,3,2,200,0,1,0,1,1,2.26
1,20,180,10700,1,1,2,1,2,200,0,1,60,1,2,3.3
0,20,175,13334,1,1,3,3,2,286,0,0,39,1,4,4.35
1,22,177,9588,1,1,2,3,2,300,0,3,120,2,2,3.06
1,35,170,8301,0,1,2,2,2,170,0,0,45,1,5,2.87
0,18,165,5800,1,1,2,3,1,200,0,3,0,1,1,2.13
0,26,163,11188,1,1,3,3,2,264,0,0,7,1,4,4.21
0,18,150,5000,1,1,2,3,1,200,0,1,60,2,1,2.22
0,43,159,7742,1,1,2,2,2,122,0,0,0,1,2,3.06
1,27,180,9900,1,1,3,3,2,300,0,2,60,0,6,3.06
1,21,170,8000,1,1,2,2,2,100,0,0,90,2,6,2.77
1,24,182,11746,1,1,2,2,2,248,0,1,0,1,3,3.55
0,26,165,11193,1,1,3,3,2,277,0,0,27,1,4,4.11
1,19,183,8500,0,1,2,4,2,300,0,2,60,0,6,2.54
0,34,162,8400,1,0,3,3,2,300,0,1,0,1,2,3.2
0,28,170,7800,0,1,1,3,2,200,0,0,60,0,6,2.7
0,21,165,8000,1,0,2,1,2,200,0,1,60,2,6,2.94
0,24,160,4800,0,1,3,1,2,100,0,2,0,1,1,1.87
1,32,174,9970,1,1,2,2,2,100,0,1,0,1,3,3.29
0,25,160,10493,1,1,3,3,2,265,0,0,39,1,4,4.1
1,23,178,6400,1,0,2,1,2,200,0,1,60,1,1,2.02
1,30,184,12470,1,1,2,3,2,111,0,0,0,1,3,3.68
1,52,172,8200,0,1,3,3,2,100,0,0,0,1,5,2.77
0,37,151,8000,1,1,2,1,2,162,0,1,0,1,2,3.51
0,21,170,7500,1,1,2,3,2,300,1,1,0,1,5,2.6
1,24,160,6500,0,1,2,3,2,200,0,0,60,1,1,2.54
0,26,162,10998,1,1,3,3,2,268,0,0,27,1,4,4.19
1,29,190,12915,1,1,2,3,2,100,0,1,0,1,3,3.58
0,22,165,5800,0,1,2,3,2,200,0,2,60,1,1,2.13
0,21,184,12281,1,1,3,3,2,149,0,0,31,1,4,3.63
0,25,166,10558,1,1,3,3,2,149,0,0,56,1,4,3.83
0,18,162,6500,0,1,1,3,2,100,0,0,95,1,5,2.48
1,41,175,11830,1,1,2,2,2,200,0,0,0,1,3,3.86
0,19,165,4959,1,0,2,3,1,200,0,1,60,1,0,1.82
1,21,184,12202,1,1,3,2,2,159,0,0,32,1,4,3.6
1,24,184,12106,1,1,2,2,2,250,0,1,0,1,3,3.58
1,24,185,11786,1,1,2,2,2,200,0,1,0,1,3,3.44
1,27,170,10208,1,1,2,3,2,100,0,1,0,1,3,3.53
1,24,175,12015,1,1,2,3,2,201,0,0,0,1,3,3.92
0,22,160,8200,1,1,2,3,2,200,0,0,60,1,6,3.2
1,26,170,5500,1,0,2,4,2,200,0,2,0,1,1,1.9
0,38,150,5300,1,1,2,3,2,200,1,0,0,1,1,2.36
1,24,161,10024,1,1,2,1,2,115,0,0,52,1,3,3.87
0,20,159,6000,0,1,3,3,2,100,0,1,0,1,1,2.37
1,17,184,5940,1,1,2,3,2,200,0,2,95,2,0,1.75
0,18,169,8220,1,1,2,3,2,100,0,0,81,1,2,2.88
0,21,172,13152,1,1,3,3,2,143,0,1,55,1,4,4.45
1,21,169,8000,1,1,2,2,2,200,0,0,112,2,6,2.8
1,18,175,5200,1,1,2,3,2,200,0,1,0,1,0,1.7
0,21,163,5500,1,0,3,3,2,200,0,2,120,1,1,2.07
1,21,175,7500,0,1,2,3,2,100,0,1,0,1,1,2.45
1,17,185,6000,1,1,2,4,1,300,0,2,60,1,0,1.75
0,20,150,6500,1,1,3,2,2,100,1,0,60,1,5,2.89
0,26,164,11194,1,1,3,3,2,272,0,0,8,1,4,4.16
1,17,170,8500,1,0,3,3,2,200,0,1,60,1,6,2.94
1,22,165,8253,1,1,1,2,2,200,0,1,77,2,6,3.03
1,18,180,6000,1,1,2,3,1,300,0,2,60,1,0,1.85
1,18,178,10800,1,1,2,1,2,300,0,1,60,1,2,3.41
0,21,159,4230,0,1,3,1,2,200,0,1,0,2,0,1.67
0,25,168,10287,1,1,3,3,2,141,0,0,26,1,4,3.64
1,23,182,10687,1,1,2,3,2,300,0,0,103,1,2,3.23
0,21,161,6881,1,1,1,3,3,203,0,0,78,1,5,2.65
0,21,162,4500,0,1,3,3,1,200,0,1,0,1,0,1.71
0,20,173,13176,1,1,3,3,2,124,0,1,55,1,4,4.4
1,20,174,6500,1,1,2,3,2,100,0,1,0,1,1,2.15
1,26,183,12086,1,1,2,3,2,209,0,1,11,2,3,3.61
0,26,164,11194,1,1,3,3,2,268,0,0,8,1,4,4.16
1,30,176,11228,1,1,1,3,2,200,0,0,104,2,3,3.62
1,22,182,8999,1,1,1,2,2,200,0,0,12,1,5,2.72
1,37,175,11829,1,1,2,3,2,210,0,0,15,1,3,3.86
0,37,156,8000,1,1,2,2,2,120,0,1,0,1,2,3.29
0,26,158,10492,1,1,3,3,2,265,0,0,33,1,4,4.2
0,23,172,7800,1,0,3,1,2,200,0,2,0,1,6,2.64
0,36,153,6974,1,1,2,1,2,199,0,0,0,1,5,2.98
0,26,165,11186,1,1,3,3,2,262,0,0,10,1,4,4.11
1,30,181,12919,1,1,2,3,2,195,0,1,69,1,3,3.94
1,30,184,12400,1,1,2,3,2,200,0,0,17,1,3,3.66
1,23,175,8252,1,1,1,2,2,190,0,0,110,1,6,2.69
0,26,159,11082,1,1,3,3,2,142,0,0,23,1,4,4.38
0,21,166,5300,1,1,2,3,2,200,0,2,120,1,1,1.92
0,21,155,6300,1,1,2,3,2,200,0,1,0,1,5,2.62
1,20,178,10306,1,1,2,1,2,165,0,0,106,1,2,3.25
0,21,160,8200,1,1,1,1,2,200,0,0,113,2,2,3.2
1,25,177,11320,1,1,1,3,2,202,0,1,0,1,3,3.61
0,26,164,10492,1,1,3,3,2,256,0,0,33,1,4,3.9
1,21,171,7500,1,1,3,3,1,200,0,1,60,1,5,2.56
1,21,162,7000,0,1,2,1,3,300,0,0,0,1,5,2.67
0,25,166,11277,1,1,3,3,2,295,0,0,1,1,4,4.09
1,24,176,11390,1,1,1,3,2,200,0,0,0,1,3,3.68
0,26,162,10995,1,1,3,3,2,261,0,0,33,1,4,4.19
1,21,171,7500,1,1,2,3,2,108,0,0,0,1,5,2.56
1,27,174,7400,1,1,2,3,2,100,0,1,60,1,1,2.44
1,29,162,7000,0,1,3,3,2,100,0,0,0,1,5,2.67
0,26,160,10479,1,1,3,3,2,261,0,0,33,1,4,4.09
0,25,169,10483,1,1,3,3,2,115,0,0,49,1,4,3.67
0,16,182,4712,0,1,3,1,2,200,0,1,60,1,0,1.42
0,19,162,8263,1,1,1,1,2,137,0,0,32,2,2,3.15
1,30,190,12901,1,1,2,3,2,100,0,1,9,1,3,3.57
1,23,172,8300,1,1,3,1,2,200,0,1,0,1,6,2.81
1,24,173,8500,1,1,2,3,2,200,0,0,86,1,6,2.84
1,22,178,8200,1,1,2,3,2,143,0,0,87,1,6,2.59
0,22,176,9503,1,1,2,2,2,177,0,0,96,2,2,3.07
0,25,162,10255,1,1,3,3,2,102,0,0,15,1,4,3.91
0,26,179,4665,1,1,3,3,1,201,0,0,46,2,0,1.46
0,33,170,8000,0,1,2,3,2,300,0,2,60,2,6,2.77
1,23,175,11902,1,1,2,3,2,204,0,0,37,1,3,3.89
0,22,169,8047,1,1,2,3,2,200,0,2,51,2,6,2.82
1,23,175,12099,1,1,3,2,2,179,0,1,8,1,3,3.95
1,19,180,8700,0,1,3,3,2,200,0,1,0,1,5,2.69
1,19,174,10400,1,1,2,3,2,300,0,3,0,1,2,3.44
0,18,160,5600,1,1,3,3,1,200,0,1,0,2,1,2.19
0,21,170,7541,1,1,2,3,2,117,0,0,0,1,5,2.61
1,21,169,8000,1,0,2,1,2,200,0,0,120,2,6,2.8
1,25,175,8000,1,0,2,1,2,200,0,2,0,2,6,2.61
1,23,184,12202,1,1,2,3,2,100,0,0,60,1,3,3.6
1,18,174,5300,1,1,3,3,2,200,0,1,120,1,0,1.75
1,30,184,12061,1,1,2,3,2,210,0,0,56,1,3,3.56
0,19,167,4500,0,0,3,3,1,200,1,1,120,1,0,1.61
0,19,167,4980,1,0,2,3,2,249,0,2,0,1,0,1.79
1,17,176,9744,1,1,2,3,2,297,0,2,120,2,2,3.15
1,18,170,5000,1,1,2,3,2,200,0,0,120,1,0,1.73
0,16,165,7000,0,1,3,3,2,300,0,1,60,2,5,2.57
1,19,176,8780,1,1,2,3,2,183,0,2,26,1,5,2.83
1,44,160,8000,1,1,2,3,0,300,0,0,0,2,2,3.12
0,21,175,13396,1,1,3,3,2,282,0,1,54,1,4,4.37
0,19,156,4902,0,0,3,3,1,110,0,1,60,1,0,2.01
1,32,170,9000,1,1,2,3,2,170,0,0,0,1,2,3.11
0,22,185,5110,1,1,2,3,1,200,0,1,60,2,0,1.49
0,26,163,11188,1,1,3,3,2,255,0,1,14,1,4,4.21
0,22,169,8000,1,1,2,1,2,200,0,0,120,2,2,2.8
1,24,165,8925,1,1,1,3,2,200,0,0,60,2,2,3.28
0,19,161,4910,0,0,2,3,1,100,0,1,120,1,0,1.89
1,23,170,7500,1,0,2,3,1,200,0,3,60,2,5,2.6
1,35,184,11937,1,1,2,3,2,209,0,1,0,1,3,3.53
0,19,166,4912,0,0,2,3,2,200,0,2,60,1,0,1.78
0,17,166,5900,1,1,3,3,0,200,0,3,60,2,1,2.14
1,21,165,8800,1,1,2,1,2,300,0,1,60,1,2,3.23
0,25,161,10209,1,1,3,3,2,102,0,0,60,1,4,3.94
0,18,180,5000,0,1,1,3,1,100,0,2,60,1,0,1.54
1,25,177,11406,1,1,1,3,2,208,0,1,5,1,3,3.64
0,21,172,13152,1,1,3,3,2,167,0,1,35,1,4,4.45
1,26,177,10596,1,1,2,3,2,204,0,2,44,2,2,3.38
0,26,162,10998,1,1,3,3,2,268,0,0,44,1,4,4.19
0,18,183,9183,1,1,2,3,2,187,0,1,7,1,2,2.74
0,19,159,4212,0,1,3,3,1,106,1,1,0,1,0,1.67
1,25,176,11633,1,1,1,3,2,204,0,1,2,1,3,3.76
1,25,161,10268,1,1,2,1,2,100,0,0,97,2,2,3.96
0,23,160,8301,1,1,2,1,2,252,0,2,0,1,2,3.24
1,27,170,10106,1,1,2,1,2,215,0,1,60,2,3,3.5
1,26,178,10503,1,1,3,3,2,286,0,0,8,1,2,3.31
1,21,171,9694,1,1,2,3,2,200,0,2,72,2,2,3.32
1,38,176,11820,1,1,2,2,2,127,0,0,0,1,3,3.82
0,26,163,11100,1,1,3,3,2,270,0,0,19,1,4,4.18
1,18,178,10800,1,1,2,3,2,100,0,1,60,2,2,3.41
1,25,175,11742,1,1,1,3,2,200,0,1,24,1,3,3.83
0,26,162,11000,1,1,3,3,2,250,0,0,22,1,4,4.19
0,18,176,13390,1,1,3,3,2,286,0,1,44,1,4,4.32
1,21,178,6800,1,0,2,3,2,200,0,1,0,1,1,2.15
0,18,170,5000,0,1,2,3,1,200,0,0,120,1,0,1.73
1,18,171,5100,1,1,2,3,1,100,0,2,60,1,0,1.74
0,25,162,11092,1,1,3,3,2,161,0,0,27,1,4,4.23
1,23,170,9000,1,1,2,3,2,200,0,0,60,1,6,3.11
0,26,162,11181,1,1,3,3,2,232,0,0,7,1,4,4.26
1,23,184,11943,1,1,1,2,2,200,0,1,37,1,3,3.53
1,28,176,11350,1,1,2,2,2,200,0,1,0,1,3,3.66
1,25,175,11224,1,1,1,3,2,204,0,1,0,1,3,3.66
0,19,173,4965,0,1,1,3,2,191,0,2,60,1,0,1.66
1,31,191,12996,1,1,2,2,2,256,0,1,65,1,3,3.56
0,26,162,11194,1,1,3,3,2,274,0,0,32,1,4,4.27
1,19,180,8500,0,0,2,3,2,200,0,3,60,1,6,2.62
0,22,174,5369,1,1,2,3,2,271,0,0,120,2,0,1.77
1,20,163,10479,1,1,2,1,2,191,0,0,22,2,3,3.94
0,26,164,11193,1,1,3,3,2,256,0,0,5,1,4,4.16
0,18,156,5150,0,1,2,3,2,200,0,1,60,2,1,2.12
1,37,176,11853,1,1,2,3,2,253,0,0,0,1,2,3.83
1,18,173,7817,1,0,1,1,2,200,0,0,0,1,6,2.61
0,26,163,11160,1,1,3,3,2,260,0,0,13,1,4,4.2
1,30,175,12000,1,1,2,3,2,217,0,1,81,1,3,3.92
0,18,174,13380,1,1,3,3,2,284,0,1,41,1,4,4.42
1,26,184,12092,1,1,2,3,2,245,0,0,15,1,3,3.57
0,25,162,10493,1,1,3,3,2,261,0,0,32,1,4,4.0
1,18,165,8000,1,1,2,3,2,200,0,1,60,1,6,2.94
0,21,162,6800,1,1,3,3,2,200,0,1,0,1,4,2.59
0,21,167,12152,1,1,3,3,2,148,0,0,54,1,4,4.36
1,26,175,11920,1,1,2,3,2,200,0,0,0,1,3,3.89
0,26,163,10503,1,1,3,3,2,252,0,0,37,1,4,3.95
0,26,163,11287,1,1,3,3,2,267,0,0,27,1,4,4.25
0,25,159,10558,1,1,3,3,2,230,0,0,26,1,4,4.18
0,38,152,6233,1,1,2,2,2,100,0,0,0,2,6,2.7
1,18,170,8300,1,1,2,3,1,100,0,1,60,2,6,2.87
0,25,164,10483,1,1,3,3,2,263,0,0,55,1,4,3.9
1,35,175,8000,1,1,3,3,2,200,0,0,0,2,6,2.61
0,18,156,5000,0,1,2,3,2,100,0,1,0,2,1,2.05
0,24,170,5000,0,1,1,3,1,100,0,3,0,2,0,1.73
1,19,182,8500,1,1,2,3,2,200,1,1,60,1,5,2.57
0,20,156,4169,0,1,2,1,1,134,0,0,0,1,0,1.71
0,19,162,5900,1,1,2,4,1,200,0,3,0,0,1,2.25
0,18,168,10874,1,1,2,2,2,245,0,1,106,2,2,3.85
0,22,165,6000,1,0,3,3,2,200,0,0,0,1,1,2.2
0,21,180,15247,1,1,3,3,2,279,0,1,57,1,4,4.71
0,21,175,5600,1,1,3,4,1,200,0,2,0,1,0,1.83
1,22,174,6800,0,1,2,3,2,200,0,1,60,1,1,2.25
1,22,170,6500,1,0,3,3,2,100,0,1,0,1,1,2.25
1,21,174,9854,1,1,2,3,2,284,0,2,120,2,2,3.25
0,19,160,6662,1,1,3,4,2,200,0,1,0,1,5,2.6
1,23,183,12043,1,1,2,3,2,297,0,0,60,1,3,3.6
1,27,175,11905,1,1,2,3,2,245,0,0,40,1,3,3.89
0,19,166,4903,0,0,2,3,1,200,0,0,60,1,0,1.78
0,18,167,7500,1,1,2,3,1,200,0,0,120,2,5,2.69
1,20,183,10374,1,1,2,1,2,133,0,1,0,2,3,3.1
1,17,176,8472,1,1,2,3,2,200,0,2,60,1,6,2.74
0,21,174,13569,1,1,3,3,2,253,0,1,43,1,4,4.48
1,20,166,10479,1,1,2,1,2,191,0,0,0,1,3,3.8
0,26,163,11193,1,1,3,3,2,247,0,0,9,1,4,4.21
1,25,175,11820,1,1,1,3,2,200,0,1,45,1,3,3.86
0,21,175,7800,1,1,3,3,2,200,0,1,120,0,6,2.55
0,17,159,5500,1,1,2,4,2,200,0,2,0,2,1,2.18
1,33,170,8300,1,1,3,3,2,200,0,0,60,1,6,2.87
1,17,165,8500,1,0,2,3,2,300,0,1,60,2,2,3.12
0,22,162,8204,1,1,1,1,2,226,0,1,81,1,2,3.13
1,19,170,6000,0,1,3,3,2,200,0,1,0,2,1,2.08
0,19,164,4900,0,1,3,3,2,200,0,2,0,2,0,1.82
1,22,170,8000,1,1,2,2,2,200,0,2,60,2,6,2.77
0,25,168,10810,1,1,3,3,2,146,0,0,46,1,4,3.83
0,18,158,4800,1,1,2,3,1,200,0,2,60,2,1,1.92
0,19,161,5350,1,1,2,4,2,300,0,2,120,1,1,2.06
1,18,194,12165,1,1,3,2,2,250,0,1,0,1,3,3.23
1,17,180,9700,1,1,2,3,2,300,0,1,60,1,6,2.99
0,37,150,6318,1,1,2,1,2,100,0,0,0,1,5,2.81
1,23,165,9400,1,1,2,3,2,300,0,3,60,2,2,3.45
0,26,163,11182,1,1,3,3,2,255,0,0,4,1,4,4.21
1,24,184,12142,1,1,2,1,2,201,0,1,0,1,3,3.59
0,25,156,5100,1,0,2,3,2,200,0,0,0,1,1,2.1
0,17,170,5000,0,1,1,4,2,200,0,0,60,1,0,1.73
1,40,169,10988,1,1,2,2,2,179,0,0,0,2,3,3.85
1,31,167,10259,1,1,2,2,2,100,0,0,65,2,3,3.68
0,25,157,6470,1,0,2,1,2,164,0,0,0,1,6,2.62
1,28,179,12091,1,1,2,2,2,236,0,0,0,1,3,3.77
1,31,175,12098,1,1,2,3,2,292,0,1,0,1,3,3.95
0,19,160,4900,1,1,3,3,1,100,0,2,60,2,0,1.91
1,21,172,6600,1,0,3,4,0,200,0,2,0,1,1,2.23
0,20,175,13395,1,1,3,3,2,125,0,1,49,1,4,4.37
1,18,175,5206,1,1,3,3,2,204,0,0,0,1,0,1.7
1,18,178,8300,1,1,2,3,2,100,0,1,120,2,2,2.62
1,22,174,9694,1,1,2,2,2,200,0,1,96,2,2,3.2
0,23,165,8000,1,1,3,3,2,200,1,2,60,1,5,2.94
0,19,165,5800,0,1,2,3,2,200,0,1,0,2,1,2.13
0,37,161,8000,1,1,2,1,2,100,0,1,0,1,2,3.09
0,19,163,8252,1,1,2,3,2,107,0,1,60,1,2,3.11
0,26,164,11187,1,1,3,3,2,262,0,0,15,1,4,4.16
1,23,168,7562,1,1,2,3,2,200,0,1,32,1,5,2.68
1,33,170,6400,0,1,2,4,2,200,1,1,60,1,1,2.21
1,19,184,9149,1,1,1,3,2,113,0,0,57,1,6,2.7
1,20,178,5365,1,1,2,1,1,200,0,2,60,2,0,1.69
0,21,159,4336,0,0,2,1,2,191,0,1,0,1,0,1.72
0,21,154,4200,0,1,3,1,2,129,0,0,13,2,0,1.77
1,23,166,8332,1,1,2,1,2,210,0,0,0,2,2,3.02
0,25,168,10498,1,1,3,3,2,144,0,0,35,1,4,3.72
0,20,175,13394,1,1,3,3,2,254,0,1,57,1,4,4.37
0,21,175,13374,1,1,3,3,2,268,0,1,54,1,4,4.37
1,21,170,6500,1,1,2,3,2,200,0,2,0,2,1,2.25
0,16,179,4500,0,1,2,3,2,240,0,1,60,1,0,1.4
0,17,165,6000,1,1,3,3,2,100,0,0,60,2,1,2.2
1,18,168,6800,1,1,3,3,2,100,0,1,60,2,1,2.41
1,22,170,9526,1,1,2,2,2,200,0,1,93,2,2,3.3
0,26,161,10502,1,1,3,3,2,261,0,0,33,1,4,4.05
0,21,164,6800,1,1,2,3,2,300,0,1,0,1,5,2.53
0,21,154,4700,0,1,2,3,2,200,0,0,0,1,1,1.98
0,26,164,11194,1,1,3,3,2,261,0,0,9,1,4,4.16
1,21,165,8000,1,1,2,2,2,200,0,0,110,2,6,2.94
0,21,171,13208,1,1,3,3,2,124,0,1,55,1,4,4.52
0,18,154,6800,1,0,2,4,2,100,0,0,60,2,6,2.87
0,20,162,5300,0,1,2,3,2,100,0,1,60,1,1,2.02
1,22,168,5000,0,1,2,4,1,200,0,2,60,2,0,1.77
0,20,174,15051,1,1,3,3,2,261,0,1,34,1,4,4.97
0,20,156,4500,0,1,3,3,2,100,0,1,0,1,1,1.85
0,26,160,8200,1,1,2,3,2,100,0,0,23,1,2,3.2
1,23,182,12165,1,1,2,3,2,251,0,0,27,1,3,3.67
1,21,168,7000,0,1,2,1,2,200,0,1,60,1,5,2.48
0,19,148,4500,0,1,2,3,1,100,0,1,0,1,1,2.05
0,21,165,6600,1,1,3,3,1,300,0,1,0,2,5,2.42
0,21,173,13388,1,1,3,3,2,286,0,1,55,1,4,4.47
1,33,175,8300,1,1,2,3,2,200,0,1,0,2,6,2.71
0,25,164,10479,1,1,3,3,2,253,0,0,46,1,4,3.9
1,31,171,7592,1,1,2,3,2,201,0,1,0,1,5,2.6
1,23,182,12123,1,1,2,2,2,198,0,0,0,1,3,3.66
0,26,162,11194,1,1,3,3,2,247,0,0,39,1,4,4.27
0,25,166,10531,1,1,3,3,2,103,0,0,56,1,4,3.82
0,26,163,11127,1,1,3,3,2,255,0,0,12,1,4,4.19
0,22,158,8200,1,1,2,1,2,200,0,1,60,2,2,3.28
1,19,180,6000,0,1,2,3,1,300,0,1,0,2,1,1.85
1,19,172,8055,1,1,2,3,2,200,0,1,60,2,6,2.72
1,17,179,9800,1,1,2,4,2,200,0,2,12,1,2,3.06
1,18,176,5800,0,0,2,4,1,100,0,2,0,1,1,1.87
1,30,166,10287,1,1,2,3,2,100,0,0,0,2,3,3.73
1,20,175,5714,1,1,2,3,2,284,0,2,0,2,0,1.87
0,16,161,6500,1,1,2,1,2,183,0,0,113,1,5,2.51
1,25,183,11833,1,1,1,3,2,253,0,1,96,1,3,3.53
0,19,153,4200,0,1,2,1,1,100,0,0,0,1,0,1.79
0,21,164,13152,1,1,3,3,2,195,0,1,54,1,4,4.89
0,18,175,5000,0,1,1,3,2,106,0,0,60,1,0,1.63
1,24,183,9150,1,1,1,3,2,194,0,0,59,1,6,2.73
1,21,182,12086,1,1,2,3,2,200,0,1,0,2,3,3.65
1,21,172,7800,1,0,2,1,2,300,0,1,0,1,5,2.64
1,17,170,6000,1,1,2,3,2,200,0,1,60,2,0,2.08
1,30,191,12985,1,1,2,3,2,216,0,0,0,1,3,3.56
1,30,183,9000,1,1,2,1,2,230,0,1,15,1,5,2.69
1,18,176,5800,1,1,2,3,2,100,0,1,60,2,1,1.87
0,18,165,5600,1,1,3,4,1,100,0,1,120,2,1,2.06
0,26,164,11183,1,1,3,3,2,270,0,0,38,1,4,4.16
0,22,162,8236,1,1,1,1,2,137,0,0,91,1,2,3.14
0,23,173,7500,1,1,3,3,2,200,0,1,120,1,5,2.51
1,19,184,8500,0,1,2,3,2,200,0,1,7,1,5,2.51
0,26,163,10503,1,1,3,3,2,241,0,0,31,1,4,3.95
0,25,168,10498,1,1,3,3,2,144,0,0,32,1,4,3.72
1,29,166,10200,1,1,2,3,2,152,0,0,0,2,3,3.7
1,34,169,8475,1,1,2,1,2,228,0,1,0,2,6,2.97
0,19,152,4200,0,1,2,1,2,100,0,1,0,1,1,1.82
0,18,165,5000,1,1,3,3,2,200,0,0,120,1,0,1.84
1,31,184,9269,1,1,2,1,2,268,0,0,113,1,6,2.74
0,41,145,6200,1,1,2,3,2,100,0,1,0,1,5,2.95
1,18,175,5600,1,0,2,4,1,200,0,2,60,1,0,1.83
0,21,162,10568,1,1,3,3,2,281,0,0,16,1,4,4.03
0,21,155,6233,1,0,2,1,2,267,0,1,0,1,5,2.59
0,19,160,4500,0,0,3,3,1,225,0,1,0,1,0,1.76
1,22,160,4500,1,1,3,3,1,200,0,2,60,1,1,1.76
1,22,167,6800,0,1,2,3,2,200,0,1,60,1,1,2.44
0,21,174,13395,1,1,3,3,2,281,0,1,55,1,4,4.42
1,30,175,12033,1,1,2,3,2,216,0,1,28,1,3,3.93
0,21,172,13190,1,1,3,3,2,191,0,1,54,1,4,4.46
0,26,163,10520,1,1,3,3,2,250,0,0,27,1,4,3.96
1,21,180,6000,0,1,2,3,2,200,0,2,0,2,1,1.85
1,29,175,11228,1,1,1,3,2,215,0,0,47,1,3,3.67
0,24,165,8500,1,1,3,3,2,200,0,1,0,0,6,3.12
1,23,182,12165,1,1,2,2,2,194,0,1,0,1,3,3.67
1,30,176,12015,1,1,2,3,2,200,0,1,60,1,3,3.88
1,28,176,12002,1,1,2,3,2,159,0,0,23,1,3,3.87
1,22,179,10596,1,1,2,3,2,273,0,0,120,1,2,3.31
1,32,170,10258,1,1,2,1,2,100,0,1,0,2,3,3.55
1,23,174,9400,1,1,2,3,2,200,0,0,120,2,2,3.1
1,18,180,5000,1,1,2,3,1,200,0,2,60,2,0,1.54
1,32,179,8395,1,1,2,1,2,200,0,1,0,2,6,2.62
0,25,163,10488,1,1,3,3,2,132,0,0,54,1,4,3.95
1,22,165,6000,1,0,2,3,2,200,0,1,60,1,1,2.2
0,26,163,11168,1,1,3,3,2,244,0,0,23,1,4,4.2
0,21,171,13316,1,1,3,3,2,286,0,1,40,1,4,4.55
1,21,169,7500,1,1,2,3,2,195,0,0,0,1,5,2.63
1,31,182,12043,1,1,2,3,2,179,0,1,1,1,3,3.64
1,31,181,9802,1,1,2,2,2,193,0,0,0,1,6,2.99
1,21,165,9400,1,1,2,3,2,300,0,0,120,2,2,3.45
1,27,165,9997,1,1,2,2,2,100,0,1,76,2,3,3.67
1,22,175,9595,1,1,2,3,2,293,0,0,120,2,2,3.13
1,24,170,6500,1,1,3,3,1,200,0,0,60,2,1,2.25
0,18,170,5000,0,1,1,4,1,100,0,2,60,1,0,1.73
0,26,163,11181,1,1,3,3,2,255,0,0,13,1,4,4.21
0,19,156,4200,0,0,3,2,1,265,1,0,1,1,0,1.73
1,25,178,11508,1,1,2,3,2,201,0,1,40,1,3,3.63
0,22,175,10600,1,1,2,1,2,300,0,1,60,2,2,3.46
1,23,178,12092,1,1,2,2,2,231,0,1,15,1,3,3.82
1,30,191,12944,1,1,2,3,2,159,0,0,11,1,3,3.55
0,21,179,13785,1,1,3,3,2,261,0,1,41,1,4,4.3
0,26,163,11194,1,1,3,3,2,268,0,0,8,1,4,4.21
0,34,168,7726,1,0,3,1,2,164,0,0,0,2,6,2.74
0,18,167,4993,0,1,2,3,2,243,0,2,60,1,0,1.79
1,32,170,10278,1,1,2,2,2,100,0,0,0,2,3,3.56
0,16,169,5000,0,1,2,4,2,200,0,2,60,1,0,1.75
0,25,167,10474,1,1,3,3,2,281,0,0,32,1,4,3.76
0,18,150,5800,0,1,2,3,2,200,1,1,0,1,5,2.58
0,26,163,11127,1,1,3,3,2,260,0,0,11,1,4,4.19
1,18,172,5365,1,1,2,1,2,294,0,1,0,1,0,1.81
1,21,172,7530,1,1,2,3,2,131,0,0,0,1,5,2.55
1,27,177,11908,1,1,2,3,2,209,0,1,0,1,3,3.8
1,21,178,12500,1,1,2,3,2,300,0,1,0,2,2,3.95
0,22,178,5000,1,1,3,4,1,100,0,2,120,1,0,1.58
1,23,168,9000,1,1,2,3,2,206,0,0,60,2,2,3.19
1,22,180,9400,1,1,2,3,2,200,0,0,60,1,2,2.9
1,20,181,8530,1,1,2,3,3,300,0,1,49,1,5,2.6
1,17,171,9702,1,1,2,3,2,300,0,1,120,2,2,3.32
1,19,176,8200,1,1,1,3,2,262,0,2,18,1,6,2.65
0,19,155,6974,1,1,2,3,2,241,0,0,82,1,5,2.9
0,26,163,11193,1,1,3,3,2,262,0,0,5,1,4,4.21
1,20,175,13000,1,0,2,3,2,200,0,1,0,2,3,4.24
1,25,177,11416,1,1,2,3,2,211,0,1,3,1,3,3.64
0,22,171,5155,1,1,2,3,1,188,0,0,60,2,0,1.76
1,30,183,11837,1,1,1,3,2,250,0,0,86,1,3,3.53
1,24,176,12059,1,1,2,3,2,203,0,1,0,1,3,3.89
0,38,167,7500,1,1,2,3,1,100,0,1,0,1,5,2.69
0,20,171,5000,0,1,1,3,1,100,0,2,60,1,0,1.71
1,25,178,11451,1,1,2,3,2,211,0,1,9,1,3,3.61
1,30,182,12646,1,1,2,3,2,151,0,0,112,1,3,3.82
1,25,177,11448,1,1,2,3,2,207,0,1,4,1,3,3.65
0,26,164,11184,1,1,3,3,2,263,0,0,14,1,4,4.16
1,24,176,11414,1,1,2,3,2,241,0,0,0,2,3,3.68
1,23,179,8000,1,1,2,3,2,200,0,2,60,1,6,2.5
0,22,162,8208,1,1,1,3,2,101,0,0,29,1,2,3.13
1,27,170,7800,0,1,2,3,2,300,0,1,0,0,6,2.7
0,26,162,11081,1,1,3,3,2,270,0,0,16,1,4,4.22
0,26,162,11192,1,1,3,3,2,270,0,0,10,1,4,4.26
1,19,171,7807,1,0,2,3,2,200,0,1,60,1,6,2.67
0,18,174,13374,1,1,3,3,2,288,0,1,46,1,4,4.42
1,18,180,10889,1,1,2,2,2,251,0,0,65,2,2,3.36
0,21,165,5800,1,1,3,3,1,100,0,1,0,1,1,2.13
1,26,176,12007,1,1,3,3,2,271,0,0,28,1,3,3.88
1,25,184,12123,1,1,2,3,2,273,0,1,0,1,3,3.58
0,22,160,8252,1,1,2,1,2,200,0,0,0,2,2,3.22
0,21,174,13376,1,1,3,3,2,165,0,1,45,1,4,4.42
1,25,178,11582,1,1,2,3,2,200,0,1,60,1,3,3.66
1,23,180,7500,1,1,3,3,2,200,0,1,60,1,1,2.31
0,25,168,10457,1,1,3,3,2,268,0,0,37,1,4,3.71
1,23,166,6000,0,1,3,1,2,100,0,1,0,1,1,2.18
1,31,182,11827,1,1,2,3,2,200,0,0,0,1,3,3.57
1,33,162,10366,1,1,2,2,2,100,0,1,0,2,3,3.95
0,25,164,10457,1,1,3,3,2,161,0,0,34,1,4,3.89
0,21,152,4284,0,1,2,2,1,198,0,0,0,2,0,1.85
1,30,175,11920,1,1,2,3,2,273,0,0,40,1,3,3.89
0,25,162,10255,1,1,3,3,2,100,0,1,35,1,4,3.91
1,21,183,6500,1,1,3,3,2,200,0,1,0,1,1,1.94
0,25,176,5173,1,1,3,3,1,241,0,1,0,1,0,1.67
1,20,164,10318,1,1,2,3,2,160,0,0,0,2,2,3.84
1,22,182,12080,1,1,2,3,2,300,0,1,0,1,3,3.65
0,19,162,5300,1,1,2,3,2,100,0,1,60,1,1,2.02
1,25,184,11736,1,1,2,2,2,200,0,1,0,1,3,3.47
0,20,152,4200,0,1,3,3,1,100,0,0,0,1,0,1.82
0,21,175,7709,1,1,3,2,2,180,0,1,50,1,5,2.52
1,22,179,8700,1,1,2,3,2,200,0,2,60,2,2,2.72
0,18,155,5600,1,1,3,3,2,200,0,1,60,1,1,2.33
1,21,165,6700,1,1,2,3,2,200,0,1,60,1,1,2.46
0,18,170,8000,1,1,2,3,2,200,0,1,120,2,6,2.77
0,33,157,4800,0,0,2,3,2,100,1,1,0,1,1,1.95
1,30,177,11818,1,1,2,3,2,208,0,1,60,1,3,3.77
0,22,169,4983,1,1,2,3,1,100,0,2,60,2,0,1.74
1,35,180,7200,1,1,3,3,0,300,0,0,0,2,1,2.22
1,34,174,8400,1,1,3,3,2,200,0,3,0,2,6,2.77
1,26,176,11816,1,1,2,3,2,235,0,0,0,1,3,3.81
1,23,167,7500,1,1,1,3,2,182,0,0,55,1,5,2.69
0,23,166,5600,1,1,2,3,2,200,0,2,60,1,0,2.03
0,31,185,7357,1,1,2,3,2,211,0,0,16,1,5,2.15
1,21,162,6800,0,1,2,1,0,200,0,1,0,1,1,2.59
0,22,160,8201,1,1,1,1,2,200,0,0,0,2,2,3.2
1,18,179,5714,1,1,2,4,2,200,0,2,66,2,0,1.78
0,18,160,7600,0,1,2,3,0,200,0,2,60,1,1,2.97
1,19,175,5500,0,1,2,3,2,200,0,2,0,1,1,1.8
1,24,155,10006,1,1,2,1,2,129,0,0,0,1,3,4.16
1,26,185,10500,1,1,3,3,2,300,0,3,0,1,2,3.07
0,41,165,8000,1,0,3,1,2,300,0,2,0,1,2,2.94
1,30,176,12999,1,1,2,3,2,100,0,1,0,1,3,4.2
1,18,169,9000,1,1,2,3,2,100,0,0,93,1,2,3.15
0,26,162,11080,1,1,3,3,2,270,0,0,16,1,4,4.22
0,21,173,13552,1,1,3,3,2,148,0,1,39,1,4,4.53
1,25,178,10481,1,1,2,3,2,255,0,1,60,1,2,3.31
1,18,178,6440,1,1,2,3,1,200,0,3,60,1,1,2.03
0,27,170,8000,1,0,2,3,0,300,0,0,120,0,6,2.77
0,18,156,6000,1,0,2,3,2,100,0,0,0,1,2,2.47
0,26,166,11255,1,1,3,3,2,265,0,0,6,1,4,4.08
1,30,175,11200,1,1,3,3,2,200,0,0,60,2,3,3.66
0,18,160,5600,1,1,3,3,2,200,0,2,0,1,1,2.19
1,23,165,6200,0,1,3,3,2,200,0,1,60,1,1,2.28
1,22,175,7500,0,0,3,3,2,300,0,1,0,2,1,2.45
0,19,173,13214,1,1,3,3,2,286,0,1,39,1,4,4.42
0,17,158,4500,1,1,2,3,2,100,0,1,60,2,1,1.8
1,30,178,11826,1,1,2,3,2,214,0,0,20,1,3,3.73
0,18,165,8500,1,0,2,3,2,300,0,2,0,1,2,3.12
1,22,179,8999,1,1,1,1,2,200,0,0,81,2,2,2.81
1,23,184,12173,1,1,2,2,2,183,0,1,0,1,3,3.6
1,30,181,12098,1,1,2,3,2,217,0,0,15,1,3,3.69
1,30,170,8328,1,1,2,3,2,181,0,1,62,2,6,2.88
1,18,180,6000,1,1,2,3,1,200,1,2,60,2,0,1.85
0,19,179,16093,1,1,3,3,2,231,0,1,50,1,4,5.02
1,21,179,9389,1,1,1,2,2,184,0,0,0,1,2,2.93
1,18,170,6800,1,1,2,3,0,200,0,1,60,2,1,2.35
0,38,153,7800,1,1,2,1,2,287,0,1,0,0,2,3.33
1,22,171,8192,1,1,2,1,2,200,0,2,76,1,6,2.8
0,23,170,9389,1,1,2,2,2,199,0,1,0,2,2,3.25
1,25,170,8000,1,1,2,3,2,200,0,2,60,0,6,2.77
0,26,162,11199,1,1,3,3,2,277,0,0,5,1,4,4.27
1,33,170,8301,1,1,2,2,2,100,0,1,0,2,6,2.87
1,19,162,6900,0,1,2,1,2,100,0,1,60,1,5,2.63
0,21,161,6300,1,1,3,3,2,200,0,2,60,2,1,2.43
0,20,173,7804,1,0,2,1,2,200,0,0,60,2,6,2.61
1,17,170,5000,1,1,3,3,1,200,0,3,60,1,0,1.73
1,19,184,8800,1,1,2,1,2,200,1,1,43,1,5,2.6
1,24,182,12086,1,1,2,3,2,262,0,0,42,1,3,3.65
0,26,164,11193,1,1,3,3,2,268,0,0,6,1,4,4.16
0,40,150,6200,1,1,2,1,2,200,0,0,0,1,5,2.76
0,21,174,13152,1,1,3,3,2,149,0,1,55,1,4,4.34
0,21,173,13366,1,1,3,3,2,284,0,1,46,1,4,4.47
1,23,170,7500,1,1,2,3,2,202,0,0,5,1,5,2.6
0,21,150,4200,0,0,3,1,2,100,1,0,0,1,0,1.87
1,20,184,10500,1,1,2,2,2,100,0,0,107,1,2,3.1
0,18,160,5300,1,0,2,3,2,200,1,2,120,1,1,2.07
0,25,164,10457,1,1,3,3,2,143,0,0,34,1,4,3.89
0,25,168,10482,1,1,3,3,2,152,0,0,54,1,4,3.71
1,19,170,7200,0,1,2,3,2,200,0,1,60,1,1,2.49
0,21,160,6512,1,1,2,3,2,200,0,1,60,1,5,2.54
1,21,177,7500,0,1,3,3,1,200,0,1,0,1,5,2.39
1,19,165,8766,1,0,2,1,2,288,0,0,33,1,6,3.22
1,18,163,6825,1,1,2,1,2,200,0,1,97,1,6,2.57
0,42,155,8000,1,1,2,3,2,209,0,0,0,1,2,3.33
0,18,156,7172,1,1,3,3,2,100,0,1,120,2,6,2.95
1,25,178,11542,1,1,2,3,2,214,0,0,0,1,3,3.64
1,23,178,7900,0,1,2,3,1,200,0,2,120,0,1,2.49
1,33,163,6650,1,0,3,3,2,200,0,1,0,2,1,2.5
0,18,165,8000,1,1,2,3,2,200,0,1,60,2,6,2.94
1,31,175,11866,1,1,2,2,2,179,0,0,75,1,3,3.87
0,20,176,5000,0,1,2,3,1,100,0,1,0,1,1,1.61
1,19,181,8785,1,1,2,3,2,222,0,0,45,1,6,2.68
1,25,182,12109,1,1,2,3,2,208,0,0,0,1,3,3.66
0,21,152,5300,1,1,2,3,1,200,0,2,0,2,0,2.29
0,19,150,3953,0,0,1,3,1,100,1,1,0,1,0,1.76
1,21,170,7597,1,1,2,3,2,220,0,0,16,1,5,2.63
0,18,166,5700,0,1,2,3,1,200,0,0,60,2,1,2.07
1,21,171,8000,1,1,2,2,2,200,0,0,0,2,6,2.74
0,38,156,7700,1,1,2,3,2,213,0,0,0,1,2,3.16
0,21,174,13398,1,1,3,3,2,282,0,1,54,1,4,4.43
1,24,175,11763,1,1,1,3,2,200,0,1,37,1,3,3.84
1,25,160,10200,1,1,2,1,2,200,0,1,60,1,3,3.98
1,18,172,8609,1,1,2,3,2,166,0,0,5,1,6,2.91
0,37,155,6221,1,1,2,2,2,201,0,0,12,1,5,2.59
1,24,177,11634,1,1,2,2,2,206,0,0,104,2,3,3.71
1,30,180,11833,1,1,2,3,2,208,0,1,10,1,3,3.65
1,29,184,12211,1,1,2,2,2,159,0,0,0,1,3,3.61
0,22,170,5112,1,1,2,3,1,108,0,1,0,2,0,1.77
1,20,170,8000,1,1,2,3,2,200,0,2,60,1,6,2.77
1,30,169,7815,1,1,2,3,2,211,0,0,42,1,6,2.74
1,21,183,8980,1,1,2,2,2,220,0,0,60,1,6,2.68
0,17,163,5900,0,0,2,3,2,100,0,0,120,2,1,2.22
0,26,173,10477,1,1,3,3,2,256,0,1,45,1,4,3.5
1,17,180,5500,1,1,2,4,1,200,0,2,60,1,1,1.7
1,23,170,7808,1,0,2,1,2,100,0,2,0,2,6,2.7
1,34,175,8478,1,1,2,3,2,277,0,2,54,2,5,2.77
1,21,183,9619,1,1,1,1,2,241,0,1,0,1,6,2.87
1,21,162,7000,0,1,1,3,3,200,0,1,0,1,5,2.67
0,22,158,5100,1,1,3,3,1,200,0,1,0,1,0,2.04
1,37,176,11729,1,1,2,2,2,228,0,1,19,1,3,3.79
1,19,180,8500,1,1,2,3,2,300,0,3,0,1,5,2.62
0,18,174,13336,1,1,3,3,2,289,0,1,46,1,4,4.4
1,20,170,7500,1,1,2,3,2,187,0,1,0,1,5,2.6
1,21,178,10604,1,1,2,3,2,300,0,1,0,1,2,3.35
1,24,164,9943,1,1,2,3,2,100,0,0,60,1,3,3.7
1,24,187,12149,1,1,2,2,2,293,0,1,0,1,3,3.47
0,24,160,4800,1,1,2,3,2,200,0,0,0,2,1,1.87
0,26,162,11135,1,1,3,3,2,261,0,0,5,1,4,4.24
1,23,168,9000,1,1,2,3,2,237,0,0,58,1,2,3.19
0,21,171,15127,1,1,3,3,2,215,0,1,56,1,4,5.17
0,18,165,5800,0,1,3,3,2,200,0,0,120,2,1,2.13
0,37,154,7665,1,1,2,3,2,100,0,0,0,1,2,3.23
1,29,175,11201,1,1,1,3,2,207,0,0,26,1,3,3.66
1,24,176,12077,1,1,2,3,2,286,0,1,0,1,3,3.9
0,18,160,8200,0,1,3,1,2,100,0,1,60,1,2,3.2
1,23,175,11920,1,1,2,3,2,274,0,0,0,1,3,3.89
1,24,177,12087,1,1,2,3,2,241,0,1,4,1,3,3.86
1,18,177,10878,1,1,2,1,2,211,0,1,113,1,2,3.47
1,19,174,5492,1,1,2,3,2,245,0,1,60,1,0,1.81
0,25,162,10498,1,1,3,3,2,265,0,0,39,1,4,4.0
0,24,163,11327,1,1,3,3,2,284,0,0,43,1,4,4.26
0,17,166,5300,0,1,1,3,3,200,1,0,120,1,5,1.92
0,16,159,4712,0,1,2,3,2,149,0,2,102,2,0,1.86
0,21,155,4200,0,1,2,3,1,191,0,1,0,1,0,1.75
0,25,163,10492,1,1,3,3,2,162,0,0,24,1,4,3.95
0,25,161,10470,1,1,3,3,2,144,0,0,32,1,4,4.04
0,26,162,11135,1,1,3,3,2,261,0,0,10,1,4,4.24
0,24,157,6233,1,1,2,1,2,200,0,0,0,1,5,2.53
1,24,178,8568,1,1,2,3,2,213,0,0,53,1,6,2.7
1,21,175,7000,1,1,2,1,2,200,0,1,0,1,1,2.29
1,24,170,9700,1,0,3,3,2,300,0,3,120,2,2,3.36
1,33,170,8477,1,1,2,2,2,298,0,1,0,2,6,2.93
1,38,170,11616,1,1,2,2,2,183,0,0,0,1,3,4.02
1,30,180,12470,1,1,2,3,2,200,0,0,37,1,3,3.85
1,17,185,8500,0,1,2,3,1,200,0,2,60,0,6,2.48
0,36,155,5000,1,1,2,3,2,100,0,2,0,1,1,2.08
0,26,163,11193,1,1,3,3,2,255,0,0,7,1,4,4.21
0,16,166,5042,0,1,2,3,2,287,0,0,4,1,0,1.83
1,22,176,11616,1,1,1,3,2,100,0,1,5,1,3,3.75
0,23,155,5200,1,1,2,3,2,200,0,0,60,1,1,2.16
1,30,175,12098,1,1,2,2,2,217,0,0,80,1,3,3.95
1,17,180,5800,1,1,2,3,1,200,0,1,120,2,0,1.79
0,23,164,8434,1,1,2,3,2,282,0,2,18,2,2,3.14
1,30,169,10218,1,1,2,3,2,117,0,1,0,2,3,3.58
0,26,162,11191,1,1,3,3,2,263,0,0,11,1,4,4.26
1,30,175,12034,1,1,2,3,2,231,0,0,44,1,3,3.93
1,30,165,10209,1,1,2,3,2,100,0,1,0,2,3,3.75
1,22,179,8990,1,1,2,3,2,127,0,0,46,1,6,2.81
1,25,175,11833,1,1,1,3,2,200,0,1,44,1,3,3.86
1,26,176,11193,1,1,1,3,2,203,0,0,5,1,3,3.61
1,24,174,8800,0,1,2,3,2,200,0,3,0,2,2,2.91
1,17,168,5779,1,1,2,4,2,200,0,0,4,2,0,2.05
0,39,165,9000,1,1,3,3,2,200,0,0,0,2,2,3.31
1,22,171,8341,1,1,2,2,2,200,0,0,91,1,6,2.85
1,19,180,8500,0,1,2,3,2,300,0,3,60,1,5,2.62
0,26,162,11153,1,1,3,3,2,261,0,0,15,1,4,4.25
1,21,180,6800,0,1,2,3,2,200,0,2,0,1,1,2.1
0,41,154,8000,1,1,2,3,2,100,0,0,0,1,5,3.37
1,19,180,7500,0,1,3,4,1,200,0,2,0,1,5,2.31
0,24,164,11490,1,1,3,3,2,286,0,0,34,1,4,4.27
0,26,163,11155,1,1,3,3,2,253,0,0,51,1,4,4.2
0,37,159,7700,1,0,3,3,2,100,0,0,0,2,2,3.05
0,21,174,13366,1,1,3,3,2,284,0,1,47,1,4,4.41
0,20,178,13779,1,1,3,3,2,268,0,1,53,1,4,4.35
1,20,189,12426,1,1,2,3,2,103,0,0,0,1,3,3.48
0,21,173,13187,1,1,3,3,2,114,0,0,32,1,4,4.41
1,21,158,6800,0,1,2,3,3,200,0,1,0,1,5,2.72
0,26,162,10493,1,1,3,3,2,266,0,0,30,1,4,4.0
1,26,182,11829,1,1,2,3,2,200,0,1,60,1,3,3.57
0,23,161,6650,1,1,3,3,2,200,0,0,0,1,1,2.57
0,18,173,14029,1,1,3,3,2,279,0,1,47,1,4,4.69
1,25,182,11757,1,1,2,3,2,233,0,1,62,1,3,3.55
0,18,170,5000,0,1,1,3,1,100,0,0,60,1,0,1.73
1,19,170,7500,0,1,2,3,1,200,0,1,60,1,5,2.6
0,17,155,5600,0,1,3,1,2,200,1,0,120,1,1,2.33
1,21,173,7512,1,1,2,3,2,185,0,0,97,1,5,2.51
0,19,180,15247,1,1,3,3,2,286,0,1,55,1,4,4.71
1,23,183,8980,1,0,2,3,2,200,0,3,60,0,6,2.68
0,21,155,5700,1,1,3,4,0,200,0,2,0,2,1,2.37
0,19,179,4900,0,0,3,3,2,100,0,2,60,2,0,1.53
1,29,175,11295,1,1,2,3,2,200,0,0,1,1,3,3.69
1,21,170,7000,1,1,2,3,2,200,0,3,0,1,1,2.42
0,26,165,11194,1,1,3,3,2,277,0,0,9,1,4,4.11
0,23,160,8000,1,0,2,1,2,100,0,0,120,1,2,3.12
0,42,164,7958,1,1,2,3,2,100,0,0,0,2,5,2.96
0,21,176,13395,1,1,3,3,2,181,0,1,55,1,4,4.32
0,27,157,6000,1,0,2,1,2,200,0,0,0,1,1,2.43
1,25,177,11416,1,1,1,3,2,211,0,0,4,1,3,3.64
0,26,162,11153,1,1,3,3,2,285,0,0,27,1,4,4.25
0,19,152,6100,0,1,3,1,2,100,0,0,0,1,5,2.64
1,36,177,9849,1,1,2,2,2,161,0,0,22,0,2,3.14
1,31,190,12976,1,1,2,3,2,154,0,1,0,1,3,3.59
0,26,164,11193,1,1,3,3,2,278,0,0,5,1,4,4.16
1,23,171,8132,1,1,2,2,2,200,0,0,22,1,6,2.78
1,21,170,7500,1,1,2,2,2,200,0,1,0,1,5,2.6
1,23,183,10558,1,1,2,2,2,277,0,0,60,1,2,3.15
1,17,178,5300,0,0,2,3,2,200,0,2,60,1,0,1.67
0,28,175,5700,1,1,2,3,1,100,0,1,0,2,1,1.86
1,21,175,7800,1,1,2,1,1,300,0,3,0,0,5,2.55
1,19,170,7200,0,1,2,3,2,200,0,2,60,1,1,2.49
1,21,178,7200,0,1,1,4,1,200,0,3,0,1,1,2.27
1,23,181,8500,1,1,2,3,2,265,0,1,10,1,2,2.59
0,21,162,5500,1,1,3,3,1,200,0,1,0,1,1,2.1
1,22,179,8986,1,1,1,2,2,281,0,0,60,1,6,2.8
1,22,171,8201,1,1,2,2,2,204,0,0,77,1,6,2.8
1,22,181,10542,1,1,2,2,2,204,0,0,96,1,2,3.22
1,22,178,6400,1,1,3,3,2,200,0,1,60,1,1,2.02
0,29,162,7984,1,1,1,3,2,122,0,0,0,1,2,3.04
0,25,162,10481,1,1,3,3,2,265,0,0,39,1,4,3.99
1,22,170,7509,1,1,2,2,2,200,0,0,80,1,5,2.6
0,26,164,11126,1,1,3,3,2,255,0,0,1,1,4,4.14
1,31,175,8333,1,1,2,2,2,200,0,0,41,1,6,2.72
1,27,171,7100,1,1,3,4,1,200,0,0,0,1,1,2.43
0,26,164,11193,1,1,3,3,2,263,0,0,9,1,4,4.16
0,21,157,5000,0,1,2,3,1,200,0,1,0,1,1,2.03
1,21,183,8990,1,1,1,1,2,200,0,1,0,1,6,2.68
1,23,180,6400,1,1,3,3,1,200,0,1,60,2,1,1.98
1,24,176,11779,1,1,2,2,2,200,0,0,66,1,3,3.8
0,18,155,4139,0,1,2,1,2,129,0,0,3,1,0,1.72
1,19,188,6425,1,1,2,3,2,243,0,2,49,1,0,1.82
0,19,157,5200,0,0,3,1,2,100,0,0,60,1,1,2.11
1,24,169,10064,1,1,2,1,2,100,0,1,87,1,3,3.52
0,19,165,6000,1,1,2,3,2,200,0,0,60,2,1,2.2
0,18,160,8300,1,1,2,3,2,200,0,1,0,2,2,3.24
1,33,170,8300,1,1,3,3,2,100,0,1,120,0,6,2.87
1,26,191,11842,1,1,2,3,2,210,0,0,0,1,3,3.25
0,33,156,5000,0,1,3,3,1,100,0,0,0,1,1,2.05
0,26,162,11192,1,1,3,3,2,262,0,0,22,1,4,4.26
1,24,175,11786,1,1,1,3,2,200,0,0,3,1,3,3.85
1,23,180,7600,0,1,2,3,1,200,0,0,60,2,1,2.35
1,17,183,5929,1,1,2,3,2,200,0,1,73,1,0,1.77
0,26,173,11193,1,1,3,3,2,286,0,0,8,1,4,3.74
0,19,170,5600,0,0,2,3,2,200,1,1,0,1,1,1.94
0,26,160,10542,1,1,3,3,2,260,0,0,31,1,4,4.12
1,38,185,9800,1,1,2,3,2,200,0,2,0,0,2,2.86
1,27,187,12039,1,1,2,3,2,172,0,1,37,1,3,3.44
0,26,163,11193,1,1,3,3,2,261,0,0,8,1,4,4.21
1,17,183,6800,0,0,2,1,1,100,0,1,0,1,1,2.03
1,24,175,11919,1,1,2,3,2,292,0,1,55,1,3,3.89
0,18,157,5100,0,1,2,3,2,100,0,0,60,1,1,2.07
0,21,174,13374,1,1,3,3,2,286,0,1,37,1,4,4.42
1,18,175,10831,1,1,2,2,2,210,0,0,0,2,2,3.54
0,21,155,5800,0,1,3,1,2,100,0,0,0,1,1,2.41
0,26,163,11188,1,1,3,3,2,260,0,0,13,1,4,4.21
0,37,151,7735,1,1,2,1,2,248,0,0,0,2,6,3.39
1,17,181,5896,1,1,2,3,2,200,0,2,28,1,0,1.8
0,19,179,14210,1,1,3,3,2,267,0,1,56,1,4,4.43
1,17,183,5929,1,1,2,3,2,200,0,2,6,2,0,1.77
1,23,174,7888,1,1,1,3,2,215,0,1,0,1,6,2.61
0,21,162,6600,0,1,3,1,2,200,1,1,0,1,5,2.51
0,18,171,12679,1,1,3,3,2,134,0,1,51,1,4,4.34
1,31,177,12039,1,1,2,3,2,210,0,0,8,1,3,3.84
1,20,175,5500,1,1,2,3,2,261,0,2,120,1,0,1.8
0,37,158,8000,1,1,2,3,2,133,0,0,0,1,2,3.2
1,23,185,10500,1,1,2,3,2,200,0,0,60,1,2,3.07
1,23,170,8300,1,1,2,3,1,200,0,1,120,1,6,2.87
0,21,166,12260,1,1,3,3,2,148,0,0,46,1,4,4.45
1,17,178,9791,1,1,2,2,2,200,0,2,60,2,2,3.09
1,21,178,10649,1,1,2,3,2,284,0,0,91,2,2,3.36
0,26,162,11093,1,1,3,3,2,247,0,0,26,1,4,4.23
1,30,169,10017,1,1,2,2,2,100,0,1,0,2,3,3.51
0,23,158,5800,1,1,2,1,2,200,0,1,0,2,1,2.32
1,30,165,10128,1,1,2,2,2,100,0,1,19,2,3,3.72
1,22,175,8973,1,1,1,1,2,217,0,0,50,1,6,2.93
0,21,172,13192,1,1,3,3,2,169,0,1,55,1,4,4.46
0,22,178,5074,1,1,2,3,1,197,0,1,0,2,0,1.6
1,21,181,8811,1,1,2,3,2,263,0,2,0,1,5,2.69
0,18,156,5150,1,1,2,3,2,100,0,1,60,1,1,2.12
1,21,171,7500,1,1,3,3,2,300,0,1,0,1,5,2.56
1,23,170,8000,1,1,2,3,2,200,0,3,60,0,6,2.77
0,21,162,6287,0,1,2,1,2,142,0,0,0,1,5,2.4
1,20,179,10503,1,1,2,3,2,255,0,0,23,1,2,3.28
1,19,182,8500,1,1,3,3,2,284,0,1,0,1,5,2.57
0,21,148,6000,1,0,2,1,2,100,1,0,0,2,6,2.74
1,19,180,6500,0,1,2,3,2,200,0,2,120,1,1,2.01
0,37,168,7802,1,1,2,3,2,200,0,1,0,1,6,2.76
1,29,176,12015,1,1,2,3,2,282,0,1,0,1,3,3.88
1,19,181,8765,1,1,2,3,2,108,0,2,0,1,5,2.68
0,18,170,5000,0,1,2,4,2,100,0,2,60,1,0,1.73
1,24,178,12145,1,1,2,3,2,171,0,0,8,2,3,3.83
0,42,155,8132,1,1,2,2,2,100,0,0,0,1,2,3.38
0,24,165,8400,1,1,3,3,2,200,0,1,0,2,2,3.09
1,17,170,7000,1,1,2,3,2,300,0,0,120,2,1,2.42
1,18,178,10990,1,1,1,3,2,115,0,0,33,1,2,3.47
0,23,168,11345,1,1,3,3,2,265,0,0,33,1,4,4.02
0,40,154,8000,1,1,2,1,2,100,0,0,0,2,2,3.37
0,22,160,6000,0,1,2,1,2,200,0,1,0,2,1,2.34
0,21,165,8860,1,1,2,1,2,300,0,1,81,2,2,3.25
0,19,155,4900,0,0,2,4,1,200,0,2,0,2,0,2.04
0,21,174,13395,1,1,3,3,2,289,0,1,49,1,4,4.42
1,20,182,7100,0,1,3,3,2,200,0,2,60,1,1,2.14
0,32,172,7800,1,1,3,3,2,100,0,0,0,1,6,2.64
1,34,173,8477,1,1,2,2,2,200,0,2,57,1,6,2.83
0,26,164,11081,1,1,3,3,2,270,0,0,6,1,4,4.12
0,22,158,4800,1,0,2,3,2,200,0,3,0,1,1,1.92
1,18,184,6000,1,1,3,3,2,200,0,1,120,1,0,1.77
1,26,179,10501,1,1,2,3,2,272,0,1,8,1,2,3.28
1,25,185,11789,1,1,2,3,2,200,0,1,1,1,3,3.44
0,17,152,4100,0,1,3,1,2,100,0,0,60,1,0,1.77
0,25,162,10291,1,1,3,3,2,148,0,0,43,1,4,3.92
0,20,150,4200,0,1,2,3,1,100,0,0,0,1,0,1.87
0,22,163,8203,1,1,1,1,2,200,0,0,82,1,2,3.09
0,21,166,4900,1,1,3,3,2,200,0,2,60,1,1,1.78
0,25,162,10558,1,1,3,3,2,142,0,0,32,1,4,4.02
0,25,154,5600,1,1,2,3,2,200,0,0,0,1,1,2.36
0,17,172,4903,0,1,1,3,2,200,0,2,60,1,0,1.66
0,21,152,4200,1,1,3,1,2,200,0,0,0,2,0,1.82
1,33,170,10200,1,1,2,3,2,100,0,1,60,2,3,3.53
0,33,165,7800,1,0,3,1,2,200,0,0,0,2,6,2.87
0,20,152,4200,0,1,3,3,1,100,0,0,0,1,0,1.82
1,22,165,9500,1,1,2,3,2,200,0,0,60,1,2,3.49
1,33,178,10374,1,1,2,2,2,251,0,0,63,1,3,3.27
0,21,173,13345,1,1,3,3,2,174,0,1,44,1,4,4.46
0,23,165,7900,1,1,2,3,2,200,0,0,120,0,2,2.9
0,22,175,4464,0,1,3,1,1,200,0,1,0,2,0,1.46
1,21,165,6900,0,1,3,3,2,300,0,1,60,1,5,2.53
0,23,167,7500,1,1,2,3,1,300,0,1,120,1,5,2.69
1,20,172,7500,1,1,2,3,2,300,0,2,0,2,5,2.54
1,18,171,5169,1,1,2,3,2,196,0,0,86,2,0,1.77
0,30,169,7896,1,1,2,1,2,199,0,0,84,2,6,2.76
0,19,160,5800,0,1,2,3,2,100,0,0,60,2,1,2.27
1,30,176,12060,1,1,2,3,2,214,0,0,95,1,3,3.89
1,20,177,9844,1,1,2,2,2,300,1,3,60,2,2,3.14
1,31,175,12000,1,1,2,3,2,217,0,0,86,1,3,3.92
0,23,164,5600,1,1,3,3,2,200,0,0,120,1,1,2.08
1,30,176,12020,1,1,2,3,2,220,0,1,80,1,3,3.88
1,29,179,10826,1,1,2,2,2,265,0,1,28,1,2,3.38
1,43,159,7735,1,1,2,3,2,217,0,2,0,2,2,3.06
1,22,166,6000,0,0,2,3,2,200,0,3,0,1,1,2.18
0,19,174,13366,1,1,3,3,2,293,0,1,54,1,4,4.41
1,23,170,8000,1,1,2,3,2,200,0,1,120,1,6,2.77
0,21,175,7866,1,1,2,1,2,200,0,2,0,1,5,2.57
1,23,171,8475,1,1,2,1,2,179,0,0,56,2,6,2.9
0,18,168,13376,1,1,3,3,2,289,0,1,39,1,4,4.74
0,26,163,11193,1,1,3,3,2,277,0,0,7,1,4,4.21
0,21,174,13394,1,1,3,3,2,281,0,1,55,1,4,4.42
1,34,165,9000,1,1,2,3,0,300,0,0,60,1,6,3.31
0,26,162,10959,1,1,3,3,2,247,0,0,19,1,4,4.18
1,21,182,7500,0,1,2,3,2,300,0,1,0,1,5,2.26
1,21,178,9800,1,1,2,3,2,200,0,2,60,2,2,3.09
0,18,166,5600,1,1,3,3,2,100,0,0,60,2,1,2.03
1,21,162,7000,0,1,2,1,3,100,0,1,60,1,5,2.67
1,30,185,9000,1,1,2,3,2,200,0,1,0,2,6,2.63
0,26,164,11182,1,1,3,3,2,243,0,0,5,1,4,4.16
0,21,172,13192,1,1,3,3,2,129,0,1,56,1,4,4.46
0,35,165,8000,1,1,2,3,2,215,0,1,0,2,6,2.94
0,21,162,6000,1,0,3,3,2,100,0,0,0,1,1,2.29
0,23,172,7200,1,1,3,3,2,200,0,2,60,2,1,2.43
0,21,173,7592,1,1,2,3,2,130,0,0,32,1,5,2.54
1,22,180,6000,1,1,2,3,2,200,0,3,60,1,1,1.85
0,19,170,5700,1,1,3,3,2,200,0,2,60,1,1,1.97
1,23,175,5600,0,1,2,3,1,200,0,2,0,2,0,1.83
1,22,175,9528,1,1,2,3,2,200,0,0,95,2,2,3.11
1,24,165,10050,1,0,2,1,2,300,0,0,84,2,3,3.69
0,26,165,11182,1,1,3,3,2,255,0,0,10,1,4,4.11
1,22,182,12202,1,1,3,2,2,185,0,0,1,1,3,3.68
0,18,174,13355,1,1,3,3,2,154,0,1,55,1,4,4.41
1,19,162,6600,0,1,2,3,2,300,0,1,60,1,5,2.51
0,20,179,5000,0,1,3,4,1,200,0,1,0,2,0,1.56
1,27,182,12086,1,1,2,3,2,300,0,1,9,1,3,3.65
1,31,180,9200,0,1,2,1,2,100,0,1,0,1,5,2.84
1,19,175,7200,1,0,1,3,1,300,0,3,60,2,1,2.35
0,39,148,6000,1,1,2,3,2,100,0,0,0,2,6,2.74
0,21,162,7000,0,1,3,1,3,200,0,1,60,1,5,2.67
1,18,170,10800,1,1,2,3,1,200,0,2,60,0,2,3.74
0,25,166,10483,1,1,3,3,2,103,0,0,56,1,4,3.8
0,20,157,4166,0,1,2,1,1,100,0,0,100,1,0,1.69
0,39,157,7620,1,1,1,3,2,297,0,0,22,1,2,3.09
0,22,160,8200,1,1,3,1,2,200,0,0,0,2,2,3.2
1,25,177,11763,1,1,2,3,2,218,0,1,0,1,3,3.75
0,26,164,9000,1,1,3,3,2,269,0,0,0,1,2,3.35
1,25,185,11000,1,0,3,3,2,200,0,3,0,1,2,3.21
0,22,161,8200,1,1,1,1,2,200,0,0,120,2,2,3.16
1,22,171,5228,1,1,3,3,1,200,0,0,3,1,0,1.79
1,27,185,8500,0,0,2,3,1,300,0,2,120,1,1,2.48
1,22,182,8614,1,1,2,3,2,269,0,0,27,1,5,2.6
0,27,162,7488,1,1,2,3,2,200,0,0,26,0,5,2.85
1,22,175,9500,1,1,2,3,0,200,0,2,60,1,2,3.1
0,21,175,13393,1,1,3,3,2,283,0,1,48,1,4,4.37
0,26,167,6200,0,1,3,3,2,200,0,1,60,1,1,2.22
1,30,177,12061,1,1,2,3,2,265,0,0,55,1,3,3.85
0,16,160,4966,0,1,2,1,2,200,0,2,22,1,0,1.94
1,26,185,8896,1,1,2,3,2,200,0,0,113,1,5,2.6
0,21,175,13785,1,1,3,3,2,172,0,1,50,1,4,4.5
0,39,156,7600,1,1,2,3,2,100,0,0,0,1,2,3.12
0,26,168,11007,1,1,3,3,2,277,0,0,53,1,4,3.9
1,22,177,11414,1,1,2,2,2,274,0,1,4,1,3,3.64
1,23,182,12033,1,1,2,2,2,115,0,1,0,1,3,3.63
1,28,176,11390,1,1,2,3,2,216,0,1,0,1,3,3.68
1,27,182,10710,1,1,2,3,2,200,0,1,99,1,2,3.23
1,22,171,8000,1,1,2,3,2,200,0,2,109,2,6,2.74
0,21,160,7500,1,0,2,3,2,200,0,1,0,1,5,2.93
0,19,160,4500,0,1,3,3,2,300,0,1,60,2,1,1.76
1,30,182,12919,1,1,3,3,2,200,0,1,2,1,3,3.9
1,34,170,8400,1,1,3,3,2,200,0,2,0,0,5,2.91
1,21,172,8000,1,1,2,1,2,200,0,1,0,1,6,2.7
0,21,160,13294,1,1,3,3,2,167,0,1,36,1,4,5.19
0,26,161,10496,1,1,3,3,2,288,0,0,33,1,4,4.05
1,25,176,11512,1,1,1,3,2,204,0,0,27,1,3,3.72
1,34,186,12507,1,1,2,3,2,152,0,0,0,1,3,3.62
0,20,175,13803,1,1,3,3,2,232,0,1,44,1,4,4.51
1,22,177,9781,1,1,2,2,2,257,0,0,85,2,2,3.12
1,37,175,8700,0,0,2,4,3,200,0,3,0,2,5,2.84
0,23,164,8301,1,1,2,1,2,200,0,0,95,2,2,3.09
1,21,167,9960,1,1,2,1,2,200,0,0,101,2,2,3.57
0,18,172,8044,1,1,2,2,2,184,0,0,43,2,5,2.72
0,24,160,4800,1,1,2,3,2,200,0,0,60,1,1,1.87
1,30,167,11200,1,1,1,3,2,200,0,0,6,1,3,4.02
0,25,161,11010,1,1,3,3,2,239,0,0,56,1,4,4.25
1,18,170,7000,0,1,2,3,2,200,1,1,60,1,1,2.42
0,18,163,5500,0,1,3,3,3,200,0,1,60,2,1,2.07
1,23,171,8003,1,1,2,3,2,200,0,0,113,1,6,2.74
0,18,173,13390,1,1,3,3,2,286,0,1,56,1,4,4.47
1,18,179,10824,1,1,2,2,2,278,0,0,103,2,2,3.38
1,25,162,7000,0,1,2,2,3,191,0,0,26,1,5,2.67
1,26,163,11193,1,1,2,3,2,271,0,0,9,1,3,4.21
1,18,175,5200,1,1,3,3,2,200,0,2,60,1,0,1.7
1,34,176,8013,1,1,2,3,2,200,0,0,53,2,6,2.59
1,19,172,7800,0,1,1,2,2,200,0,2,0,1,5,2.64
1,21,170,7000,1,1,2,3,2,200,0,1,60,2,1,2.42
1,22,182,12165,1,1,2,3,2,238,0,1,0,1,3,3.67
0,20,175,13779,1,1,3,3,2,270,0,1,37,1,4,4.5
1,17,168,5920,1,1,2,4,2,200,0,2,60,2,0,2.1
0,26,165,11100,1,1,3,3,2,270,0,0,13,1,4,4.08
1,21,167,7500,1,1,3,3,2,200,0,1,60,2,6,2.69
1,31,175,6200,1,1,2,3,2,200,0,0,60,1,1,2.02
1,24,177,11377,1,1,1,3,2,285,0,2,20,1,3,3.63
0,18,170,8600,1,1,2,3,2,200,0,1,60,0,6,2.98
1,26,178,10504,1,1,2,3,2,210,0,0,88,1,2,3.32
0,21,162,6800,1,1,2,3,3,300,0,1,0,1,5,2.59
0,18,160,9758,1,1,3,2,2,300,0,2,60,2,2,3.81
0,25,173,10496,1,1,3,3,2,161,0,0,42,1,4,3.51
0,18,162,8291,1,1,2,3,2,100,0,0,10,1,2,3.16
0,25,154,10479,1,1,3,3,2,108,0,0,35,1,4,4.42
0,20,170,5000,1,1,3,4,1,200,0,0,60,2,0,1.73
0,39,155,8000,1,1,2,3,2,187,0,0,0,1,2,3.33
1,19,185,8500,1,1,2,3,2,300,1,3,120,1,5,2.48
0,22,170,8206,1,1,1,2,2,292,0,0,33,1,2,2.84
0,26,162,10499,1,1,3,3,2,286,0,0,32,1,4,4.0
1,19,175,7000,0,1,2,3,2,200,0,2,60,1,1,2.29
1,24,170,7500,1,1,2,3,2,169,0,2,8,1,5,2.6
0,26,162,10649,1,1,3,3,2,265,0,0,43,1,4,4.06
0,26,162,11188,1,1,3,3,2,276,0,0,5,1,4,4.26
0,21,161,6801,0,1,1,1,3,200,0,0,0,1,5,2.62
0,26,165,11187,1,1,3,3,2,289,0,0,9,1,4,4.11
1,24,175,11770,1,1,1,3,2,200,0,1,5,1,3,3.84
0,25,161,10236,1,1,3,3,2,103,0,0,32,1,4,3.95
1,24,186,12080,1,1,2,3,2,287,0,1,0,1,3,3.49
0,23,161,8000,1,1,2,2,2,230,0,0,4,2,2,3.09
0,25,166,10360,1,1,3,3,2,143,0,0,32,1,4,3.76
1,19,170,7000,0,1,3,3,2,200,0,1,0,1,5,2.42
1,23,170,9829,1,1,2,1,2,200,0,1,0,2,2,3.4
0,19,161,6200,1,1,2,3,2,100,0,0,60,2,1,2.39
0,26,162,11188,1,1,3,3,2,263,0,0,8,1,4,4.26
1,31,178,10278,1,1,2,2,2,183,0,1,0,1,2,3.24
1,33,170,9700,1,1,3,3,2,100,0,2,0,2,6,3.36
1,21,186,8800,1,1,3,3,2,200,0,3,0,1,5,2.54
0,16,155,6000,0,1,2,3,2,100,1,0,60,1,1,2.5
0,17,160,6500,1,1,2,1,2,200,0,0,120,2,5,2.54
1,23,167,9000,1,1,2,3,2,284,0,0,84,1,2,3.23
1,17,171,5000,0,1,2,3,2,200,0,0,60,1,0,1.71
0,26,164,11193,1,1,3,3,2,269,0,0,15,1,4,4.16
1,21,170,7500,0,1,2,3,1,200,0,1,60,1,5,2.6
0,25,164,10459,1,1,3,3,2,148,0,0,39,1,4,3.89
0,26,160,4500,0,0,3,3,1,100,1,0,0,1,0,1.76
0,37,165,8000,1,1,2,1,2,100,0,1,0,1,2,2.94
0,18,158,5000,1,1,2,3,1,100,0,0,60,2,1,2.0
1,24,171,7597,1,1,2,3,2,207,0,0,26,1,5,2.6
1,18,185,6600,1,1,2,3,2,200,0,1,0,0,1,1.93
1,37,175,11880,1,1,2,3,2,229,0,0,0,1,3,3.88
1,20,170,8000,1,1,2,3,2,300,0,3,60,2,6,2.77
1,19,189,6000,1,1,2,4,1,200,1,2,0,1,0,1.68
1,18,175,5500,1,1,2,3,2,200,0,1,120,1,0,1.8
0,25,164,10549,1,1,3,3,2,269,0,0,24,1,4,3.92
1,21,175,11823,1,1,2,2,2,200,0,1,0,1,3,3.86
1,19,175,5500,1,1,2,3,2,200,0,1,0,1,1,1.8
1,38,175,7800,1,1,3,3,2,200,0,0,60,1,1,2.55
1,30,180,12506,1,1,2,3,2,200,0,1,35,1,3,3.86
0,22,174,4500,0,1,3,3,1,211,1,1,0,1,0,1.49
1,30,191,12995,1,1,2,3,2,195,0,0,0,1,3,3.56
1,21,188,12500,1,1,2,3,2,200,0,3,60,1,2,3.54
0,22,162,8200,1,1,1,1,2,200,0,0,96,1,2,3.12
1,23,165,9479,1,1,2,3,2,149,0,0,0,2,2,3.48
0,17,163,4500,0,0,3,3,2,282,0,2,0,1,0,1.69
0,18,169,7900,1,1,2,3,1,200,0,1,60,1,5,2.77
1,18,176,5300,1,1,2,3,2,200,0,1,120,1,0,1.71
0,38,175,7800,1,0,2,3,2,300,0,0,0,1,2,2.55
1,23,178,12034,1,1,2,3,2,204,0,0,104,1,3,3.8
0,21,165,6000,1,1,2,3,2,100,0,1,0,2,1,2.2
1,21,185,8863,1,1,2,1,2,200,0,0,12,1,5,2.59
0,19,160,4900,0,1,3,3,2,100,0,2,60,2,0,1.91
0,19,152,4200,0,0,3,1,1,200,0,0,0,1,0,1.82
1,18,170,5200,0,1,3,3,2,100,0,1,60,1,1,1.8
1,31,176,12015,1,1,2,3,2,208,0,0,106,1,3,3.88
1,21,177,11538,1,1,2,3,2,300,0,1,87,1,2,3.68
0,21,157,5483,1,1,2,3,1,200,0,0,60,2,0,2.22
1,21,162,7000,0,1,3,1,3,100,0,1,0,1,5,2.67
0,21,171,7500,1,1,2,3,2,184,0,0,44,1,5,2.56
1,21,179,10500,1,1,2,3,2,300,0,1,0,1,2,3.28
0,23,165,8000,1,1,2,1,2,200,0,1,60,2,6,2.94
0,25,166,11080,1,1,3,3,2,117,0,0,27,1,4,4.02
1,23,171,8398,1,1,2,2,2,167,0,0,0,2,6,2.87
1,40,164,10820,1,1,2,1,2,100,0,1,0,2,3,4.02
0,26,162,11100,1,1,3,3,2,250,0,0,22,1,4,4.23
1,22,182,10503,1,1,2,3,2,221,0,1,0,1,2,3.17
1,20,170,8500,1,0,2,3,2,200,0,1,60,1,6,2.94
0,24,163,6500,1,1,3,3,2,200,0,1,60,1,1,2.45
1,33,174,8500,0,1,2,3,2,200,0,3,0,1,6,2.81
1,23,175,7500,0,1,3,3,1,200,0,2,60,1,1,2.45
1,18,170,5300,1,1,2,3,1,200,0,3,120,2,0,1.83
0,23,172,7200,1,0,1,3,2,300,0,1,0,1,1,2.43
0,18,163,5100,1,1,3,3,2,200,0,3,0,1,1,1.92
1,20,172,10459,1,1,2,3,2,169,0,0,0,1,2,3.54
1,22,184,10500,1,1,2,3,2,230,0,0,60,1,2,3.1
1,37,175,11811,1,1,2,2,2,189,0,0,0,1,3,3.86
0,25,164,10480,1,1,3,3,2,132,0,0,36,1,4,3.9
0,29,162,7100,1,1,3,1,2,200,0,1,0,2,5,2.71
0,21,174,13104,1,1,3,3,2,184,0,1,55,1,4,4.33
1,18,174,7200,0,0,3,3,2,200,0,0,60,1,1,2.38
0,26,164,11188,1,1,3,3,2,261,0,0,9,1,4,4.16
1,26,165,9000,1,1,2,3,0,300,0,1,0,2,2,3.31
1,26,181,12077,1,1,2,3,2,293,0,0,15,1,3,3.69
0,21,152,4200,0,0,3,1,2,100,0,0,0,2,0,1.82
0,25,171,10498,1,1,3,3,2,261,0,0,42,1,4,3.59
0,25,161,10498,1,1,3,3,2,279,0,0,32,1,4,4.05
0,26,163,11155,1,1,3,3,2,289,0,0,13,1,4,4.2
0,26,163,11193,1,1,3,3,2,261,0,0,14,1,4,4.21
0,19,155,7900,1,1,2,3,2,200,0,1,120,1,1,3.29
1,18,176,8400,1,1,3,3,2,100,0,1,60,1,1,2.71
1,31,175,11920,1,1,2,3,2,253,0,0,80,1,3,3.89
0,25,162,10990,1,1,3,3,2,282,0,0,26,1,4,4.19
1,29,165,9361,1,1,1,2,2,214,0,0,0,2,2,3.44
0,18,170,5000,1,0,3,3,1,100,0,1,120,1,0,1.73
1,25,175,11200,1,1,1,3,2,200,0,0,60,1,3,3.66
1,17,186,5925,1,1,2,4,2,200,0,2,0,1,0,1.71
0,21,162,5300,0,1,3,3,2,200,0,0,60,1,1,2.02
1,30,191,12213,1,1,2,3,2,199,0,0,0,1,3,3.35
0,26,166,11148,1,1,3,3,2,244,0,0,15,1,4,4.05
0,25,160,10495,1,1,3,3,2,233,0,0,26,1,4,4.1
0,17,159,6542,1,1,2,2,2,200,1,0,57,2,6,2.59
1,23,175,11988,1,1,1,3,2,217,0,1,50,1,3,3.91
0,26,179,10565,1,1,3,3,2,277,0,0,33,1,4,3.3
1,21,170,7000,1,1,2,3,2,100,0,0,60,1,1,2.42
1,33,175,7500,1,0,2,3,2,200,0,0,0,1,1,2.45
1,25,176,11532,1,1,2,3,2,210,0,0,51,1,3,3.72
0,19,153,4200,0,1,3,1,1,132,0,0,0,1,0,1.79
0,22,160,6500,1,1,2,1,3,200,1,0,4,1,5,2.54
0,37,165,8000,1,1,2,1,2,200,0,2,30,2,6,2.94
0,23,166,7805,1,0,1,3,2,201,0,0,41,1,6,2.83
1,20,190,12165,1,1,2,3,2,179,0,0,0,1,3,3.37
1,26,182,10494,1,1,3,3,2,215,0,1,60,1,2,3.17
0,17,160,5700,1,1,2,3,2,200,1,2,60,1,1,2.23
0,26,162,11092,1,1,3,3,2,262,0,0,12,1,4,4.23
1,24,178,11477,1,1,1,3,2,184,0,1,41,1,3,3.62
0,21,160,7800,1,1,2,1,1,200,0,1,60,2,2,3.05
1,55,170,8040,1,1,2,3,2,200,0,0,120,2,5,2.78
1,22,187,11253,1,1,2,2,2,300,0,0,66,1,2,3.22
0,18,178,6200,0,1,3,3,0,100,0,1,60,0,1,1.96
0,20,157,4139,0,1,2,1,1,153,0,0,102,2,0,1.68
0,21,176,13390,1,1,3,3,2,286,0,1,48,1,4,4.32
1,19,186,4500,1,1,3,3,1,300,1,2,60,1,0,1.3
0,19,152,4200,0,1,3,1,1,271,0,1,0,1,0,1.82
1,22,169,9857,1,1,2,2,2,213,0,2,75,2,2,3.45
0,19,171,4500,0,1,3,3,1,284,0,1,0,1,0,1.54
0,17,170,5000,0,1,2,3,2,200,0,0,60,1,0,1.73
1,20,172,8000,1,0,2,3,2,200,0,1,60,2,6,2.7
0,21,174,13376,1,1,3,3,2,173,0,1,42,1,4,4.42
0,25,166,10477,1,1,3,3,2,152,0,0,44,1,4,3.8
1,17,175,7000,1,1,3,4,1,100,1,2,60,1,1,2.29
1,41,175,11689,1,1,2,3,2,200,0,0,60,1,3,3.82
0,38,150,7800,1,1,2,1,2,100,0,0,0,0,2,3.47
0,19,155,4200,0,1,3,1,1,100,1,0,0,1,0,1.75
1,18,175,5200,1,1,2,3,1,200,0,0,120,1,0,1.7
1,31,181,11820,1,1,2,3,2,204,0,0,0,1,3,3.61
0,19,159,4200,0,1,2,1,1,148,0,1,84,1,0,1.66
1,24,176,11225,1,1,1,3,2,200,0,0,32,1,3,3.62
0,25,163,10568,1,1,3,3,2,234,0,0,32,1,4,3.98
0,26,163,11192,1,1,3,3,2,277,0,0,5,1,4,4.21
0,21,181,16505,1,1,3,3,2,235,0,0,40,1,4,5.04
0,21,181,13187,1,1,3,3,2,272,0,1,56,1,4,4.03
1,19,162,7000,0,0,2,3,2,300,0,1,0,1,5,2.67
0,18,163,4900,0,1,2,3,2,200,0,1,60,1,0,1.84
0,35,153,6200,1,1,3,1,2,100,0,0,0,2,6,2.65
0,19,167,5000,0,1,1,3,1,181,0,0,20,1,0,1.79
1,56,165,8000,1,1,3,3,2,200,0,0,0,2,6,2.94
1,21,178,6800,1,1,2,3,1,100,0,1,60,1,1,2.15
1,31,175,12009,1,1,2,3,2,204,0,1,20,1,3,3.92
1,17,167,6500,1,1,2,3,2,200,0,0,60,1,1,2.33
0,26,162,10493,1,1,3,3,2,268,0,0,15,1,4,4.0
1,21,190,9200,1,1,2,3,1,100,0,0,60,1,6,2.55
1,21,162,7000,0,1,3,1,3,200,0,1,0,1,5,2.67
1,22,170,8000,1,0,2,3,2,100,0,1,60,1,6,2.77
0,43,156,8000,1,1,2,3,2,100,0,0,0,2,2,3.29
1,18,170,5500,1,1,2,3,2,100,0,1,60,1,1,1.9
1,21,176,8853,1,1,2,1,2,300,0,0,60,1,6,2.86
0,18,170,5700,0,0,2,3,2,300,0,3,60,1,1,1.97
1,33,171,8328,1,1,2,1,2,100,0,0,0,1,6,2.85
0,18,174,13374,1,1,3,3,2,286,0,1,47,1,4,4.42
1,21,169,6600,0,1,3,4,1,200,0,2,60,1,1,2.31
1,17,175,7500,1,1,2,4,1,200,0,2,60,2,1,2.45
0,26,163,8200,1,1,2,3,2,261,0,0,6,1,2,3.09
1,21,170,8000,1,0,2,3,2,300,0,1,0,2,6,2.77
0,25,162,10492,1,1,3,3,2,166,0,0,24,1,4,4.0
1,18,171,5209,1,1,1,3,2,200,0,0,110,1,0,1.78
1,30,167,10200,1,1,2,3,2,100,0,1,0,2,3,3.66
0,18,160,5500,1,1,3,1,1,200,0,1,0,2,1,2.15
1,22,184,12173,1,1,2,1,2,199,0,0,0,1,3,3.6
1,37,170,8500,1,1,2,3,2,192,0,1,0,2,6,2.94
0,21,178,13704,1,1,3,3,2,282,0,1,55,1,4,4.33
0,19,172,4284,0,1,2,2,2,154,0,1,0,2,0,1.45
0,20,176,5537,1,1,2,3,1,245,0,2,90,2,0,1.79
1,26,187,12054,1,1,2,3,2,232,0,1,0,1,3,3.45
1,21,167,7000,0,1,2,3,3,300,0,1,0,1,5,2.51
0,23,167,6700,1,1,2,3,3,200,0,1,60,1,1,2.4
1,24,161,10259,1,1,2,2,2,102,0,0,0,1,2,3.96
1,23,185,6800,0,1,2,3,2,100,0,0,60,1,1,1.99
0,22,160,8260,1,1,1,3,2,229,0,0,23,1,2,3.23
0,26,163,11193,1,1,3,3,2,262,0,0,32,1,4,4.21
1,23,170,7000,0,1,2,3,2,200,0,3,120,1,1,2.42
1,18,184,6000,1,1,3,4,2,200,0,2,0,1,0,1.77
1,25,182,11447,1,1,2,3,2,253,0,1,0,1,3,3.46
1,25,169,10213,1,1,2,2,2,102,0,1,0,2,3,3.58
0,22,160,5000,0,1,2,3,3,200,0,3,0,2,0,1.95
1,25,176,11490,1,1,3,3,2,108,0,1,0,1,3,3.71
0,32,170,8300,1,0,3,4,1,200,0,3,0,2,6,2.87
1,17,160,6500,0,1,3,3,2,200,0,3,120,1,5,2.54
1,34,171,8449,1,1,2,3,2,237,0,1,10,1,6,2.89
1,21,171,7500,1,1,3,3,3,100,0,1,0,1,5,2.56
0,21,174,13380,1,1,3,3,2,284,0,1,56,1,4,4.42
0,20,173,12870,1,1,3,3,2,161,0,0,57,1,4,4.3
0,18,180,15247,1,1,3,3,2,216,0,1,48,1,4,4.71
1,21,162,7000,0,1,2,1,2,300,0,1,0,1,5,2.67
0,21,179,12641,1,1,3,3,2,130,0,1,44,1,4,3.95
1,30,172,10287,1,1,2,3,2,179,0,0,0,1,3,3.48
1,23,178,5500,0,1,2,3,2,200,0,1,0,1,1,1.74
0,20,174,13294,1,1,3,3,2,185,0,1,55,1,4,4.39
0,19,153,4200,0,1,3,1,2,200,0,0,45,2,0,1.79
0,21,173,13390,1,1,3,3,2,286,0,1,55,1,4,4.47
1,21,162,6800,0,1,2,3,2,300,0,1,0,1,5,2.59
0,22,162,8200,1,1,1,1,2,199,0,0,82,1,2,3.12
0,26,163,11071,1,1,3,3,2,270,0,0,12,1,4,4.17
0,25,162,10964,1,1,3,3,2,239,0,0,28,1,4,4.18
1,24,164,10054,1,1,2,1,2,100,0,0,0,1,3,3.74
0,19,180,6100,0,1,3,3,2,100,0,1,0,1,1,1.88
0,37,161,8000,1,1,2,2,2,161,0,1,0,1,2,3.09
1,25,176,11447,1,1,1,3,2,219,0,1,8,1,3,3.7
1,25,176,11413,1,1,2,3,2,127,0,1,0,1,3,3.68
0,18,180,14210,1,1,3,3,2,268,0,1,48,1,4,4.39
1,21,169,9673,1,1,2,3,2,269,0,0,108,2,2,3.39
0,17,159,5300,0,1,2,3,2,100,0,1,120,1,1,2.1
1,20,178,10200,1,1,2,1,2,300,0,1,60,2,2,3.22
0,21,162,5800,1,1,2,3,0,100,0,1,60,1,1,2.21
1,21,170,7500,1,1,2,3,2,163,0,1,5,1,5,2.6
1,37,175,11842,1,1,2,3,2,192,0,0,41,1,3,3.87
1,27,170,7800,1,1,3,1,2,200,0,1,60,0,6,2.7
0,19,156,4200,0,1,2,1,1,200,0,2,0,2,0,1.73
1,23,169,9529,1,1,2,3,2,292,0,3,120,2,2,3.34
0,21,165,6700,1,0,3,1,2,300,0,1,0,1,6,2.46
1,28,170,9866,1,1,2,3,2,197,0,1,0,1,3,3.41
1,26,181,12020,1,1,2,3,2,271,0,0,0,1,3,3.67
0,26,164,10604,1,1,3,3,2,233,0,0,40,1,4,3.94
1,24,177,11833,1,1,1,2,2,200,0,1,0,1,3,3.78
1,30,179,11874,1,1,2,3,2,204,0,1,16,1,3,3.71
0,23,164,8406,1,1,2,2,2,277,0,1,53,2,2,3.13
0,38,150,7600,1,1,2,3,2,100,0,0,0,1,2,3.38
1,19,174,7600,1,1,2,4,1,300,0,2,0,1,1,2.51
0,19,162,6900,1,1,2,1,2,200,0,1,60,2,5,2.63
0,20,181,15237,1,1,3,3,2,230,0,1,53,1,4,4.65
0,34,168,7700,1,1,3,1,2,200,0,2,0,1,6,2.73
1,23,170,8000,1,1,2,3,2,200,0,1,60,2,6,2.77
0,21,152,4800,0,1,2,3,2,200,0,1,0,2,1,2.08
1,32,172,7495,1,1,2,1,2,100,0,0,0,1,5,2.53
0,22,164,8241,1,1,1,2,2,200,0,0,76,2,2,3.06
1,30,182,12000,1,1,2,3,2,283,0,1,58,1,3,3.62
1,19,165,8000,1,0,3,3,2,200,0,1,120,2,6,2.94
1,22,175,7500,1,1,2,3,1,100,0,1,120,1,5,2.45
0,21,166,6100,0,0,3,3,1,200,0,1,60,1,1,2.21
0,20,160,6000,1,1,2,3,2,200,0,0,60,1,1,2.34
1,21,170,7500,0,1,3,3,2,300,0,1,0,1,5,2.6
0,21,174,13347,1,1,3,3,2,282,0,1,50,1,4,4.41
0,24,166,11377,1,1,3,3,2,215,0,0,46,1,4,4.13
1,22,167,8040,1,1,2,1,2,200,0,1,96,2,6,2.88
1,18,183,8000,0,1,2,3,2,100,0,2,120,1,5,2.39
1,18,170,8000,1,1,3,3,2,200,0,2,0,0,6,2.77
1,40,175,11193,1,1,2,3,2,200,0,0,0,1,3,3.65
0,22,165,8200,1,1,3,1,2,200,0,0,120,2,2,3.01
1,19,183,8530,1,1,2,3,2,284,0,0,26,1,5,2.55
1,33,170,7500,0,1,2,3,2,200,0,0,60,1,5,2.6
0,25,161,10492,1,1,3,3,2,220,0,0,32,1,4,4.05
0,22,168,5200,0,1,3,3,1,200,0,0,0,2,0,1.84
1,29,176,8703,1,1,2,3,2,127,0,0,49,1,6,2.81
1,23,187,12142,1,1,2,3,2,207,0,1,0,1,3,3.47
0,26,162,11081,1,1,3,3,2,221,0,0,45,1,4,4.22
1,18,175,5596,1,1,2,3,1,200,0,2,60,2,0,1.83
0,26,162,11135,1,1,3,3,2,268,0,0,32,1,4,4.24
0,18,182,6000,0,1,3,3,0,200,0,2,0,1,1,1.81
0,20,175,13334,1,1,3,3,2,261,0,1,55,1,4,4.35
0,18,171,5000,0,1,2,3,2,184,0,1,60,1,0,1.71
0,22,176,5205,1,1,3,3,1,245,0,0,100,2,0,1.68
0,19,162,6800,0,0,3,3,2,200,0,1,60,1,6,2.59
1,30,178,12000,1,1,2,3,2,210,0,0,44,1,3,3.79
0,32,167,7480,1,1,3,1,2,172,0,0,0,1,5,2.68
0,20,152,4200,0,1,3,1,1,100,0,0,0,2,0,1.82
1,20,180,10502,1,1,2,3,2,229,0,0,90,1,2,3.24
1,18,178,10824,1,1,2,1,2,212,0,1,0,2,2,3.42
0,19,151,4155,0,1,2,1,2,161,0,0,118,1,0,1.82
0,18,174,13367,1,1,3,3,2,286,0,1,47,1,4,4.42
0,25,160,10484,1,1,3,3,2,101,0,0,53,1,4,4.1
0,21,175,7735,1,1,2,1,2,200,0,0,58,1,5,2.53
1,23,174,7500,1,1,2,3,1,200,0,3,120,2,1,2.48
1,18,183,8600,0,1,2,1,1,300,0,3,0,2,5,2.57
0,24,159,5000,0,1,2,3,2,100,0,0,120,1,1,1.98
0,35,172,7488,1,1,2,1,2,198,0,1,44,1,5,2.53
0,26,163,11194,1,1,3,3,2,273,0,0,4,1,4,4.21
0,18,160,4500,0,0,3,3,1,100,1,1,13,1,0,1.76
0,34,160,5000,0,0,3,2,2,200,0,0,0,1,1,1.95
1,23,171,7500,1,1,2,3,2,108,0,0,60,1,5,2.56
0,19,179,16093,1,1,3,3,2,246,0,0,56,1,4,5.02
0,18,160,5100,0,1,3,3,2,200,0,1,0,1,1,1.99
1,23,170,7500,0,1,2,3,1,200,0,2,120,1,5,2.6
1,26,177,11409,1,1,1,3,2,124,0,0,51,1,3,3.64
0,21,160,5600,1,1,3,3,0,300,0,1,0,1,1,2.19
0,21,187,13226,1,1,3,3,2,286,0,1,37,1,4,3.78
0,21,171,13140,1,1,3,3,2,265,0,1,55,1,4,4.49
1,23,170,5000,0,0,3,4,1,100,0,0,0,1,0,1.73
1,20,174,7500,1,1,3,3,1,100,0,1,60,1,1,2.48
1,22,187,9100,1,1,2,3,1,200,0,1,60,1,6,2.6
1,19,181,8580,1,1,2,3,2,229,0,2,7,1,5,2.62
0,33,165,8300,1,1,3,3,2,200,0,1,0,1,2,3.05
1,45,168,8000,1,1,2,3,2,163,0,0,0,2,6,2.83
0,18,156,8000,0,1,2,1,2,139,0,0,33,2,5,3.29
0,19,153,4200,0,1,3,1,1,284,0,0,0,1,0,1.79
0,21,174,13347,1,1,3,3,2,286,0,1,51,1,4,4.41
1,21,170,9673,1,1,2,3,2,234,0,0,0,2,2,3.35
1,25,184,12064,1,1,2,3,2,300,0,1,0,1,3,3.56
0,18,162,5800,0,1,2,3,2,100,0,1,0,1,1,2.21
0,40,156,6200,0,1,2,1,2,143,0,0,27,1,5,2.55
1,27,170,8398,1,0,2,2,2,200,0,0,60,2,6,2.91
0,21,173,13098,1,1,3,3,2,267,0,1,57,1,4,4.38
1,21,170,7500,1,1,3,3,2,300,0,1,0,1,5,2.6
1,23,166,10062,1,1,2,1,2,100,0,0,0,2,3,3.65
1,33,166,10366,1,1,3,3,2,113,0,1,60,2,3,3.76
1,26,175,12000,1,1,2,3,2,271,0,0,35,1,3,3.92
0,34,165,7727,1,1,2,2,2,199,0,0,0,1,6,2.84
0,26,164,11188,1,1,3,3,2,274,0,0,12,1,4,4.16
0,18,180,15256,1,1,2,3,2,236,0,2,45,1,2,4.71
0,24,174,4980,1,1,2,3,1,276,0,0,30,2,0,1.64
1,23,175,9500,1,1,2,3,2,200,0,3,120,1,2,3.1
0,21,174,13394,1,1,3,3,2,283,0,1,45,1,4,4.42
1,21,174,7500,1,1,2,3,2,297,0,1,0,1,5,2.48
0,21,174,13316,1,1,3,3,2,286,0,1,44,1,4,4.4
1,21,167,6890,0,1,1,3,3,200,0,0,0,1,5,2.47
1,29,175,11228,1,1,2,3,2,226,0,1,0,1,3,3.67
1,17,180,5900,1,1,3,4,1,200,0,2,60,1,0,1.82
1,19,181,8707,1,1,2,2,2,287,0,0,60,1,6,2.66
0,21,165,6500,1,0,2,3,2,200,0,0,60,1,1,2.39
1,24,166,8560,1,1,2,3,2,208,0,0,0,1,6,3.11
0,19,152,4200,0,1,3,1,1,200,0,0,0,2,0,1.82
0,25,166,10483,1,1,3,3,2,265,0,0,24,1,4,3.8
0,21,160,4500,0,1,3,3,2,100,1,1,0,1,1,1.76
0,21,172,13388,1,1,3,3,2,286,0,1,52,1,4,4.53
1,22,182,10512,1,1,2,3,2,241,0,0,24,1,2,3.17
1,19,170,6500,1,1,2,2,0,200,0,2,0,2,1,2.25
0,39,167,7500,1,1,2,3,1,200,0,2,0,1,5,2.69
1,24,179,11793,1,1,2,2,2,294,0,1,0,1,3,3.68
0,25,161,10542,1,1,3,3,2,123,0,0,30,1,4,4.07
0,20,150,5700,1,1,3,3,2,300,1,2,60,2,1,2.53
1,27,170,7800,1,1,2,3,1,100,0,0,60,0,6,2.7
0,26,163,11194,1,1,3,3,2,270,0,0,9,1,4,4.21
0,18,174,13316,1,1,3,3,2,283,0,1,45,1,4,4.4
1,18,172,5300,1,1,2,3,1,200,0,1,60,1,1,1.79
0,25,162,10494,1,1,3,3,2,265,0,0,39,1,4,4.0
1,27,186,12131,1,1,2,3,2,208,0,1,0,1,3,3.51
1,25,176,11538,1,1,2,3,2,204,0,1,113,1,3,3.72
0,23,158,4491,1,1,2,2,1,200,0,0,0,2,0,1.8
1,23,184,12165,1,1,2,2,2,179,0,0,0,1,3,3.59
0,26,162,11100,1,1,3,3,2,270,0,0,19,1,4,4.23
0,25,161,10498,1,1,3,3,2,101,0,0,44,1,4,4.05
0,26,164,11195,1,1,3,3,2,278,0,0,5,1,4,4.16
1,17,183,5000,0,1,2,4,1,200,0,2,60,2,0,1.49
1,21,172,7000,0,1,2,1,2,300,0,1,0,1,5,2.37
0,18,168,4971,0,1,1,3,2,167,0,2,60,1,0,1.76
1,23,172,9792,1,1,2,3,2,300,0,0,93,2,2,3.31
1,19,178,6800,1,1,2,3,1,100,0,1,60,2,1,2.15
0,18,174,13368,1,1,3,3,2,286,0,1,43,1,4,4.42
1,29,178,11255,1,1,1,3,2,200,0,0,62,1,3,3.55
1,19,181,8500,1,1,2,3,0,100,0,2,60,1,5,2.59
0,32,167,7495,1,1,2,1,2,100,0,0,23,1,5,2.69
0,25,172,10897,1,1,3,3,2,154,0,1,55,1,4,3.68
1,26,161,8000,1,1,1,3,2,200,0,0,18,1,5,3.09
1,21,181,8807,1,1,2,1,2,127,0,1,96,2,5,2.69
0,20,158,5380,0,1,2,1,2,200,0,1,120,1,1,2.16
0,18,162,7300,1,0,3,3,2,200,0,1,120,2,1,2.78
1,33,173,8449,1,1,2,3,2,270,0,2,50,2,6,2.82
0,20,158,4206,0,1,3,1,1,122,0,1,0,2,0,1.68
1,22,175,8999,1,1,1,1,2,200,0,1,19,1,6,2.94
0,31,156,7155,1,0,2,3,2,100,0,0,99,1,6,2.94
1,33,180,9700,1,1,2,3,2,100,0,0,60,1,6,2.99
1,29,175,11283,1,1,1,3,2,216,0,0,6,1,3,3.68
0,43,158,8105,1,1,2,2,2,182,0,0,0,2,2,3.25
0,18,174,7100,0,1,2,3,2,200,0,1,60,1,1,2.35
0,35,165,7300,1,0,3,3,2,200,0,0,0,2,6,2.68
0,21,174,13384,1,1,3,3,2,235,0,1,52,1,4,4.42
1,18,175,6600,0,1,3,4,1,200,0,2,0,2,1,2.16
0,19,156,4200,0,0,3,3,1,100,0,1,0,1,0,1.73
1,25,184,11786,1,1,2,3,2,211,0,1,0,1,3,3.48
1,27,175,8300,1,1,2,3,1,200,0,1,0,1,1,2.71
1,25,186,12142,1,1,2,2,2,200,0,1,0,1,3,3.51
0,21,174,13367,1,1,3,3,2,284,0,1,43,1,4,4.42
0,19,150,4500,0,0,3,3,2,200,1,1,60,2,1,2.0
1,25,177,11400,1,1,2,3,2,214,0,0,0,1,3,3.64
1,21,170,7800,1,1,3,3,1,300,0,1,60,0,6,2.7
1,22,170,7500,0,1,2,3,2,200,0,2,60,1,5,2.6
1,22,165,8000,1,1,2,3,2,200,0,1,60,1,6,2.94
0,17,160,5700,1,1,3,3,1,200,0,0,60,1,1,2.23
1,32,170,10374,1,1,2,2,2,100,0,1,0,2,3,3.59
0,33,168,7742,1,1,2,2,2,100,0,0,0,2,6,2.74
0,26,166,11199,1,1,3,3,2,273,0,0,15,1,4,4.06
1,18,178,10991,1,1,2,1,2,207,0,1,9,2,2,3.47
1,18,172,5300,1,1,2,4,1,200,0,0,120,2,1,1.79
0,21,171,13384,1,1,3,3,2,241,0,1,56,1,4,4.58
0,21,150,6200,0,1,2,1,2,200,0,0,0,0,5,2.76
0,22,166,5800,0,1,3,3,2,200,0,1,0,2,1,2.1
1,23,172,8328,1,1,2,2,2,200,0,0,109,1,6,2.82
0,26,162,11172,1,1,3,3,2,262,0,0,10,1,4,4.26
1,26,181,8786,0,1,2,3,2,189,0,2,0,2,5,2.68
0,25,168,10498,1,1,3,3,2,215,0,0,39,1,4,3.72
1,30,177,12058,1,1,2,3,2,231,0,0,84,1,3,3.85
1,21,175,8000,1,1,2,3,2,200,0,0,120,2,5,2.61
1,17,162,5800,1,1,2,3,2,100,0,1,60,1,1,2.21
1,17,171,5500,1,1,3,3,2,200,0,2,120,2,1,1.88
0,27,165,7200,1,0,3,3,2,300,0,1,0,1,6,2.64
1,19,184,5924,1,1,2,4,2,272,0,2,120,2,0,1.75
1,25,183,11732,1,1,1,3,2,200,0,0,65,1,3,3.5
1,22,172,8200,1,1,2,1,2,300,0,3,60,1,2,2.77
0,21,169,13140,1,1,3,3,2,195,0,1,57,1,4,4.6
0,19,160,4500,0,1,3,3,1,122,1,1,0,1,0,1.76
1,31,175,12999,1,1,2,3,2,171,0,1,0,1,3,4.24
1,21,174,9400,1,1,2,3,2,200,0,0,120,2,2,3.1
1,18,197,10841,1,1,2,2,2,300,0,1,25,2,2,2.79
1,22,186,12100,1,1,3,2,2,174,0,1,0,1,3,3.5
1,17,170,8500,0,1,3,3,2,200,0,1,60,1,6,2.94
0,21,174,13651,1,1,3,3,2,181,0,1,51,1,4,4.51
0,21,165,7500,1,1,2,3,2,100,0,0,60,1,5,2.75
1,25,178,11542,1,1,2,3,2,215,0,1,21,1,3,3.64
0,26,163,11121,1,1,3,3,2,270,0,0,43,1,4,4.19
0,25,170,7800,0,1,2,3,1,200,0,0,60,0,6,2.7
0,21,154,4491,0,0,2,3,1,119,0,1,0,1,0,1.89
1,22,167,6000,0,1,2,3,2,100,0,0,0,1,1,2.15
0,19,169,5042,0,0,1,3,1,100,0,0,60,1,0,1.77
1,19,183,8500,1,0,2,3,2,300,1,3,0,1,5,2.54
1,17,181,5832,1,1,2,4,2,200,0,2,60,1,0,1.78
1,26,176,11853,1,1,2,3,2,281,0,0,0,1,3,3.83
0,23,165,5800,1,1,3,3,2,300,0,0,0,2,1,2.13
0,38,155,7768,1,1,2,1,2,144,0,0,0,1,2,3.23
1,18,179,10470,1,1,2,3,2,215,0,1,0,2,2,3.27
0,26,162,10500,1,1,3,3,2,244,0,0,32,1,4,4.0
0,18,165,6000,1,1,3,3,2,200,0,2,0,1,1,2.2
0,18,168,4966,0,1,2,3,2,194,0,2,60,1,0,1.76
1,21,170,7500,1,1,2,3,2,166,0,0,0,1,5,2.6
1,30,185,12147,1,1,2,3,2,207,0,1,0,1,3,3.55
0,22,164,8990,1,1,2,1,2,200,0,0,81,2,2,3.34
0,18,170,5000,1,1,3,3,1,100,0,1,120,1,0,1.73
0,22,170,7800,1,1,1,3,2,200,0,0,60,1,6,2.7
1,23,176,12679,1,1,2,2,2,215,0,2,42,1,3,4.09
1,22,170,8000,1,1,2,3,2,300,0,1,60,2,6,2.77
1,30,185,12090,1,1,2,3,2,254,0,0,80,1,3,3.53
1,23,179,10504,1,1,2,3,2,122,0,0,57,1,2,3.28
0,21,179,16093,1,1,3,3,2,235,0,1,50,1,4,5.02
1,41,176,11786,1,1,2,2,2,182,0,1,83,2,3,3.8
0,19,175,7500,1,0,3,3,2,200,0,0,120,1,5,2.45
0,24,166,11243,1,1,3,3,2,231,0,0,16,1,4,4.08
0,21,172,13294,1,1,3,3,2,167,0,0,54,1,4,4.49
0,19,160,6000,0,1,2,4,2,200,0,2,0,2,1,2.34
0,20,163,6000,0,1,3,1,0,200,0,0,0,1,1,2.26
0,26,162,11188,1,1,3,3,2,263,0,0,9,1,4,4.26
0,19,150,6434,0,1,2,2,2,181,0,0,0,1,5,2.86
0,19,163,8200,1,1,2,1,2,100,0,0,93,1,2,3.09
1,38,177,11775,1,1,2,2,2,209,0,1,37,1,3,3.76
1,18,175,5150,1,1,2,1,0,100,0,1,0,2,1,1.68
0,18,150,5000,1,1,3,3,1,100,0,0,60,1,1,2.22
0,21,176,13133,1,1,3,3,2,195,0,1,49,1,4,4.24
1,21,174,9400,0,1,2,3,2,300,0,1,60,1,2,3.1
1,20,171,9857,1,1,2,1,2,215,0,2,108,2,2,3.37
1,21,160,6600,0,1,3,4,0,200,0,2,0,2,5,2.58
1,23,165,9000,1,1,2,1,0,300,0,1,60,2,2,3.31
0,38,155,6263,1,1,2,3,2,296,0,1,0,1,5,2.61
0,26,164,11186,1,1,3,3,2,244,0,0,7,1,4,4.16
0,17,169,5980,1,1,2,3,2,200,0,0,0,2,1,2.09
0,18,177,13814,1,1,3,3,2,292,0,0,41,1,4,4.41
1,31,175,11837,1,1,2,3,2,204,0,1,0,1,3,3.87
0,26,172,7843,1,1,2,2,2,182,0,0,0,1,6,2.65
1,17,184,5929,1,1,2,3,2,200,0,2,60,2,0,1.75
1,23,183,9300,1,1,2,3,2,200,0,2,120,1,6,2.78
0,21,162,7665,1,1,2,2,2,100,0,1,48,1,5,2.92
0,26,162,10482,1,1,3,3,2,255,0,0,27,1,4,3.99
0,21,175,13368,1,1,3,3,2,161,0,0,5,1,4,4.37
1,23,178,6400,1,1,2,3,2,200,0,1,60,2,1,2.02
0,18,168,7000,0,0,3,3,2,200,1,1,0,2,1,2.48
0,19,160,4500,0,0,2,3,2,300,1,2,60,1,0,1.76
0,21,153,4200,0,1,2,1,2,185,0,0,4,1,0,1.79
1,25,177,11306,1,1,1,3,2,204,0,1,65,1,3,3.61
1,24,185,9800,1,1,2,3,2,200,0,2,60,1,3,2.86
1,30,167,9000,1,1,2,1,2,200,0,1,0,1,2,3.23
1,25,182,10642,1,1,2,1,2,200,0,0,0,1,3,3.21
0,18,174,13367,1,1,3,3,2,274,0,1,50,1,4,4.42
1,21,174,6800,1,1,2,3,1,200,0,2,0,1,1,2.25
1,16,180,6500,1,1,2,3,1,200,0,1,60,1,1,2.01
0,21,165,8812,1,1,2,1,2,200,0,2,60,1,2,3.24
0,21,158,5800,1,1,2,3,2,100,0,1,0,1,1,2.32
0,26,163,6600,1,1,3,3,0,200,0,1,0,2,5,2.48
0,21,165,7800,1,1,2,1,2,200,0,1,0,1,5,2.87
0,21,159,5300,0,1,3,3,2,100,0,2,0,1,1,2.1
0,25,164,11148,1,1,3,3,2,244,0,0,5,1,4,4.14
0,25,162,10238,1,1,3,3,2,103,0,0,16,1,4,3.9
1,31,187,9136,1,1,2,3,2,172,0,0,27,1,6,2.61
1,16,165,5800,0,1,2,1,2,100,0,1,60,1,1,2.13
1,17,170,8500,1,1,3,3,2,300,0,3,0,1,5,2.94
0,25,162,10236,1,1,3,3,2,101,0,0,55,1,4,3.9
1,23,185,7500,1,1,3,3,2,100,0,0,60,2,1,2.19
1,30,175,11908,1,1,2,3,2,208,0,1,0,2,3,3.89
1,20,169,9900,1,1,2,3,2,300,0,1,120,2,2,3.47
0,34,168,7722,1,1,3,1,2,265,0,0,13,2,6,2.74
0,26,163,11188,1,1,3,3,2,164,0,0,8,1,4,4.21
0,25,160,10475,1,1,3,3,2,152,0,0,32,1,4,4.09
1,23,160,8295,1,1,2,2,2,276,0,2,0,2,2,3.24
0,27,155,6300,1,0,2,1,2,200,0,0,0,2,6,2.62
0,21,173,13226,1,1,3,3,2,286,0,1,56,1,4,4.42
1,17,172,5894,1,1,2,3,2,200,0,2,83,2,0,1.99
1,21,165,8800,1,1,2,2,2,200,0,1,120,1,6,3.23
0,26,161,11194,1,1,3,3,2,261,0,0,9,1,4,4.32
1,30,175,11815,1,1,2,3,2,215,0,0,0,1,3,3.86
1,24,184,12097,1,1,2,3,2,253,0,0,18,1,3,3.57
0,26,160,10494,1,1,3,3,2,268,0,0,32,1,4,4.1
0,26,164,11193,1,1,3,3,2,288,0,0,7,1,4,4.16
1,21,170,7500,1,1,2,3,2,163,0,1,0,1,5,2.6
1,22,178,8999,1,1,2,2,2,200,0,0,48,2,6,2.84
0,25,162,10459,1,1,3,3,2,144,0,0,32,1,4,3.99
1,25,176,10430,1,1,3,3,2,165,0,0,55,1,3,3.37
1,24,165,9996,1,1,2,1,2,100,0,1,39,1,3,3.67
1,21,174,8698,1,1,2,2,2,200,0,0,0,1,6,2.87
1,30,166,10223,1,1,2,2,2,114,0,0,65,1,3,3.71
0,21,163,6600,1,1,3,3,2,100,0,1,0,1,1,2.48
0,19,163,4500,0,1,3,3,1,100,0,1,0,1,0,1.69
0,21,174,7800,1,1,2,2,2,200,0,0,0,1,5,2.58
0,22,161,8200,1,1,1,1,2,200,0,0,32,2,2,3.16
0,21,160,4500,1,0,3,3,1,200,0,2,0,2,0,1.76
0,18,155,7200,1,0,3,3,2,300,1,1,60,2,6,3.0
1,26,181,11937,1,1,2,3,2,253,0,0,0,1,3,3.64
0,26,162,11153,1,1,3,3,2,260,0,0,10,1,4,4.25
1,33,169,10303,1,1,2,1,2,100,0,1,60,2,3,3.61
0,21,173,13384,1,1,3,3,2,295,0,1,54,1,4,4.47
0,38,151,7612,1,1,2,1,2,163,0,0,0,2,2,3.34
1,30,164,12058,1,1,2,3,2,214,0,0,75,1,3,4.48
1,26,182,8500,1,1,1,3,2,200,0,1,0,1,5,2.57
1,22,161,9479,1,1,1,3,2,200,0,1,104,2,2,3.66
1,22,175,9500,1,1,2,3,2,300,0,3,120,1,2,3.1
1,21,182,6900,1,0,2,3,1,100,0,2,0,1,1,2.08
0,21,171,5114,1,1,2,3,1,125,0,0,15,2,0,1.75
0,34,158,5000,1,1,2,3,2,200,0,0,60,2,1,2.0
0,23,172,8300,1,0,3,3,1,200,1,0,120,1,6,2.81
1,21,182,6650,1,1,2,3,0,200,0,2,0,1,1,2.01
1,23,176,9781,1,1,2,3,2,297,0,0,120,1,2,3.16
1,23,170,10700,1,1,2,1,2,300,0,1,60,1,2,3.7
0,16,170,5000,0,1,2,3,2,174,0,2,60,1,0,1.73
1,22,179,8942,1,1,2,2,2,188,0,0,60,1,6,2.79
1,21,180,8800,1,1,2,3,2,300,0,2,0,1,5,2.72
0,18,156,5500,0,1,2,4,1,200,0,2,60,1,1,2.26
0,20,170,5000,1,1,3,3,1,100,0,1,60,2,0,1.73
1,24,178,9998,1,1,2,1,2,200,0,0,38,2,3,3.16
1,19,180,8500,1,1,2,3,2,300,0,2,0,1,5,2.62
1,18,178,10824,1,1,2,1,2,300,0,1,26,1,2,3.42
1,27,175,8803,1,1,2,3,2,172,0,0,60,1,6,2.87
0,18,177,13316,1,1,3,3,2,286,0,1,55,1,4,4.25
0,18,179,13873,1,1,3,3,2,265,0,0,44,1,4,4.33
1,30,175,12099,1,1,2,3,2,229,0,1,15,1,3,3.95
0,25,161,10217,1,1,3,3,2,103,0,0,54,1,4,3.94
1,21,173,7500,1,1,2,3,2,213,0,2,12,1,5,2.51
1,23,193,12100,1,1,2,3,1,200,0,1,60,1,3,3.25
1,18,176,10896,1,1,2,3,2,286,0,1,84,2,2,3.52
1,26,191,12086,1,1,2,2,2,215,0,0,0,1,3,3.31
0,26,164,11182,1,1,3,3,2,262,0,0,8,1,4,4.16
1,23,177,11746,1,1,2,2,2,200,0,0,4,1,3,3.75
1,23,169,9979,1,1,2,1,2,100,0,0,99,2,3,3.49
1,25,176,11538,1,1,2,2,2,216,0,1,37,1,3,3.72
1,21,170,8000,1,1,3,3,2,300,0,2,0,2,6,2.77
0,22,165,8000,1,1,2,1,2,200,0,0,60,2,6,2.94
0,24,166,5600,1,1,2,1,0,200,0,1,0,1,1,2.03
1,19,185,6425,1,1,3,3,2,242,0,1,50,2,0,1.88
1,31,165,7381,1,1,2,2,2,100,0,0,0,1,5,2.71
1,24,168,8621,1,1,2,2,2,216,0,0,0,1,6,3.05
0,18,173,12646,1,1,3,3,2,194,0,0,43,1,4,4.23
1,25,185,6800,0,1,2,1,2,200,0,1,0,2,1,1.99
1,39,174,9844,1,1,2,3,2,270,0,2,0,0,2,3.25
1,30,168,10359,1,1,2,3,2,101,0,0,0,2,3,3.67
1,29,179,8955,1,1,1,3,2,200,0,0,60,1,6,2.79
0,18,160,5300,0,1,2,3,1,200,0,0,60,1,1,2.07
1,31,184,9105,1,1,1,3,2,220,0,0,84,1,6,2.69
1,21,170,9800,1,1,2,3,2,200,0,0,120,2,2,3.39
0,18,174,13366,1,1,3,3,2,284,0,1,40,1,4,4.41
1,22,177,11616,1,1,2,2,2,297,0,1,81,1,3,3.71
0,19,159,4464,0,1,3,2,1,100,1,0,0,2,0,1.77
0,21,155,6200,0,1,2,1,2,100,0,1,0,1,5,2.58
1,33,170,8333,1,1,2,3,2,100,0,0,60,2,6,2.88
1,25,161,12127,1,1,2,3,2,204,0,1,0,1,3,4.68
0,21,166,6700,1,0,3,2,1,200,0,3,60,2,1,2.43
1,31,170,10259,1,1,2,3,2,100,0,1,54,1,3,3.55
1,29,179,8700,1,1,2,3,2,300,1,3,0,1,5,2.72
0,21,172,13152,1,1,3,3,2,141,0,1,54,1,4,4.45
1,21,171,5000,0,0,2,4,1,200,0,0,0,1,0,1.71
1,21,170,6500,0,1,2,3,2,200,0,1,0,2,1,2.25
1,21,190,8973,1,1,2,3,2,214,0,2,57,1,5,2.49
1,23,170,8204,1,1,2,2,2,200,0,1,0,1,2,2.84
0,20,156,4500,0,1,2,3,2,200,0,2,0,1,1,1.85
1,23,180,9600,1,1,1,3,2,200,0,1,60,1,6,2.96
1,21,170,8000,1,1,2,3,2,200,0,2,60,0,5,2.77
1,30,175,11228,1,1,2,3,2,217,0,0,81,1,3,3.67
0,26,163,11081,1,1,3,3,2,270,0,0,53,1,4,4.17
0,20,161,12506,1,1,3,3,2,154,0,1,34,1,4,4.82
0,26,164,11195,1,1,3,3,2,295,0,0,0,1,4,4.16
0,18,164,12811,1,1,3,3,2,252,0,0,34,1,4,4.76
0,19,154,5300,1,0,2,3,2,100,0,1,60,2,1,2.23
1,21,170,8000,1,1,2,3,2,200,0,2,60,2,6,2.77
0,25,165,10470,1,1,3,3,2,113,0,0,48,1,4,3.85
1,18,175,10826,1,1,2,1,2,181,0,0,78,1,2,3.54
1,30,187,12915,1,1,2,3,2,177,0,0,0,1,3,3.69
1,24,175,11300,1,1,2,1,3,200,0,1,0,1,3,3.69
1,24,182,12086,1,1,3,3,2,300,0,2,30,1,3,3.65
0,19,160,7000,0,1,3,1,1,200,0,1,0,0,5,2.73
1,19,180,8600,0,1,3,4,2,200,0,2,0,1,5,2.65
1,26,175,11908,1,1,2,3,2,200,0,0,4,1,3,3.89
0,26,163,11188,1,1,3,3,2,263,0,0,14,1,4,4.21
1,19,188,6000,1,1,2,4,2,200,0,2,41,1,0,1.7
0,18,162,5300,0,1,2,3,2,200,0,1,60,1,1,2.02
1,18,183,5300,1,1,3,3,2,200,1,2,60,1,0,1.58
1,55,170,8000,1,1,3,3,0,300,0,3,0,1,2,2.77
1,19,177,6885,0,1,1,3,2,200,0,1,50,1,5,2.2
1,19,184,12165,1,1,2,3,2,286,0,1,0,1,3,3.59
0,17,166,5800,0,1,2,3,2,100,0,2,60,2,1,2.1
1,20,170,6500,1,0,2,3,2,200,0,3,0,1,1,2.25
0,18,170,5000,0,1,3,3,1,100,0,2,0,1,0,1.73
0,18,173,13346,1,1,3,3,2,286,0,1,37,1,4,4.46
1,22,180,12015,1,1,2,2,2,199,0,0,75,1,3,3.71
0,17,166,5500,0,1,3,4,0,200,0,2,0,2,1,2.0
1,33,173,8445,1,1,2,2,2,239,0,2,0,2,6,2.82
0,41,150,6300,1,0,2,1,2,200,0,3,0,2,6,2.8
1,17,175,5487,1,1,2,3,2,200,0,0,60,2,0,1.79
1,29,191,12923,1,1,2,3,2,136,0,1,10,1,3,3.54
0,23,170,7800,1,1,2,3,2,200,0,0,60,1,6,2.7
1,21,174,9694,1,1,2,3,2,276,0,2,0,2,2,3.2
1,24,178,12061,1,1,2,3,2,292,0,1,10,1,3,3.81
1,31,175,8693,1,1,2,1,2,217,0,2,106,1,6,2.84
1,17,170,8500,0,1,2,3,1,200,0,1,60,1,6,2.94
0,17,170,5000,0,1,3,4,1,100,0,2,60,1,0,1.73
1,18,178,10800,1,1,2,1,2,200,0,1,60,2,2,3.41
0,25,167,10999,1,1,3,3,2,241,0,0,28,1,4,3.94
0,23,166,6000,1,1,2,3,2,200,0,1,60,1,1,2.18
0,25,162,10503,1,1,3,3,2,151,0,0,26,1,4,4.0
1,25,177,11616,1,1,1,3,2,200,0,1,8,2,3,3.71
1,23,172,8400,1,0,2,4,1,200,0,0,60,2,6,2.84
1,31,183,9120,1,1,2,3,2,149,0,0,50,1,6,2.72
1,20,162,7000,0,0,2,3,3,300,0,1,0,1,5,2.67
0,26,163,6300,1,0,3,3,1,100,0,3,0,1,1,2.37
1,19,168,8003,1,1,2,2,2,245,0,0,36,1,6,2.84
1,26,186,11874,1,1,2,3,2,248,0,0,0,1,3,3.43
1,33,165,8300,1,1,2,1,2,200,0,2,0,1,6,3.05
1,24,175,8896,1,1,2,2,2,200,0,0,0,1,3,2.9
0,26,165,6300,1,0,3,3,2,200,0,0,120,2,6,2.31
0,23,177,8200,1,1,1,3,1,200,0,1,0,2,2,2.62
0,26,157,5700,1,0,2,3,2,200,0,0,0,1,1,2.31
0,17,173,5159,0,1,2,3,2,197,0,0,60,1,0,1.72
1,25,181,9105,1,1,2,3,2,223,0,0,10,1,6,2.78
0,21,160,6500,1,1,2,3,2,300,0,1,0,1,5,2.54
1,23,176,9536,1,1,2,3,2,283,0,1,9,1,2,3.08
0,26,165,11193,1,1,3,3,2,277,0,0,5,1,4,4.11
0,17,165,8310,1,1,2,2,2,198,0,1,50,2,2,3.05
0,21,167,7500,1,1,2,3,2,300,0,1,0,1,5,2.69
0,25,161,10495,1,1,3,3,2,265,0,0,35,1,4,4.05
0,18,171,7546,1,1,3,3,2,283,0,0,74,1,5,2.58
0,17,173,5000,0,1,1,4,1,101,0,1,56,1,0,1.67
1,23,183,10500,1,1,3,3,2,300,0,3,0,2,2,3.14
0,21,178,13785,1,1,3,3,2,230,0,1,50,1,4,4.35
0,26,161,11193,1,1,3,3,2,273,0,0,27,1,4,4.32
1,21,170,7000,0,1,2,1,2,200,0,1,0,1,5,2.42
1,22,176,5159,1,1,3,3,1,132,0,2,60,2,0,1.67
1,22,175,9500,1,0,3,3,2,200,0,3,0,1,6,3.1
1,21,169,8000,1,1,2,3,2,202,0,0,80,1,6,2.8
1,33,172,8300,1,1,2,1,2,200,0,1,0,1,6,2.81
1,17,160,6500,0,1,3,3,2,200,1,0,60,1,5,2.54
0,26,164,11120,1,1,3,3,2,269,0,0,8,1,4,4.13
0,18,150,5000,0,0,2,3,1,100,0,1,0,1,1,2.22
0,17,157,5500,1,1,2,3,1,200,0,1,60,1,1,2.23
1,27,171,9986,1,1,2,3,2,200,0,0,4,1,2,3.42
1,23,175,7300,1,1,3,3,2,100,0,3,120,1,1,2.38
1,18,162,5300,1,1,2,3,1,200,0,0,120,2,0,2.02
0,25,161,10493,1,1,3,3,2,152,0,0,35,1,4,4.05
1,21,172,8204,1,1,2,3,2,200,0,2,0,1,5,2.77
0,26,173,11007,1,1,3,3,2,261,0,0,23,1,4,3.68
1,20,178,8560,1,1,2,2,2,196,0,1,50,2,6,2.7
0,29,158,7800,1,1,2,1,0,200,0,2,0,1,2,3.12
0,19,175,5412,1,1,2,3,2,215,0,2,77,1,0,1.77
1,21,169,7500,1,1,2,3,2,200,0,1,60,1,5,2.63
0,21,161,6865,1,1,2,3,2,277,0,0,0,2,5,2.65
0,18,155,8000,1,1,2,1,2,200,0,1,0,1,5,3.33
1,30,169,10281,1,1,3,2,2,100,0,0,62,2,3,3.6
1,29,175,11225,1,1,1,3,2,200,0,0,120,1,2,3.67
0,20,150,6500,1,0,2,3,2,200,0,1,60,2,6,2.89
1,23,170,7500,1,1,3,3,2,300,1,3,0,1,5,2.6
0,40,150,8000,1,1,2,3,0,100,0,0,0,2,2,3.56
1,22,170,9700,1,1,2,3,0,200,0,2,60,2,2,3.36
1,18,172,5300,0,0,2,3,2,200,0,1,120,2,0,1.79
1,23,180,9052,1,1,2,3,2,137,0,0,0,1,2,2.79
1,20,165,8000,1,1,2,3,2,200,0,0,120,2,6,2.94
1,21,180,8500,0,1,2,3,2,100,0,1,60,1,5,2.62
1,30,178,12000,1,1,2,3,2,216,0,0,71,1,3,3.79
0,24,163,13373,1,1,3,3,2,267,0,1,53,1,4,5.03
1,33,165,8000,1,0,2,3,2,200,0,1,60,2,6,2.94
0,21,174,13316,1,1,3,3,2,181,0,1,43,1,4,4.4
1,18,153,6800,0,1,3,1,1,100,0,0,0,0,1,2.9
0,21,180,15237,1,1,3,3,2,247,0,1,39,1,4,4.7
0,25,162,6400,1,0,2,3,2,100,0,0,60,2,6,2.44
1,18,174,8631,1,1,2,2,2,108,0,1,0,1,6,2.85
1,22,171,8000,1,1,2,2,2,200,0,0,105,1,6,2.74
1,23,171,8193,1,1,2,1,2,183,0,1,78,1,6,2.8
0,17,163,6500,1,1,3,1,2,200,1,1,120,1,5,2.45
1,21,170,7500,1,1,3,3,2,300,0,2,60,2,5,2.6
1,22,170,7500,1,1,2,3,2,100,0,2,0,1,5,2.6
1,26,182,12099,1,1,2,3,2,300,0,1,37,1,3,3.65
1,30,175,10998,1,1,2,3,2,177,0,1,0,1,3,3.59
1,21,175,8000,0,0,3,4,2,200,0,2,0,2,5,2.61
0,18,160,5100,0,1,3,3,2,100,1,1,0,2,1,1.99
1,28,176,11390,1,1,2,3,2,216,0,0,89,1,3,3.68
0,21,174,13357,1,1,3,3,2,282,0,1,55,1,4,4.41
0,32,172,7274,1,1,2,3,2,182,0,0,0,1,6,2.46
0,20,169,6400,1,1,2,3,2,200,0,0,120,1,1,2.24
1,29,177,11228,1,1,1,3,2,100,0,0,113,1,2,3.58
1,23,176,9526,1,1,2,3,2,205,0,2,120,2,2,3.08
1,30,165,10106,1,1,2,2,2,100,0,0,60,2,3,3.71
1,34,173,8550,1,1,2,3,2,245,0,1,0,1,6,2.86
0,17,161,8328,1,1,2,1,2,197,0,0,48,1,6,3.21
0,19,160,4500,0,1,3,3,2,117,1,2,0,1,0,1.76
1,18,179,10820,1,1,2,2,2,293,0,1,26,2,2,3.38
1,26,182,12098,1,1,2,3,2,281,0,1,0,1,3,3.65
0,25,161,10224,1,1,3,3,2,112,0,1,48,1,4,3.94
0,22,165,5000,1,1,1,3,0,200,0,2,0,2,0,1.84
1,22,171,8209,1,1,1,3,2,187,0,0,0,1,6,2.81
1,18,170,6800,0,1,3,3,2,200,0,1,60,1,1,2.35
1,21,175,6200,0,1,3,3,2,200,0,1,0,1,1,2.02
1,18,174,5000,1,1,2,3,1,200,0,1,60,1,0,1.65
1,33,185,8500,1,1,2,3,1,100,0,1,60,1,6,2.48
1,23,170,9792,1,1,2,1,2,200,0,2,92,2,2,3.39
1,33,175,10710,1,1,2,2,2,245,0,1,0,1,2,3.5
1,21,172,9857,1,1,2,2,2,200,0,2,60,2,2,3.33
0,21,169,13257,1,1,3,3,2,262,0,1,52,1,4,4.64
0,25,166,10477,1,1,3,3,2,131,0,0,53,1,4,3.8
0,18,174,13366,1,1,3,3,2,285,0,1,37,1,4,4.41
1,26,170,7000,0,1,2,3,2,200,0,0,0,1,1,2.42
1,21,162,5800,1,1,2,3,2,200,0,1,0,1,1,2.21
1,40,178,10975,1,1,2,2,2,100,0,0,0,2,3,3.46
1,23,181,12010,1,1,2,3,2,127,0,1,0,1,3,3.67
1,17,182,5362,0,1,2,3,2,196,0,2,46,1,0,1.62
1,24,174,12000,1,1,3,3,0,200,0,2,60,1,3,3.96
0,18,160,5000,1,1,3,3,2,100,0,1,60,2,1,1.95
1,30,191,12987,1,1,2,3,2,101,0,0,2,1,3,3.56
1,30,182,12919,1,1,2,3,2,215,0,0,95,1,3,3.9
1,19,171,8790,1,1,2,4,2,252,0,2,47,1,5,3.01
1,22,168,8160,1,1,2,1,2,196,0,0,74,1,6,2.89
0,21,174,13384,1,1,3,3,2,284,0,1,50,1,4,4.42
0,22,163,6200,0,0,3,3,1,100,0,0,0,1,1,2.33
0,26,161,11191,1,1,3,3,2,261,0,0,12,1,4,4.32
1,34,173,8500,1,1,2,3,2,200,0,2,65,1,5,2.84
1,22,182,12074,1,1,2,3,2,300,0,0,16,1,3,3.65
1,19,176,8608,1,1,3,3,2,200,0,2,0,1,5,2.78
0,26,164,11153,1,1,3,3,2,261,0,0,5,1,4,4.15
1,24,175,9735,1,1,2,2,2,100,0,0,0,1,3,3.18
0,23,177,7600,0,1,3,3,1,200,0,1,0,2,1,2.43
1,23,179,10503,1,1,2,3,2,233,0,0,59,1,2,3.28
1,25,183,12042,1,1,2,3,2,200,0,1,75,1,3,3.6
1,31,178,12000,1,1,2,3,2,204,0,0,80,1,3,3.79
0,21,162,5800,0,1,2,3,2,200,0,3,0,1,1,2.21
1,19,176,5500,1,1,3,4,1,200,0,2,120,1,0,1.78
1,33,170,8434,1,1,2,1,2,227,0,2,0,2,6,2.92
1,17,179,5700,1,1,2,4,0,200,0,2,60,2,0,1.78
1,25,177,12165,1,1,2,3,2,283,0,0,53,1,3,3.88
1,26,177,11239,1,1,1,3,2,215,0,1,0,1,3,3.59
1,30,181,9286,1,1,2,3,2,115,0,0,4,1,6,2.83
1,31,170,8398,1,1,2,2,2,298,0,1,41,1,6,2.91
1,25,177,11414,1,1,3,3,2,215,0,0,41,1,3,3.64
0,19,174,13783,1,1,3,3,2,277,0,1,50,1,4,4.55
1,19,152,4200,0,1,2,1,1,100,0,0,60,2,0,1.82
0,19,175,4983,0,1,2,3,2,200,0,2,60,1,0,1.63
0,25,161,10495,1,1,3,3,2,152,0,0,27,1,4,4.05
0,25,166,10459,1,1,3,3,2,153,0,0,27,1,4,3.8
1,18,174,10997,1,1,2,1,2,200,0,1,26,2,2,3.63
0,20,165,8800,1,1,3,3,2,100,0,1,0,1,4,3.23
1,18,187,10801,1,1,1,3,2,200,0,2,49,1,2,3.09
1,21,170,7500,1,1,3,3,2,300,0,3,120,1,5,2.6
0,25,160,10494,1,1,3,3,2,117,0,0,40,1,4,4.1
1,32,175,12178,1,1,2,2,2,197,0,0,0,1,3,3.98
0,21,164,6300,1,1,3,3,2,300,0,1,0,2,1,2.34
0,40,156,7966,1,1,2,1,2,152,0,0,0,1,2,3.27
1,24,185,12000,1,0,2,3,2,200,0,1,0,1,3,3.51
0,37,165,8000,1,1,2,2,2,100,0,0,13,2,6,2.94
1,33,172,8300,1,1,2,1,2,200,0,0,0,1,6,2.81
1,21,162,7000,0,1,3,3,1,200,0,0,0,2,1,2.67
1,22,181,12069,1,1,2,2,2,194,0,1,0,1,3,3.68
1,22,179,10571,1,1,2,3,2,222,0,1,64,1,2,3.3
0,21,150,6434,1,0,2,2,2,200,0,0,101,2,6,2.86
0,20,160,6600,0,0,3,4,2,300,0,0,120,1,5,2.58
0,18,165,7500,1,1,2,3,2,200,0,1,60,1,5,2.75
0,21,161,6898,1,1,1,3,3,265,0,0,21,1,5,2.66
1,22,170,9445,1,1,2,2,2,200,0,0,112,2,2,3.27
1,30,176,12054,1,1,2,3,2,208,0,0,0,1,3,3.89
1,30,167,10267,1,1,2,2,2,122,0,1,0,2,3,3.68
1,25,176,11448,1,1,2,3,2,212,0,1,38,1,3,3.7
1,45,170,7500,1,1,3,3,1,100,0,0,0,1,5,2.6
0,21,156,4500,1,0,3,1,2,200,0,2,0,2,1,1.85
1,18,181,10810,1,1,3,3,2,252,0,1,60,1,2,3.3
1,22,179,8906,1,1,1,2,2,200,0,0,0,1,6,2.78
0,26,162,11188,1,1,3,3,2,276,0,0,5,1,4,4.26
0,19,152,4200,0,1,1,3,1,194,1,0,51,1,0,1.82
0,19,165,6000,1,1,3,3,1,100,0,1,60,1,1,2.2
0,19,155,6100,0,1,3,3,2,200,0,1,60,1,5,2.54
0,20,161,5300,1,1,3,3,2,200,0,2,0,2,1,2.04
0,23,163,8300,1,1,2,3,2,100,0,1,0,2,2,3.12
0,23,162,8241,1,1,3,3,2,260,0,0,18,1,2,3.14
1,24,175,8500,1,1,2,3,2,200,0,0,0,1,6,2.78
0,23,163,6400,1,1,3,3,2,200,0,0,0,1,1,2.41
0,19,164,4983,0,1,3,3,1,104,0,0,60,1,0,1.85
0,25,162,10496,1,1,3,3,2,167,0,0,55,1,4,4.0
1,18,173,5113,1,1,3,3,2,100,0,1,60,2,0,1.71
0,18,155,8400,1,1,2,3,2,300,0,1,0,2,2,3.5
1,21,175,6500,1,1,2,3,2,200,0,2,120,1,1,2.12
1,18,170,8500,1,1,2,3,2,100,0,2,60,2,6,2.94
1,27,164,5900,0,1,2,3,2,100,0,0,0,1,1,2.19
0,20,150,4200,0,1,2,3,1,100,0,0,60,2,0,1.87
0,26,161,10503,1,1,3,3,2,149,0,0,32,1,4,4.05
0,18,170,5113,0,1,1,3,2,100,0,0,60,1,0,1.77
1,20,175,6800,1,1,2,3,2,100,0,1,0,2,1,2.22
1,22,163,8260,1,1,2,1,2,200,0,0,101,2,2,3.11
0,21,171,15314,1,1,3,3,2,286,0,1,55,1,4,5.24
0,19,153,6484,1,0,2,1,2,194,0,0,114,1,6,2.77
0,21,173,13534,1,1,3,3,2,230,0,1,50,1,4,4.52
0,48,156,5100,1,1,3,1,2,200,0,0,0,1,1,2.1
0,19,155,4418,0,1,2,1,1,100,0,2,0,1,0,1.84
1,31,184,9149,1,1,2,3,2,189,0,0,46,1,6,2.7
1,20,168,8000,1,0,3,3,2,300,0,1,0,2,6,2.83
0,18,173,12679,1,1,3,3,2,238,0,1,52,1,4,4.24
1,21,165,8009,1,1,2,2,2,200,0,1,0,1,6,2.94
0,26,163,11193,1,1,3,3,2,161,0,0,28,1,4,4.21
1,19,180,8500,1,1,2,3,2,300,0,1,0,2,5,2.62
1,18,171,5208,1,1,1,3,2,200,0,0,60,1,0,1.78
0,20,177,13779,1,1,3,3,2,283,0,1,60,1,4,4.4
1,23,170,7800,1,1,2,3,1,200,0,0,120,0,6,2.7
1,28,166,9866,1,1,2,2,2,100,0,1,0,2,3,3.58
0,18,167,7954,1,0,2,2,2,114,0,0,86,0,5,2.85
1,23,165,9500,1,1,2,3,2,200,0,2,120,2,2,3.49
1,22,183,10502,1,1,2,3,2,263,0,0,0,2,2,3.14
1,26,173,10313,1,1,2,3,2,282,0,1,7,1,2,3.45
0,20,160,4500,0,1,3,3,0,100,0,3,0,1,1,1.76
0,19,150,4200,0,1,2,3,1,200,0,0,60,1,0,1.87
1,23,174,5537,1,1,2,2,2,198,0,0,100,2,0,1.83
0,26,163,11193,1,1,3,3,2,273,0,0,15,1,4,4.21
1,30,177,12071,1,1,2,3,2,276,0,0,0,1,3,3.85
1,26,178,11920,1,1,2,3,2,251,0,0,0,1,3,3.76
1,37,176,11775,1,1,2,3,2,200,0,0,59,1,3,3.8
1,31,178,11826,1,1,2,2,2,214,0,0,0,1,3,3.73
0,26,163,11077,1,1,3,3,2,261,0,0,22,1,4,4.17
0,18,160,5200,1,1,2,3,1,200,0,0,120,1,0,2.03
0,26,163,11194,1,1,3,3,2,263,0,0,21,1,4,4.21
0,19,161,4974,0,1,2,3,1,200,0,2,60,2,0,1.92
0,26,161,11188,1,1,3,3,2,263,0,0,5,1,4,4.32
1,23,175,8853,1,1,3,2,2,200,0,1,0,1,6,2.89
0,18,168,8000,1,1,2,1,1,100,0,3,60,1,2,2.83
1,29,177,10934,1,1,2,3,2,276,0,0,66,1,3,3.49
0,25,164,10479,1,1,3,3,2,274,0,0,53,1,4,3.9
1,23,165,8000,1,1,2,2,2,200,0,0,0,2,5,2.94
1,17,180,9500,1,0,3,3,2,300,0,3,60,1,6,2.93
1,18,178,5200,0,1,3,3,1,200,0,2,60,1,0,1.64
0,18,168,9001,1,1,2,3,2,279,0,0,35,1,2,3.19
0,23,167,6000,1,0,2,3,2,200,0,1,0,2,1,2.15
0,26,165,11199,1,1,3,3,2,263,0,0,7,1,4,4.11
0,26,162,11172,1,1,3,3,2,260,0,0,4,1,4,4.26
0,18,170,6500,1,1,2,3,1,100,0,1,60,1,1,2.25
1,22,183,12147,1,1,2,2,2,264,0,1,0,1,3,3.63
1,24,180,6000,1,1,3,3,1,200,0,3,0,2,0,1.85
0,21,173,7800,1,1,3,1,2,200,0,1,0,2,6,2.61
1,17,179,5968,0,1,3,3,2,200,0,2,57,2,0,1.86
0,26,160,10604,1,1,3,3,2,265,0,0,33,1,4,4.14
1,17,177,6500,0,1,3,3,2,200,0,1,0,1,1,2.07
1,40,170,10988,1,1,2,3,2,100,0,1,0,2,3,3.8
1,23,175,8767,1,1,1,2,2,200,0,1,37,1,6,2.86
1,22,182,6141,1,1,3,3,2,251,0,1,15,1,0,1.85
1,17,171,5779,1,1,2,4,2,200,0,2,92,1,0,1.98
0,18,160,5100,1,1,3,3,1,100,0,1,120,2,1,1.99
0,21,170,8000,1,1,2,3,2,200,0,1,60,1,6,2.77
1,28,182,12054,1,1,2,3,2,251,0,0,58,1,3,3.64
0,18,171,5047,1,1,3,3,2,192,0,0,104,2,0,1.73
0,22,166,5700,0,1,2,3,2,300,0,1,0,2,1,2.07
0,23,163,8300,1,1,2,1,2,200,0,1,60,2,2,3.12
0,23,175,7800,1,0,2,1,2,200,0,1,0,2,2,2.55
1,24,180,9500,1,1,2,3,2,200,0,3,60,1,6,2.93
1,29,178,10801,1,1,2,2,2,265,0,1,0,2,2,3.41
1,21,175,8863,1,1,2,2,2,200,0,0,4,1,6,2.89
1,55,171,9000,1,1,2,2,2,200,0,1,0,1,6,3.08
0,18,165,8000,1,1,2,1,2,259,0,2,0,2,2,2.94
0,19,176,7900,0,1,3,1,2,200,0,2,60,0,5,2.55
0,25,171,10531,1,1,3,3,2,105,0,0,33,1,4,3.6
0,38,152,8055,1,1,2,2,2,100,0,0,0,2,5,3.49
0,26,164,11153,1,1,3,3,2,261,0,0,21,1,4,4.15
0,25,162,10737,1,1,3,3,2,255,0,0,29,1,4,4.09
0,26,164,10549,1,1,3,3,2,268,0,0,16,1,4,3.92
1,22,176,8531,1,1,2,3,2,298,0,0,0,1,6,2.75
1,17,180,6000,1,1,3,4,2,200,0,2,60,2,0,1.85
0,26,164,11191,1,1,3,3,2,273,0,0,4,1,4,4.16
1,21,170,7000,1,1,2,3,2,200,0,0,60,2,1,2.42
0,26,161,10493,1,1,3,3,2,265,0,0,33,1,4,4.05
1,26,184,12183,1,1,2,3,2,283,0,0,0,1,3,3.6
0,23,174,5066,1,1,3,3,1,199,0,0,53,1,0,1.67
1,27,174,8341,1,1,2,3,2,183,0,0,0,1,6,2.75
0,20,172,12811,1,1,3,3,2,117,0,0,37,1,4,4.33
1,22,184,12113,1,1,2,2,2,117,0,0,0,1,3,3.58
0,26,163,10941,1,1,3,3,2,261,0,0,8,1,4,4.12
0,20,170,10278,1,1,3,3,2,100,0,1,16,1,4,3.56
0,40,152,7949,1,1,2,3,2,100,0,0,0,2,6,3.44
1,17,178,9791,1,1,2,3,2,243,0,2,49,2,2,3.09
1,30,175,11247,1,1,1,3,2,100,0,0,17,1,3,3.67
1,29,165,8999,1,1,2,2,2,211,0,0,47,1,2,3.31
1,21,165,10100,1,1,2,1,2,100,0,1,60,2,3,3.71
1,21,163,7000,1,1,2,1,2,300,0,1,0,2,5,2.63
0,25,179,10542,1,1,3,3,2,272,0,0,50,1,4,3.29
1,19,171,5000,0,1,1,3,1,100,0,1,0,1,1,1.71
0,20,171,13187,1,1,3,3,2,170,0,1,55,1,4,4.51
1,30,178,12034,1,1,2,3,2,292,0,0,28,1,3,3.8
0,42,153,7982,1,1,2,3,2,100,0,0,0,2,2,3.41
0,23,175,7800,1,1,3,1,1,100,0,1,0,0,2,2.55
0,23,175,13348,1,1,3,3,2,263,0,1,50,1,4,4.36
0,17,156,5900,0,1,3,1,2,200,0,2,60,2,5,2.42
1,21,180,9700,1,1,2,3,2,300,0,3,0,1,2,2.99
0,25,162,11067,1,1,3,3,2,152,0,0,26,1,4,4.22
1,55,170,8000,1,0,2,3,2,200,0,3,0,2,6,2.77
0,22,159,4481,0,0,3,1,1,122,1,0,0,2,0,1.77
0,21,174,13390,1,1,3,3,2,289,0,0,49,1,4,4.42
0,21,170,5016,0,1,1,3,1,191,0,1,0,2,0,1.74
1,22,165,5800,0,1,3,4,1,200,0,2,0,2,1,2.13
0,26,165,11193,1,1,3,3,2,277,0,0,5,1,4,4.11
0,25,164,10544,1,1,3,3,2,153,0,0,28,1,4,3.92
1,18,172,10872,1,1,2,3,2,265,0,1,7,1,2,3.67
0,21,165,8980,1,1,1,3,2,300,0,3,60,2,2,3.3
1,22,170,8000,1,1,2,3,2,200,0,2,120,2,6,2.77
0,26,164,11188,1,1,3,3,2,261,0,0,16,1,4,4.16
1,27,180,9700,1,1,2,3,2,200,0,0,60,1,6,2.99
1,18,179,10874,1,1,2,2,2,297,0,1,36,2,2,3.39
0,40,155,7700,1,1,2,3,2,100,0,0,0,1,2,3.2
1,27,170,10295,1,1,2,1,2,100,0,1,0,2,3,3.56
1,18,178,5483,1,1,1,3,2,242,0,0,60,1,0,1.73
1,55,165,8000,1,1,2,3,1,200,0,2,0,1,6,2.94
1,18,172,8500,1,1,3,3,2,200,0,2,0,1,6,2.87
1,25,177,11768,1,1,2,3,2,202,0,1,29,1,3,3.76
1,25,165,10503,1,1,2,3,2,300,0,0,0,1,2,3.86
1,19,177,5714,1,1,2,3,2,200,0,2,96,2,0,1.82
0,21,175,7808,1,1,2,1,2,200,0,2,0,0,2,2.55
1,22,175,9500,1,1,2,3,2,300,1,3,120,2,2,3.1
1,19,180,6000,0,1,2,3,2,200,0,2,60,1,0,1.85
1,22,181,12124,1,1,2,3,2,256,0,1,0,1,3,3.7
0,39,160,6200,1,1,2,3,2,100,0,0,0,1,5,2.42
1,25,174,9300,1,0,2,3,2,300,0,3,120,2,2,3.07
0,25,162,10502,1,1,3,3,2,232,0,1,24,1,2,4.0
0,21,174,13384,1,1,3,3,2,286,0,1,55,1,4,4.42
0,25,166,11345,1,1,3,3,2,122,0,0,44,1,4,4.12
1,21,170,7500,1,1,2,3,1,300,0,1,0,1,5,2.6
1,24,175,11323,1,1,2,3,2,200,0,1,80,1,3,3.7
1,21,162,7000,0,0,3,1,3,300,0,0,0,1,5,2.67
1,30,181,9294,1,1,2,3,2,177,0,0,28,1,6,2.84
0,23,156,5300,0,0,2,3,2,200,0,0,120,1,1,2.18
1,23,175,7500,1,1,3,3,1,200,0,1,0,2,5,2.45
0,26,162,11199,1,1,3,3,2,262,0,0,10,1,4,4.27
1,21,170,7500,1,1,2,3,2,200,0,0,10,1,5,2.6
1,34,175,11800,1,1,2,1,2,200,0,1,0,1,3,3.85
1,22,169,6500,0,1,2,3,1,200,0,1,60,2,1,2.28
0,21,164,8813,1,1,2,1,2,300,0,1,60,1,2,3.28
0,20,177,8531,1,1,2,3,2,210,0,1,52,1,2,2.72
1,20,182,6000,0,1,2,3,2,200,0,3,60,1,1,1.81
0,18,172,3910,0,1,1,3,2,187,0,2,73,2,0,1.32
0,26,163,11077,1,1,3,3,2,261,0,0,22,1,4,4.17
0,38,156,7620,1,1,2,3,2,185,0,0,0,1,2,3.13
0,25,162,10498,1,1,3,3,2,253,0,0,26,1,4,4.0
1,19,177,7600,1,0,2,3,2,300,0,1,60,1,5,2.43
0,19,164,4993,0,1,3,3,2,100,0,1,60,1,0,1.86
1,30,190,12923,1,1,2,3,2,112,0,1,0,1,3,3.58
1,21,162,7000,0,1,2,1,2,200,0,1,60,1,5,2.67
1,21,170,7500,1,1,2,3,1,200,0,1,120,1,5,2.6
1,30,169,10287,1,1,2,2,2,165,0,0,0,2,3,3.6
1,30,191,12936,1,1,2,3,2,224,0,1,0,1,3,3.55
1,26,182,12098,1,1,2,3,2,282,0,0,13,1,3,3.65
0,39,156,8000,1,1,2,3,2,200,0,0,0,1,2,3.29
0,26,164,11193,1,1,3,3,2,262,0,0,5,1,4,4.16
1,41,178,9953,1,0,2,1,2,300,0,1,0,1,2,3.14
0,18,170,5000,0,1,3,4,2,100,0,1,60,1,0,1.73
0,41,154,7966,1,1,2,3,2,273,0,0,0,1,2,3.36
0,21,165,12125,1,1,3,3,2,150,0,0,36,1,4,4.45
1,23,169,6000,1,1,3,3,2,100,0,0,0,1,1,2.1
1,22,169,9481,1,1,2,3,2,300,0,1,120,2,2,3.32
1,28,171,9919,1,1,2,1,2,100,0,1,42,1,3,3.39
0,25,160,10259,1,1,3,3,2,269,0,0,36,1,4,4.01
0,21,172,13294,1,1,3,3,2,127,0,1,55,1,4,4.49
1,17,170,8500,1,0,2,3,2,300,0,1,60,2,6,2.94
0,18,174,13390,1,1,3,3,2,286,0,1,47,1,4,4.42
0,26,160,10495,1,1,3,3,2,262,0,0,27,1,4,4.1
0,23,170,9300,1,1,3,3,2,100,1,3,0,0,2,3.22
1,26,165,9000,1,1,3,3,2,300,0,0,0,1,2,3.31
1,30,170,10252,1,1,2,3,2,100,0,0,60,2,3,3.55
0,26,164,11186,1,1,3,3,2,272,0,0,9,1,4,4.16
1,29,178,8966,1,1,1,3,2,200,0,0,34,1,5,2.83
1,26,177,12128,1,1,2,3,2,202,0,0,0,1,3,3.87
0,26,168,9000,1,1,1,3,2,261,0,0,0,1,2,3.19
1,27,175,7300,1,0,2,3,1,200,0,3,0,1,1,2.38
1,31,168,9105,1,1,1,3,2,195,0,0,0,1,6,3.23
1,36,177,10062,1,1,2,1,2,269,0,2,0,0,2,3.21
1,55,167,8000,1,1,2,3,2,200,0,0,120,2,5,2.87
0,19,153,4200,0,1,2,3,1,100,0,1,60,1,0,1.79
0,18,162,5800,1,1,2,1,2,200,0,1,0,1,1,2.21
1,21,162,8000,1,1,2,3,2,200,0,1,60,2,6,3.05
1,33,170,8400,1,0,2,3,2,200,0,3,60,1,6,2.91
1,21,173,8000,1,1,2,1,2,263,0,2,38,2,5,2.67
0,25,159,10259,1,1,3,3,2,103,0,0,37,1,4,4.06
1,26,177,12120,1,1,2,3,2,215,0,1,0,1,3,3.87
0,21,170,7800,1,1,2,1,0,200,0,1,60,1,5,2.7
1,19,165,8000,1,1,2,3,2,200,0,2,60,2,6,2.94
0,39,150,7984,1,1,2,1,2,100,0,0,0,1,2,3.55
0,23,163,4800,1,1,2,3,2,100,0,2,0,1,1,1.81
0,22,168,9361,1,1,1,3,2,194,0,0,0,2,2,3.32
1,25,174,7500,1,1,3,3,1,200,0,0,120,2,1,2.48
1,21,172,7500,1,1,2,3,1,300,0,1,60,1,5,2.54
0,23,163,5600,1,1,2,3,2,200,0,2,0,2,1,2.11
0,17,158,5832,0,1,2,3,2,200,0,0,93,2,0,2.34
0,18,156,5150,0,1,1,3,2,200,0,0,60,1,1,2.12
0,26,162,11126,1,1,3,3,2,262,0,0,11,1,4,4.24
0,24,177,11416,1,1,3,3,2,284,0,0,51,1,4,3.64
1,22,179,11413,1,1,1,3,2,200,0,1,54,1,3,3.56
0,18,167,6000,0,1,2,3,0,100,0,0,60,1,1,2.15
1,25,167,7500,0,1,3,4,2,300,0,2,60,1,5,2.69
1,29,175,11255,1,1,2,3,2,215,0,0,0,1,3,3.68
1,38,176,11813,1,1,2,3,2,200,0,0,18,1,3,3.81
1,24,173,9105,1,1,2,2,2,200,0,1,0,1,6,3.04
1,23,167,8400,0,1,2,1,1,300,0,2,0,1,5,3.01
1,18,160,5000,0,1,2,3,1,100,0,1,60,1,0,1.95
0,22,165,6000,1,1,3,3,2,200,0,0,0,1,1,2.2
1,19,173,7000,0,1,2,1,3,200,0,1,0,1,1,2.34
1,22,177,11631,1,1,1,2,2,200,0,0,108,1,3,3.71
0,18,157,4189,0,1,2,1,2,100,0,0,80,1,0,1.7
0,21,162,5800,0,1,2,1,2,100,0,1,0,1,1,2.21
0,16,175,5000,0,1,1,3,1,100,0,2,80,2,0,1.63
1,17,170,5858,1,1,2,4,2,200,0,2,12,1,0,2.03
0,37,155,7713,1,1,2,2,2,152,0,0,0,1,2,3.21
0,23,169,11448,1,1,3,3,2,241,0,0,55,1,4,4.01
0,17,163,5900,1,1,3,3,2,100,0,1,120,1,1,2.22
0,24,170,7800,0,1,2,1,2,200,0,0,120,1,6,2.7
1,20,178,6800,1,1,2,3,2,100,0,1,0,1,1,2.15
1,18,170,5000,0,1,2,3,1,200,0,1,60,2,0,1.73
1,19,175,8700,0,1,3,4,2,200,0,2,60,1,5,2.84
1,21,162,7000,0,1,2,2,3,297,0,2,0,1,5,2.67
0,18,158,4700,1,1,2,3,1,100,0,1,60,1,1,1.88
1,18,181,10893,1,1,2,2,2,211,0,1,104,2,2,3.32
1,27,182,7100,1,1,2,3,2,200,0,1,60,2,1,2.14
1,38,169,10302,1,1,2,3,2,100,0,1,0,2,3,3.61
1,18,184,12500,1,1,2,3,2,100,0,1,120,1,2,3.69
0,26,164,11183,1,1,3,3,2,255,0,0,12,1,4,4.16
0,22,154,6285,0,0,2,1,1,100,0,0,21,2,5,2.65
0,25,160,10459,1,1,3,3,2,273,0,0,26,1,4,4.09
0,25,162,10484,1,1,3,3,2,232,0,0,38,1,4,3.99
0,23,165,5800,0,1,3,3,2,100,0,1,60,2,1,2.13
1,18,165,9000,1,1,2,3,2,200,0,0,120,2,2,3.31
1,18,178,10889,1,1,2,3,2,132,0,0,60,2,2,3.44
1,19,170,6200,1,0,3,4,0,200,0,1,0,2,5,2.15
1,22,174,9687,1,1,2,3,2,271,0,2,73,2,2,3.2
1,26,193,10000,1,1,3,1,2,100,0,1,0,1,3,2.68
0,18,159,5000,1,1,2,4,2,200,0,1,60,1,1,1.98
0,19,152,4200,0,1,3,1,1,100,0,0,0,2,0,1.82
1,18,174,7600,0,1,3,3,2,100,0,1,60,2,5,2.51
0,22,156,5800,1,1,2,3,2,200,0,2,0,1,1,2.38
1,30,177,12000,1,1,2,1,2,202,0,1,94,1,3,3.83
0,41,156,7705,1,1,2,3,2,105,0,0,0,1,2,3.17
1,20,172,7000,0,0,2,3,1,200,0,2,60,2,1,2.37
0,26,162,11081,1,1,3,3,2,125,0,0,16,1,4,4.22
1,17,183,9718,1,1,2,3,2,200,0,1,0,1,6,2.9
1,20,175,5300,1,1,3,3,1,200,0,1,60,2,0,1.73
1,30,181,12099,1,1,2,3,2,197,0,1,0,1,3,3.69
0,21,160,4500,0,0,3,3,1,200,0,1,0,1,0,1.76
0,21,161,6885,1,1,1,3,2,200,0,0,60,1,5,2.66
0,22,160,8200,1,1,2,3,2,297,0,0,0,2,2,3.2
0,25,160,5500,0,1,2,3,2,100,0,1,0,1,1,2.15
0,26,164,11186,1,1,3,3,2,257,0,0,24,1,4,4.16
0,40,156,8000,1,1,2,3,0,200,0,0,0,1,2,3.29
0,16,157,5600,0,1,2,1,2,300,0,2,0,2,1,2.27
1,31,185,8780,0,1,2,1,2,163,0,1,100,1,5,2.57
1,17,180,8500,1,1,3,3,1,200,0,2,60,1,5,2.62
1,21,179,9000,1,1,2,3,2,300,0,2,60,1,6,2.81
1,21,178,12042,1,1,2,3,2,231,0,1,95,1,3,3.8
1,41,175,7500,1,1,2,3,1,200,0,3,0,1,2,2.45
1,24,176,12000,1,1,2,3,2,231,0,0,23,1,3,3.87
1,17,180,6000,0,0,3,3,2,200,0,0,60,2,1,1.85
1,20,187,4500,0,1,3,3,1,200,1,2,0,1,0,1.29
0,20,173,13152,1,1,3,3,2,152,0,1,26,1,4,4.39
0,21,174,13356,1,1,3,3,2,286,0,1,54,1,4,4.41
0,18,175,13390,1,1,3,3,2,286,0,1,45,1,4,4.37
1,22,175,9526,1,1,2,3,2,195,0,2,120,1,2,3.11
1,21,165,6800,0,1,1,3,2,200,0,3,60,1,1,2.5
0,26,161,11193,1,1,3,3,2,245,0,0,16,1,4,4.32
0,21,165,6800,1,1,2,3,2,200,0,1,60,2,1,2.5
0,21,174,13152,1,1,3,3,2,130,0,1,56,1,4,4.34
1,22,170,8000,1,1,2,3,2,200,0,1,60,1,6,2.77
0,18,157,5300,0,1,2,3,2,200,0,1,60,2,1,2.15
1,23,170,8000,1,1,2,3,2,200,0,0,60,1,6,2.77
1,26,175,11811,1,1,2,3,2,210,0,0,0,1,3,3.86
1,17,178,5961,1,1,3,3,2,200,0,1,54,1,0,1.88
1,21,172,5115,1,1,2,3,2,220,0,2,76,2,0,1.73
1,34,176,8475,1,1,2,3,2,229,0,2,52,1,6,2.74
0,19,155,5500,1,1,3,3,1,100,0,2,0,1,1,2.29
0,21,156,5600,0,1,3,3,2,200,0,1,0,2,1,2.3
1,20,170,5500,0,1,3,3,2,200,0,2,0,1,1,1.9
1,18,171,5113,1,1,1,3,2,166,0,1,60,1,0,1.75
0,21,174,14729,1,1,3,3,2,163,0,1,44,1,4,4.86
0,21,161,6100,1,1,2,3,2,100,0,1,60,1,1,2.35
0,20,155,5800,0,0,2,1,2,100,0,0,0,2,1,2.41
0,21,181,15237,1,1,3,3,2,230,0,0,55,1,4,4.65
1,18,185,8609,1,1,2,3,2,196,0,1,51,1,5,2.52
0,19,168,13373,1,1,3,3,2,284,0,1,41,1,4,4.74
1,19,180,7900,0,1,2,4,2,200,0,3,0,1,5,2.44
1,37,175,11811,1,1,2,3,2,196,0,1,0,1,3,3.86
0,26,165,6500,1,0,3,3,1,200,0,0,0,2,6,2.39
0,32,164,4665,1,1,3,3,1,217,0,1,0,2,0,1.73
1,24,160,10061,1,1,2,2,2,177,0,1,0,2,3,3.93
0,20,171,5129,1,1,2,3,1,119,0,0,60,1,0,1.75
1,17,170,7000,0,1,3,3,2,200,0,1,60,1,1,2.42
0,22,162,8200,1,1,1,1,2,200,0,0,120,1,2,3.12
0,16,160,6500,1,1,2,3,2,200,1,1,0,1,5,2.54
1,25,176,11447,1,1,3,3,2,250,0,0,40,1,3,3.7
0,25,162,10498,1,1,3,3,2,270,0,0,48,1,4,4.0
1,23,178,9409,1,1,2,2,2,252,0,0,0,2,2,2.97
1,29,165,9000,1,1,2,3,0,100,0,0,60,1,2,3.31
1,21,176,9735,1,1,2,3,2,200,0,0,58,2,2,3.14
1,31,184,9294,1,1,2,2,2,181,0,1,0,1,6,2.75
1,21,178,10655,1,1,2,3,2,213,0,0,111,1,2,3.36
0,26,163,11191,1,1,3,3,2,267,0,0,4,1,4,4.21
0,21,160,8400,1,1,2,3,2,300,0,1,0,1,2,3.28
1,25,177,11534,1,1,3,3,2,214,0,1,22,1,3,3.68
0,17,175,5626,1,1,2,3,2,200,0,2,27,2,0,1.84
0,26,164,11194,1,1,3,3,2,273,0,0,7,1,4,4.16
1,24,181,12086,1,1,3,2,2,251,0,1,0,1,3,3.69
0,22,171,5007,0,1,3,3,1,100,0,0,52,2,0,1.71
0,19,150,4100,0,1,2,1,1,100,0,1,60,1,0,1.82
1,23,174,8301,1,1,2,2,2,204,0,2,61,0,6,2.74
1,26,180,6400,1,0,2,3,2,200,0,0,0,1,1,1.98
0,21,174,13395,1,1,3,3,2,281,0,1,55,1,4,4.42
0,26,163,11188,1,1,3,3,2,261,0,0,8,1,4,4.21
0,18,165,8200,1,1,2,1,2,100,0,1,60,2,2,3.01
1,18,179,10800,1,0,2,3,2,200,0,2,0,2,2,3.37
1,17,178,5300,0,1,2,4,2,300,0,2,60,2,0,1.67
1,23,160,8248,1,1,2,1,2,219,0,0,92,1,2,3.22
1,22,171,7500,1,1,2,3,2,200,0,0,118,1,5,2.56
1,24,175,11736,1,1,1,3,2,200,0,1,37,1,3,3.83
0,23,160,8000,1,1,2,1,2,200,0,0,92,2,2,3.12
0,21,173,13394,1,1,3,3,2,283,0,1,55,1,4,4.48
0,21,175,13779,1,1,3,3,2,283,0,1,55,1,4,4.5
0,18,168,6000,0,1,3,3,2,100,0,1,60,1,1,2.13
1,18,175,8000,1,1,2,3,2,211,0,1,120,0,5,2.61
1,21,170,7500,0,1,2,3,1,100,0,0,120,1,5,2.6
0,20,174,12814,1,1,3,3,2,283,0,0,56,1,4,4.23
0,18,156,5100,1,1,3,3,2,100,0,1,120,1,1,2.1
0,26,164,11182,1,1,3,3,2,255,0,0,14,1,4,4.16
0,26,165,11199,1,1,3,3,2,261,0,0,5,1,4,4.11
1,30,177,12372,1,1,2,3,2,219,0,1,0,1,3,3.95
1,17,178,5602,1,1,2,3,2,284,0,2,74,1,0,1.77
1,25,176,11345,1,1,1,3,2,200,0,1,10,1,3,3.66
0,21,161,6400,1,1,3,3,0,200,0,0,0,2,1,2.47
1,23,170,7500,1,1,2,3,2,300,0,1,60,1,6,2.6
0,19,160,4500,0,0,2,3,2,200,0,3,60,1,1,1.76
0,19,156,4900,0,1,2,3,2,100,0,1,120,1,0,2.01
1,24,181,11738,1,1,2,2,2,200,0,1,37,1,3,3.58
0,21,167,6600,1,1,2,3,2,200,0,1,120,1,1,2.37
0,43,169,8395,1,1,2,1,2,280,0,2,13,2,2,2.94
1,25,184,11512,1,1,3,3,2,200,0,1,0,1,3,3.4
1,21,165,7800,1,0,2,1,1,300,0,1,0,2,6,2.87
1,19,170,7800,1,1,2,3,1,100,0,1,60,0,6,2.7
0,36,165,8000,1,1,3,3,2,200,0,1,0,1,6,2.94
1,17,172,9998,1,1,2,1,2,200,0,1,9,1,6,3.38
1,31,184,12008,1,1,2,3,2,200,0,1,4,1,3,3.55
0,19,160,4500,0,0,3,3,1,144,1,1,0,1,0,1.76
1,17,181,5844,1,1,2,3,2,200,0,2,86,1,0,1.78
0,38,156,8000,1,1,2,1,2,196,0,1,0,1,2,3.29
1,29,172,6900,0,0,1,3,2,200,0,1,0,1,5,2.33
0,19,160,6000,0,1,2,3,2,200,0,1,0,1,1,2.34
1,18,175,5200,1,1,3,3,2,200,0,0,80,1,0,1.7
0,27,155,6287,1,1,2,1,2,100,0,0,23,2,6,2.62
0,18,155,5100,1,1,2,3,2,100,0,1,0,1,1,2.12
0,18,160,8000,1,1,2,1,2,200,0,1,0,2,2,3.12
1,21,170,10366,1,1,2,1,2,200,0,0,0,1,2,3.59
0,22,165,8708,1,1,2,1,2,200,0,1,60,2,2,3.2
1,22,182,12165,1,1,2,2,2,271,0,0,0,1,3,3.67
1,19,175,5569,1,1,2,3,2,297,0,2,8,1,5,1.82
1,28,178,12000,1,1,2,3,2,200,0,1,28,1,3,3.79
0,28,168,7400,0,1,2,3,1,100,0,1,0,1,5,2.62
0,22,170,5115,1,1,2,3,1,288,0,2,120,2,0,1.77
0,25,162,10475,1,1,3,3,2,131,0,0,32,1,4,3.99
1,21,170,7800,1,0,2,3,1,200,1,0,120,0,5,2.7
1,31,184,12202,1,1,2,2,2,164,0,0,0,1,3,3.6
0,18,168,9149,1,1,1,3,2,100,0,0,19,1,2,3.24
0,21,160,6673,1,1,2,3,2,200,0,0,56,1,5,2.61
0,26,164,11193,1,1,3,3,2,263,0,0,9,1,4,4.16
1,18,181,6026,1,1,3,3,2,200,0,0,64,1,0,1.84
0,26,164,11194,1,1,3,3,2,277,0,0,13,1,4,4.16
1,24,170,8301,1,1,2,2,2,200,0,0,53,2,6,2.87
0,18,156,7178,1,1,1,3,2,200,0,1,44,1,5,2.95
0,18,170,5000,0,1,1,3,1,100,0,1,60,1,0,1.73
1,21,165,8099,1,1,2,3,2,200,0,2,60,2,6,2.97
0,26,164,11091,1,1,3,3,2,266,0,0,16,1,4,4.12
1,18,170,7800,1,1,1,3,1,200,0,1,60,0,6,2.7
0,26,162,11080,1,1,3,3,2,262,0,0,15,1,4,4.22
1,26,181,12020,1,1,2,3,2,286,0,1,55,1,3,3.67
1,23,177,8300,0,1,2,3,1,300,0,3,120,1,2,2.65
0,19,155,4200,0,1,3,2,1,196,1,0,0,1,0,1.75
0,21,164,6881,1,1,1,3,2,294,0,0,17,1,5,2.56
0,18,159,5000,0,0,2,3,2,100,0,1,0,1,1,1.98
0,34,172,8042,1,1,2,2,2,300,0,0,0,2,6,2.72
0,20,167,12131,1,1,3,3,2,132,0,1,39,1,4,4.35
1,20,165,8000,0,1,2,3,3,300,0,3,120,1,5,2.94
1,25,176,11409,1,1,1,3,2,202,0,1,6,1,3,3.68
0,22,165,6000,1,1,2,3,2,200,0,0,0,1,1,2.2
0,25,162,10990,1,1,3,3,2,153,0,0,26,1,4,4.19
1,30,176,11836,1,1,2,2,2,182,0,1,0,1,3,3.82
0,29,158,7393,1,1,2,3,2,200,0,2,0,1,5,2.96
1,21,171,7500,1,1,2,3,2,240,0,1,55,1,5,2.56
1,18,179,10820,1,1,2,1,2,279,0,1,60,2,2,3.38
0,21,160,5000,1,1,3,4,1,100,0,0,0,2,1,1.95
1,26,186,12079,1,1,2,3,2,286,0,1,52,1,3,3.49
0,26,161,10513,1,1,3,3,2,263,0,1,30,1,4,4.06
1,18,170,7000,1,1,2,3,2,100,0,2,60,1,1,2.42
0,25,162,10487,1,1,3,3,2,179,0,0,35,1,4,4.0
0,20,163,5600,1,0,3,3,2,200,1,3,0,1,1,2.11
1,19,172,5300,0,0,2,4,2,200,0,2,120,2,0,1.79
0,19,164,4900,0,1,3,3,1,100,0,2,60,1,0,1.82
1,37,175,11856,1,1,2,3,2,172,0,0,0,1,3,3.87
0,17,170,5000,0,1,2,4,1,100,0,2,60,1,0,1.73
1,21,170,7500,0,1,3,3,2,300,0,2,0,1,5,2.6
0,20,176,12495,1,1,3,3,2,270,0,0,40,1,4,4.03
0,25,181,11080,1,1,3,3,2,281,0,1,26,1,4,3.38
1,18,179,10800,1,1,2,1,2,200,0,1,60,1,2,3.37
1,31,166,11191,1,1,2,3,2,276,0,0,30,1,3,4.06
1,18,187,6700,1,1,2,3,1,200,0,1,120,0,1,1.92
1,22,170,7500,0,1,3,3,3,200,0,1,60,1,5,2.6
0,22,160,8200,1,1,2,1,2,197,0,0,60,1,2,3.2
1,22,179,10596,1,1,2,3,2,277,0,0,120,1,2,3.31
0,19,168,4993,0,0,3,3,2,161,0,2,0,1,0,1.77
0,27,150,6300,0,1,3,3,2,200,0,1,0,2,6,2.8
0,19,171,5000,0,1,1,3,2,163,0,0,60,1,0,1.71
0,41,165,7300,1,1,2,3,2,100,0,0,0,1,5,2.68
1,25,176,11510,1,1,2,3,2,216,0,1,112,1,3,3.72
1,20,184,10500,1,1,2,3,2,200,0,0,120,1,2,3.1
1,24,175,12002,1,1,2,3,2,200,0,1,65,1,3,3.92
0,26,164,11172,1,1,3,3,2,263,0,0,14,1,4,4.15
1,23,175,9532,1,1,2,3,3,300,0,3,120,2,2,3.11
1,26,183,8700,0,1,2,3,2,296,0,1,59,1,5,2.6
0,26,163,11195,1,1,3,3,2,132,0,0,5,1,4,4.21
0,23,159,4405,0,1,2,3,1,100,0,0,120,2,0,1.74
1,16,171,5000,0,1,2,3,2,174,0,0,55,1,0,1.71
0,18,165,6000,1,1,2,3,2,200,0,1,0,1,1,2.2
1,21,171,7500,0,1,3,3,1,200,0,1,0,1,5,2.56
0,25,167,11222,1,1,3,3,2,232,0,0,50,1,4,4.02
1,19,172,8000,0,1,2,3,2,300,0,1,60,0,5,2.7
0,21,165,6300,1,0,3,1,0,100,0,1,0,2,1,2.31
1,19,182,9953,1,1,2,3,2,200,0,2,60,2,2,3.0
0,24,174,11447,1,1,3,3,2,286,0,0,34,1,4,3.78
0,23,165,5900,1,0,3,3,2,200,0,2,120,2,1,2.17
0,18,163,6880,1,1,2,3,2,100,0,0,0,1,5,2.59
0,23,165,8128,1,1,2,2,2,129,0,0,0,2,6,2.99
1,21,178,8000,1,1,2,1,2,200,0,1,80,1,6,2.52
0,18,171,5007,1,1,2,3,1,100,0,1,60,1,0,1.71
1,31,175,7200,0,1,3,3,2,200,0,2,0,1,1,2.35
1,21,172,8055,1,1,2,3,2,200,0,1,60,1,5,2.72
1,22,190,12211,1,1,3,2,2,160,0,1,1,1,3,3.38
1,18,173,8000,1,1,2,2,2,136,0,1,93,2,6,2.67
0,18,164,8000,1,0,2,3,2,200,0,1,60,2,6,2.97
1,31,177,9000,1,1,2,3,2,235,0,1,53,1,6,2.87
1,22,160,5500,0,1,2,3,1,100,0,0,0,2,1,2.15
1,21,171,9844,1,1,2,2,2,200,0,0,114,2,2,3.37
0,26,162,11079,1,1,3,3,2,270,0,0,27,1,4,4.22
1,24,183,12098,1,1,2,3,2,271,0,1,6,1,3,3.61
1,30,175,11227,1,1,1,3,2,209,0,0,0,1,3,3.67
0,24,153,6522,1,0,2,1,2,100,0,0,9,2,6,2.79
0,18,165,5000,1,1,1,3,2,100,0,0,60,1,0,1.84
0,18,162,8201,1,1,2,1,2,218,0,0,81,2,2,3.12
0,34,167,7720,1,1,2,2,2,170,0,0,0,2,6,2.77
0,25,161,10268,1,1,3,3,2,102,0,0,60,1,4,3.96
1,23,175,9500,1,1,2,3,2,300,0,3,60,2,2,3.1
0,26,162,11081,1,1,3,3,2,270,0,0,56,1,4,4.22
0,19,166,4900,0,1,2,3,1,100,0,1,60,1,0,1.78
0,18,170,6000,0,1,3,3,2,100,0,1,0,2,1,2.08
0,26,164,11194,1,1,3,3,2,272,0,0,5,1,4,4.16
1,18,170,8000,1,1,2,1,2,283,0,1,119,1,5,2.77
0,19,158,4437,0,0,3,2,1,102,0,0,0,1,0,1.78
0,26,162,11188,1,1,3,3,2,255,0,0,0,1,4,4.26
1,23,171,8572,1,1,2,3,2,200,0,2,23,2,6,2.93
0,21,160,6640,0,1,3,3,2,200,0,0,0,1,5,2.59
1,25,182,11729,1,1,2,2,2,235,0,1,21,1,3,3.54
0,18,155,8000,1,1,2,1,2,100,0,1,60,2,2,3.33
1,20,177,10477,1,1,2,3,2,215,0,0,100,1,2,3.34
1,17,176,5883,1,1,2,3,2,200,0,2,36,1,0,1.9
0,37,149,8000,1,1,2,1,2,194,0,0,0,1,2,3.6
0,18,165,7800,1,0,3,3,2,200,0,1,0,1,6,2.87
1,31,175,12098,1,1,2,3,2,292,0,1,0,1,3,3.95
0,19,159,4200,0,1,3,3,1,100,0,0,60,2,0,1.66
0,18,171,5000,0,1,3,3,2,100,0,0,60,1,0,1.71
0,24,169,11377,1,1,3,3,2,247,0,0,0,1,4,3.98
0,25,165,10427,1,1,3,3,2,191,0,0,47,1,4,3.83
0,20,162,10500,1,1,3,3,2,100,0,1,0,1,4,4.0
1,33,183,9781,1,1,2,3,2,300,0,1,55,1,6,2.92
1,26,176,11345,1,1,2,3,2,215,0,0,16,1,3,3.66
1,40,178,9869,1,1,2,1,2,243,0,1,0,0,2,3.11
0,23,164,9361,1,1,2,3,2,213,0,3,0,2,2,3.48
0,20,150,6000,1,0,3,3,1,200,0,0,0,1,1,2.67
1,22,171,8000,1,1,2,3,2,200,0,2,90,1,6,2.74
0,19,167,4910,0,0,1,3,2,196,0,2,60,1,0,1.76
1,26,178,12015,1,1,2,3,2,231,0,1,0,1,3,3.79
0,18,162,6825,1,1,2,1,2,219,0,0,97,2,5,2.6
0,25,160,10230,1,1,3,3,2,102,0,0,32,1,4,4.0
1,21,169,7500,1,1,2,3,2,137,0,0,0,1,5,2.63
0,20,180,15127,1,1,3,3,2,231,0,1,50,1,4,4.67
1,21,160,7000,1,1,2,1,2,200,0,1,7,2,5,2.73
0,34,155,7764,1,1,2,1,2,144,0,0,0,1,2,3.23
0,19,166,4993,0,1,3,3,2,100,0,2,60,1,0,1.81
1,34,178,12080,1,1,2,3,2,214,0,0,16,1,3,3.81
1,25,177,11413,1,1,1,3,2,208,0,1,43,1,3,3.64
1,18,171,5000,1,1,2,3,2,101,0,0,120,1,0,1.71
0,34,170,7505,1,1,2,3,2,197,0,0,60,1,5,2.6
1,21,179,10544,1,1,2,3,2,233,0,0,95,1,2,3.29
0,22,170,8295,1,1,2,2,2,276,0,2,0,2,2,2.87
1,20,179,10580,1,1,2,3,2,240,0,0,86,1,2,3.3
0,23,170,7800,1,1,2,3,1,200,0,1,120,0,6,2.7
1,21,175,11818,1,1,2,3,2,200,0,0,116,1,3,3.86
0,25,163,11093,1,1,3,3,2,118,0,0,26,1,4,4.18
0,30,156,8001,1,1,2,1,2,130,0,1,0,2,2,3.29
1,19,178,6400,1,1,3,3,1,200,1,1,0,1,1,2.02
1,19,175,9600,1,1,2,3,2,200,0,0,120,2,2,3.13
1,21,168,7500,1,1,2,3,2,300,0,3,120,1,5,2.66
1,20,172,8000,1,1,2,2,2,200,0,1,0,2,6,2.7
1,17,170,8500,1,1,3,3,2,300,0,1,60,1,6,2.94
0,26,164,11067,1,1,3,3,2,263,0,0,39,1,4,4.11
1,18,179,5205,1,1,2,3,2,200,0,0,113,1,0,1.62
0,23,150,5800,1,0,2,3,2,200,0,0,0,2,1,2.58
0,19,155,4236,0,1,3,1,1,131,0,0,60,1,0,1.76
0,21,165,8800,1,1,3,1,2,300,0,1,0,2,2,3.23
1,29,182,8900,1,0,2,3,0,100,0,0,60,0,5,2.69
1,24,173,10000,1,0,2,1,2,200,0,3,0,2,2,3.34
0,18,174,13301,1,1,3,3,2,247,0,1,39,1,4,4.39
0,21,170,7800,1,1,2,2,2,187,0,0,116,0,6,2.7
1,26,186,11984,1,1,2,3,2,273,0,0,0,1,3,3.46
1,19,166,7000,1,1,2,3,2,200,0,2,60,2,1,2.54
0,20,154,4200,0,1,3,1,2,100,0,0,0,1,0,1.77
0,38,165,8500,1,1,3,3,2,100,0,1,0,2,2,3.12
1,26,181,12202,1,1,3,3,2,218,0,1,60,1,3,3.72
1,23,169,7500,1,0,2,3,2,200,0,0,90,1,5,2.63
0,26,162,11086,1,1,3,3,2,239,0,0,56,1,4,4.22
1,30,175,11200,1,0,2,3,2,200,0,0,60,1,3,3.66
1,20,170,6800,0,1,2,1,2,200,0,0,60,2,1,2.35
0,26,172,10544,1,1,3,3,2,258,0,0,22,1,4,3.56
1,55,168,8046,1,1,2,1,2,200,0,0,0,2,6,2.85
1,25,182,12099,1,1,2,3,2,300,0,1,0,1,3,3.65
0,33,168,7700,1,1,2,1,2,100,0,0,120,1,6,2.73
1,23,178,8000,1,1,2,3,0,300,0,3,0,2,5,2.52
0,19,160,5500,0,1,2,3,2,100,0,2,60,1,5,2.15
1,28,170,10302,1,1,2,2,2,161,0,0,0,2,3,3.56
0,23,177,11327,1,1,3,3,2,268,0,0,53,1,4,3.62
0,20,170,6500,0,1,2,3,1,100,0,0,60,1,1,2.25
0,23,165,8500,1,1,2,3,0,300,0,3,60,2,2,3.12
1,18,185,8000,1,1,3,3,2,200,0,2,60,1,1,2.34
0,26,163,11194,1,1,3,3,2,273,0,0,7,1,4,4.21
1,30,182,12097,1,1,2,3,2,252,0,1,0,1,3,3.65
0,21,178,13534,1,1,3,3,2,235,0,1,52,1,4,4.27
0,21,166,6000,1,1,3,3,0,100,0,1,60,1,1,2.18
0,25,165,10482,1,1,3,3,2,263,0,0,37,1,4,3.85
1,30,178,11842,1,1,2,3,2,216,0,0,43,1,2,3.74
1,18,176,5086,0,1,1,3,2,200,0,0,60,1,0,1.64
1,20,174,7500,1,1,3,3,1,200,0,1,60,2,1,2.48
1,17,181,5883,1,1,2,4,2,200,0,2,25,2,0,1.8
1,24,182,12086,1,0,2,3,2,160,0,1,40,1,3,3.65
0,25,168,10459,1,1,3,3,2,151,0,0,35,1,4,3.71
0,24,157,5700,1,0,2,3,0,200,0,0,60,1,1,2.31
0,18,156,5100,1,1,3,1,1,100,0,2,60,1,1,2.1
0,18,165,6000,1,1,2,3,2,200,0,1,60,2,1,2.2
1,21,175,8734,1,1,2,1,2,264,0,2,5,1,5,2.85
0,17,160,6500,1,1,2,3,2,200,1,0,92,1,5,2.54
0,22,170,5000,0,1,3,3,1,200,0,2,60,1,0,1.73
0,19,175,4971,0,1,1,3,1,200,0,1,60,1,0,1.62
1,30,181,12039,1,1,2,3,2,204,0,1,32,1,3,3.67
0,20,173,13205,1,1,3,3,2,137,0,1,45,1,4,4.41
1,19,180,8500,1,0,2,3,2,300,0,3,0,2,5,2.62
0,19,175,7986,1,1,2,3,2,182,0,0,51,1,5,2.61
1,31,162,6900,0,1,2,3,2,100,0,1,0,1,5,2.63
1,21,171,8074,1,1,2,3,2,127,0,2,103,1,6,2.76
0,18,174,13387,1,1,3,3,2,286,0,1,53,1,4,4.42
0,16,160,5700,0,1,1,3,2,200,0,0,60,2,1,2.23
0,21,173,8000,1,1,2,2,2,200,0,2,73,1,6,2.67
0,26,161,11191,1,1,3,3,2,273,0,0,9,1,4,4.32
1,18,175,10400,1,1,2,3,2,200,0,0,120,2,2,3.4
1,26,178,12099,1,1,2,3,2,262,0,1,75,1,3,3.82
0,26,162,11199,1,1,3,3,2,255,0,0,22,1,4,4.27
0,21,162,7000,0,1,2,3,2,300,0,1,0,1,5,2.67
0,18,170,6000,1,1,2,3,2,200,0,0,0,2,1,2.08
0,22,171,5007,1,1,1,3,2,100,0,2,57,2,0,1.71
0,25,150,6481,1,0,2,3,2,200,0,0,53,2,6,2.88
1,27,171,10252,1,1,2,2,2,100,0,0,60,2,3,3.51
1,18,175,5596,1,1,2,3,2,200,0,1,96,2,0,1.83
0,19,160,4500,0,0,3,4,1,100,0,2,0,1,0,1.76
1,18,172,7000,1,1,2,3,2,200,0,1,60,1,5,2.37
1,19,176,8550,1,0,2,3,2,300,0,2,60,1,5,2.76
1,25,178,11545,1,1,2,3,2,215,0,1,41,1,3,3.64
1,22,179,10503,1,1,2,3,2,203,0,0,30,1,2,3.28
0,26,164,11080,1,1,3,3,2,266,0,0,27,1,4,4.12
1,22,184,12123,1,1,2,2,2,254,0,1,0,1,3,3.58
0,25,160,10238,1,1,3,3,2,103,0,0,60,1,4,4.0
0,21,165,8000,1,1,1,3,2,100,0,1,0,2,2,2.94
0,37,153,7830,1,1,2,3,2,100,0,0,0,1,2,3.34
1,26,186,12000,1,1,2,3,2,235,0,1,65,1,3,3.47
0,19,164,4983,0,1,1,3,1,104,0,2,60,1,0,1.85
1,19,175,8696,1,1,2,3,2,242,0,1,23,1,5,2.84
0,26,153,11194,1,1,3,3,2,268,0,0,13,1,4,4.78
0,21,159,4400,1,0,2,3,3,100,0,0,0,1,1,1.74
1,23,175,12106,1,1,2,2,2,290,0,1,0,1,3,3.95
1,19,172,8200,1,1,2,4,1,200,0,2,60,1,5,2.77
1,23,170,8027,1,0,3,3,2,200,0,1,49,1,6,2.78
0,19,158,5300,0,1,2,3,2,100,0,1,60,1,1,2.12
0,21,161,5100,1,1,3,3,2,200,0,1,0,1,1,1.97
1,32,170,10240,1,1,2,1,2,200,0,1,60,2,3,3.54
1,18,179,10874,1,1,2,2,2,245,0,1,88,2,2,3.39
0,22,165,8200,1,1,2,1,2,200,0,0,60,1,2,3.01
1,24,174,8465,1,1,2,2,2,200,0,0,50,1,6,2.8
1,22,172,9500,1,0,2,3,2,300,0,3,0,2,2,3.21
1,17,170,8500,1,1,2,3,2,280,0,1,60,1,6,2.94
0,21,174,13098,1,1,3,3,2,274,0,1,44,1,4,4.33
1,21,171,7500,1,1,2,3,2,240,0,0,0,1,5,2.56
0,21,173,7807,1,1,2,1,2,187,0,0,55,1,5,2.61
1,25,176,11414,1,1,1,3,2,210,0,1,4,1,3,3.68
0,20,152,4200,0,1,3,3,1,100,0,0,0,2,0,1.82
1,21,179,10500,1,1,2,2,2,243,0,1,0,1,2,3.28
0,19,174,13395,1,1,3,3,2,289,0,1,44,1,4,4.42
0,20,161,10497,1,1,3,3,2,123,0,0,34,1,4,4.05
1,17,181,5858,1,1,2,4,2,165,0,2,118,2,0,1.79
0,26,160,11080,1,1,3,3,2,261,0,0,27,1,4,4.33
0,21,174,13366,1,1,3,3,2,287,0,1,38,1,4,4.41
1,21,170,9849,1,1,2,2,2,300,0,0,60,2,2,3.41
0,21,175,7800,1,1,2,1,2,200,0,3,0,2,5,2.55
1,21,177,8000,1,1,2,1,2,200,0,2,45,1,5,2.55
0,26,163,11126,1,1,3,3,2,269,0,0,9,1,4,4.19
0,28,170,7300,0,1,3,3,2,100,0,0,0,1,1,2.53
0,22,160,8252,1,1,2,3,2,100,0,0,106,1,2,3.22
1,18,176,5107,1,1,2,3,2,100,0,0,60,1,0,1.65
1,22,170,8102,1,1,2,1,2,200,0,1,60,2,6,2.8
0,18,175,13366,1,1,3,3,2,208,0,1,44,1,4,4.36
1,22,175,5492,1,1,2,3,1,200,0,1,120,2,0,1.79
0,26,162,11081,1,1,3,3,2,161,0,0,15,1,4,4.22
1,23,180,7000,0,1,2,3,2,200,0,1,0,1,1,2.16
0,22,161,6200,1,0,3,3,2,300,0,1,60,1,1,2.39
0,25,163,10549,1,1,3,3,2,175,0,0,24,1,4,3.97
1,19,162,7000,0,1,2,1,2,200,0,1,0,1,5,2.67
1,21,190,9000,1,0,2,3,2,300,0,3,60,1,5,2.49
1,21,179,7000,0,0,1,1,2,200,0,0,60,1,1,2.18
0,38,155,8000,1,1,2,1,2,200,0,1,0,1,2,3.33
0,18,174,13374,1,1,3,3,2,286,0,1,39,1,4,4.42
1,23,170,8500,0,1,2,3,2,200,0,1,60,1,6,2.94
0,25,162,10496,1,1,3,3,2,141,0,0,33,1,4,4.0
1,18,176,5552,1,1,2,4,2,219,0,2,92,1,0,1.79
0,21,165,8000,1,0,2,3,3,300,0,1,0,2,6,2.94
1,31,182,12213,1,1,2,2,2,154,0,0,80,1,3,3.69
0,18,180,13803,1,1,3,3,2,269,0,1,44,1,4,4.26
0,22,157,6800,0,1,3,3,2,200,0,1,60,1,1,2.76
1,22,170,8955,1,1,2,1,2,200,0,0,0,1,2,3.1
1,21,171,7500,0,1,2,3,2,133,0,1,0,1,5,2.56
0,19,156,5000,0,1,2,3,1,100,0,3,0,1,1,2.05
0,21,156,5000,0,1,2,3,2,100,0,2,0,2,1,2.05
0,25,161,10292,1,1,3,3,2,102,0,0,60,1,4,3.97
0,21,162,6880,1,1,2,1,2,256,0,1,0,1,5,2.62
1,31,170,8301,1,1,2,1,2,100,0,1,0,1,6,2.87
0,20,156,4196,0,1,2,1,1,100,0,0,8,1,0,1.72
0,16,159,4336,0,1,2,3,2,291,0,2,55,1,0,1.72
1,26,175,11770,1,1,1,3,2,197,0,0,0,1,3,3.84
0,32,150,5700,0,0,2,3,2,100,0,0,0,1,5,2.53
0,25,172,5100,1,1,3,3,1,100,0,2,60,1,0,1.72
0,25,163,10495,1,1,3,3,2,103,0,0,54,1,4,3.95
0,25,161,10483,1,1,3,3,2,115,0,0,39,1,4,4.04
0,23,160,4500,0,0,3,3,1,249,1,1,46,1,0,1.76
1,26,181,11827,1,1,1,3,2,200,0,0,0,1,3,3.61
0,25,170,7800,1,1,3,3,2,300,0,0,50,0,6,2.7
1,23,170,8099,1,1,2,3,2,200,0,0,60,2,6,2.8
1,27,183,12200,1,0,1,1,1,200,0,1,0,1,3,3.64
0,20,181,15314,1,1,3,3,2,263,0,0,55,1,4,4.67
0,19,161,8200,1,1,1,3,2,181,0,0,120,1,5,3.16
1,25,178,12092,1,1,2,3,2,231,0,1,35,1,3,3.82
0,35,167,7381,1,1,3,3,2,100,0,1,0,2,5,2.65
0,20,156,5500,0,0,2,3,2,300,0,0,60,1,1,2.26
0,26,162,11198,1,1,3,3,2,277,0,0,8,1,4,4.27
0,40,156,8000,1,1,2,3,2,100,0,0,0,2,2,3.29
0,21,171,13395,1,1,3,3,2,165,0,1,54,1,4,4.58
1,23,181,10642,1,1,2,3,2,300,0,1,60,1,2,3.25
0,24,166,6000,1,1,3,4,2,200,1,1,0,1,1,2.18
1,21,162,6800,0,1,3,1,2,200,0,1,0,1,5,2.59
1,18,180,8600,1,1,3,3,2,200,0,1,0,1,6,2.65
0,18,180,14116,1,1,3,3,2,286,0,1,53,1,4,4.36
0,21,167,4998,1,1,2,3,1,179,0,2,60,1,0,1.79
1,21,169,9986,1,1,2,1,2,200,0,0,60,2,2,3.5
1,23,186,12186,1,1,3,3,2,200,0,1,0,1,3,3.52
0,23,174,13355,1,1,3,3,2,286,0,1,46,1,4,4.41
1,21,183,10513,1,1,2,3,2,229,0,0,57,1,2,3.14
1,30,176,12015,1,1,2,3,2,201,0,0,71,1,3,3.88
1,24,175,11739,1,1,1,3,2,200,0,1,37,1,3,3.83
0,17,160,5300,0,0,2,3,2,100,1,0,60,2,1,2.07
0,25,162,10475,1,1,3,3,2,123,0,0,32,1,4,3.99
0,18,164,8200,1,1,3,3,2,100,0,0,60,2,2,3.05
1,42,175,8191,1,1,2,2,2,149,0,0,0,1,3,2.67
1,39,176,11902,1,1,2,3,2,273,0,0,0,1,3,3.84
0,26,164,11148,1,1,3,3,2,254,0,0,15,1,4,4.14
0,21,171,5145,1,1,3,3,1,129,0,1,52,1,0,1.76
1,22,177,12182,1,1,2,2,2,182,0,0,0,1,3,3.89
0,21,153,6718,0,1,2,3,3,200,0,1,0,1,5,2.87
1,21,169,9857,1,1,2,2,2,200,0,0,108,1,2,3.45
0,21,162,6800,1,1,2,1,2,200,0,1,60,1,5,2.59
1,21,167,7500,1,1,2,3,1,100,0,1,0,1,5,2.69
0,19,170,8000,1,1,2,3,2,200,0,1,60,2,6,2.77
1,34,170,8472,1,1,3,3,2,200,0,0,0,2,6,2.93
0,20,166,6400,1,1,3,3,1,100,0,0,0,2,1,2.32
1,20,180,8500,0,1,3,3,2,200,0,1,60,1,6,2.62
1,30,172,6800,1,1,2,3,2,100,0,1,60,2,1,2.3
0,26,162,11188,1,1,3,3,2,255,0,0,26,1,4,4.26
0,19,177,5600,0,0,3,3,1,200,0,1,60,1,1,1.79
1,28,178,12080,1,1,2,3,2,214,0,0,80,1,3,3.81
1,17,184,6000,0,1,3,4,2,200,0,2,36,2,0,1.77
0,18,174,13366,1,1,3,3,2,286,0,1,55,1,4,4.41
0,17,160,4500,0,0,3,3,2,200,1,1,60,1,0,1.76
0,20,180,15256,1,1,3,3,2,216,0,1,5,1,4,4.71
1,21,175,7500,1,1,2,3,2,277,0,1,49,1,5,2.45
1,33,183,8300,1,1,2,1,2,300,0,2,0,1,6,2.48
1,28,177,11217,1,1,1,3,2,200,0,0,60,1,3,3.58
1,21,175,5200,1,1,2,4,1,200,0,0,120,2,0,1.7
1,19,186,8527,1,1,2,3,2,282,0,2,0,0,5,2.46
1,19,185,8766,1,1,2,3,2,242,0,2,54,1,5,2.56
1,17,170,5000,0,1,1,3,2,100,0,1,60,1,0,1.73
0,21,168,13367,1,1,3,3,2,247,0,1,40,1,4,4.74
0,26,161,11193,1,1,3,3,2,263,0,0,10,1,4,4.32
1,27,178,11315,1,1,2,3,2,202,0,0,104,1,3,3.57
0,20,156,5000,0,1,2,1,1,200,0,1,0,1,1,2.05
1,23,172,7500,1,1,3,3,1,200,0,1,60,1,5,2.54
1,23,170,5000,1,1,2,3,0,200,0,0,120,2,0,1.73
1,25,178,9379,1,1,2,1,2,200,0,0,55,1,6,2.96
1,17,171,8577,1,1,2,2,2,200,0,0,80,2,6,2.93
1,17,174,9900,1,1,2,3,2,200,0,2,0,2,2,3.27
0,25,161,10238,1,1,3,3,2,100,0,0,60,1,4,3.95
0,18,169,9067,1,1,2,3,2,184,0,0,44,1,2,3.17
0,18,153,6500,0,1,1,2,2,181,0,0,77,1,5,2.78
0,19,155,4200,0,1,3,1,2,100,0,0,60,1,0,1.75
0,21,170,13098,1,1,3,3,2,143,0,1,55,1,4,4.53
1,17,174,6500,0,1,3,3,2,100,0,0,120,2,1,2.15
0,25,162,10479,1,1,3,3,2,251,0,0,32,1,4,3.99
0,26,163,11194,1,1,3,3,2,255,0,0,9,1,4,4.21
1,29,165,8300,1,1,2,3,2,200,0,0,0,2,6,3.05
0,21,168,7774,1,1,2,2,2,200,0,0,66,0,5,2.75
0,17,163,6500,0,1,2,4,0,200,0,1,60,1,1,2.45
0,21,170,6000,0,1,2,3,2,100,0,0,60,1,1,2.08
0,18,161,8290,1,1,2,2,2,212,0,0,82,2,2,3.2
0,20,180,15243,1,1,3,3,2,236,0,0,26,1,4,4.7
1,21,161,10000,1,1,2,1,2,300,0,1,0,1,2,3.86
0,20,153,4139,0,1,3,1,1,130,1,0,55,1,0,1.77
1,21,164,6881,1,1,1,3,3,219,0,0,11,1,5,2.56
1,28,190,12923,1,1,2,3,2,188,0,1,43,1,3,3.58
1,27,170,6500,1,1,2,3,1,100,0,0,60,1,1,2.25
1,25,176,8531,1,1,3,3,2,300,0,1,31,1,6,2.75
1,17,180,9500,1,0,2,3,2,200,0,2,60,2,6,2.93
0,23,164,8484,1,1,2,2,2,200,0,0,0,1,2,3.15
0,25,166,10494,1,1,3,3,2,152,0,0,23,1,4,3.81
1,24,175,11243,1,1,1,3,2,200,0,1,37,1,3,3.67
1,22,184,6000,1,1,2,3,1,265,0,2,2,2,0,1.77
0,18,160,5500,1,1,3,3,2,100,0,3,0,1,1,2.15
1,18,170,5000,0,1,2,3,2,100,0,1,60,1,0,1.73
1,20,170,8000,1,1,2,3,1,200,0,1,60,0,6,2.77
0,22,165,5600,1,1,3,3,1,200,0,0,0,2,1,2.06
1,39,171,9919,1,1,2,3,2,280,0,1,0,1,2,3.39
1,24,175,11936,1,1,2,3,2,250,0,0,37,1,3,3.9
0,40,165,7300,1,1,3,3,1,300,0,2,0,1,2,2.68
1,21,160,6881,0,1,2,1,2,300,0,0,0,1,5,2.69
0,22,159,4391,0,0,2,2,1,198,0,2,0,2,0,1.74
0,18,174,13374,1,1,3,3,2,286,0,1,51,1,4,4.42
1,25,177,8896,1,1,2,2,2,292,0,1,50,1,6,2.84
0,19,152,4200,0,1,2,1,1,100,0,0,4,1,0,1.82
0,26,164,11186,1,1,3,3,2,262,0,0,24,1,4,4.16
1,34,176,8531,1,1,2,2,2,268,0,1,56,2,6,2.75
1,18,170,7000,1,1,2,3,1,200,0,3,60,1,1,2.42
0,22,165,8034,1,1,2,1,2,200,0,2,60,2,6,2.95
0,18,175,13390,1,1,3,3,2,286,0,1,55,1,4,4.37
1,21,162,8800,1,1,2,3,3,300,0,1,0,1,2,3.35
0,19,156,4200,0,1,3,3,1,200,0,1,0,1,0,1.73
0,21,174,13366,1,1,3,3,2,283,0,1,55,1,4,4.41
1,24,187,12104,1,1,2,3,2,117,0,0,0,1,3,3.46
1,30,178,12060,1,1,2,3,2,252,0,0,10,1,3,3.81
1,23,176,9671,1,1,2,3,2,265,0,0,120,2,2,3.12
1,24,184,12124,1,1,2,2,2,262,0,0,0,1,3,3.58
1,25,178,11243,1,1,2,3,2,200,0,0,104,1,3,3.55
1,17,175,5200,1,1,3,3,1,200,0,1,60,1,0,1.7
1,20,179,5300,0,1,2,3,2,100,0,2,60,1,0,1.65
1,17,175,5500,1,0,2,4,2,200,1,2,60,1,0,1.8
0,25,176,10479,1,1,3,3,2,144,0,0,54,1,4,3.38
1,31,186,12009,1,1,2,3,2,253,0,0,80,1,3,3.47
1,30,184,12098,1,1,3,3,2,189,0,0,0,1,3,3.57
1,18,172,8214,1,1,2,3,2,217,0,0,75,1,6,2.78
1,23,170,10281,1,1,2,2,2,156,0,0,0,1,3,3.56
0,21,174,8300,1,1,2,1,2,290,0,1,76,2,2,2.74
1,19,175,8696,1,1,2,3,2,200,0,1,58,1,5,2.84
0,18,163,8000,1,1,2,3,2,241,0,1,0,2,2,3.01
0,21,165,8000,1,1,2,3,2,200,0,0,120,2,6,2.94
1,22,183,12131,1,1,2,2,2,198,0,0,0,1,3,3.62
0,18,162,5600,1,0,2,3,1,200,0,1,0,1,1,2.13
0,18,150,5500,1,1,2,3,2,200,0,1,0,1,1,2.44
0,18,163,6400,0,0,2,3,2,200,0,1,60,1,1,2.41
0,18,155,5600,0,1,3,3,1,200,0,1,60,1,1,2.33
1,23,169,5300,0,1,2,3,2,100,0,1,0,1,1,1.86
0,26,167,11157,1,1,3,3,2,195,0,0,15,1,4,4.0
0,22,159,4400,0,0,2,1,1,134,0,0,0,2,0,1.74
1,55,165,8000,1,1,2,3,2,200,0,0,60,2,6,2.94
1,22,176,8000,1,1,2,3,2,300,0,2,60,1,5,2.58
0,26,165,11194,1,1,3,3,2,277,0,0,10,1,4,4.11
1,21,171,7200,1,1,3,3,2,200,0,1,0,1,1,2.46
1,17,176,5500,1,1,2,3,2,214,0,2,60,1,0,1.78
0,18,168,4500,0,1,3,3,2,100,0,1,60,1,0,1.59
1,27,175,12000,1,1,3,3,2,200,0,1,0,1,3,3.92
1,30,184,11826,1,1,2,3,2,218,0,0,23,1,3,3.49
0,36,165,8000,1,1,3,3,2,200,0,2,0,2,6,2.94
1,18,171,5200,0,1,2,3,2,200,0,0,60,1,0,1.78
0,25,171,7500,1,1,2,3,2,213,0,0,0,1,5,2.56
0,21,160,8800,1,1,2,3,2,300,0,3,60,2,2,3.44
0,26,163,11188,1,1,3,3,2,263,0,0,5,1,4,4.21
1,24,182,12099,1,1,2,3,2,292,0,1,33,1,3,3.65
0,22,161,4500,0,1,2,3,2,100,0,1,60,1,1,1.74
1,19,176,7600,1,1,2,3,2,300,0,2,60,0,1,2.45
0,16,156,5600,1,1,2,1,2,100,0,1,0,1,1,2.3
0,25,181,10504,1,1,3,3,2,261,0,0,35,1,4,3.21
0,21,167,6791,1,1,1,3,3,185,0,1,0,1,5,2.44
0,18,162,8614,1,1,2,1,2,179,0,1,0,2,2,3.28
0,25,163,11097,1,1,3,3,2,252,0,0,27,1,4,4.18
1,29,175,8400,1,1,3,3,2,200,0,2,60,0,6,2.74
0,23,176,4500,0,1,3,3,2,200,0,1,0,1,0,1.45
0,19,155,6600,1,1,3,3,2,200,0,3,60,1,1,2.75
1,25,176,11820,1,1,1,2,2,208,0,0,1,1,3,3.82
1,18,185,9000,1,1,2,1,2,200,0,1,120,1,2,2.63
1,19,170,5000,0,0,2,4,1,200,0,0,60,1,0,1.73
0,25,162,11082,1,1,3,3,2,152,0,0,24,1,4,4.22
0,20,173,12511,1,1,3,3,2,179,0,0,32,1,4,4.18
1,18,175,5209,1,1,2,3,2,200,0,0,99,2,0,1.7
1,23,169,9000,1,1,2,3,0,200,0,0,120,1,2,3.15
0,23,160,8259,1,1,1,1,2,191,0,0,80,1,2,3.23
0,17,165,5115,1,1,2,3,1,100,0,0,64,2,0,1.88
0,21,176,13316,1,1,3,3,2,191,0,1,49,1,4,4.3
0,18,174,13301,1,1,3,3,2,286,0,1,42,1,4,4.39
0,26,164,11194,1,1,3,3,2,268,0,0,5,1,4,4.16
1,30,178,12000,1,1,2,3,2,204,0,0,94,1,3,3.79
0,25,162,10498,1,1,3,3,2,165,0,0,42,1,4,4.0
0,25,166,10498,1,1,3,3,2,103,0,0,55,1,4,3.81
1,23,176,5160,1,1,2,3,2,235,0,2,120,1,0,1.67
1,30,167,10162,1,1,2,3,2,100,0,1,0,1,3,3.64
0,20,174,13387,1,1,3,3,2,282,0,1,45,1,4,4.42
1,27,188,12079,1,1,2,3,2,263,0,2,35,1,3,3.42
1,25,182,12099,1,1,2,3,2,300,0,1,15,1,3,3.65
1,17,164,5900,1,1,2,4,2,200,0,2,60,2,0,2.19
1,24,170,8301,1,1,2,2,2,180,0,0,42,1,6,2.87
0,20,175,13367,1,1,3,3,2,285,0,1,54,1,4,4.36
1,17,170,8500,1,1,3,3,2,200,0,1,60,1,6,2.94
0,23,166,6000,1,1,2,3,0,200,0,1,0,1,1,2.18
1,30,177,12124,1,1,2,3,2,262,0,0,21,1,3,3.87
1,18,174,8600,1,1,3,3,2,200,0,2,0,1,6,2.84
1,21,166,9979,1,1,2,3,2,202,0,1,0,2,3,3.62
1,26,169,9854,1,1,2,2,2,284,0,0,71,1,3,3.45
0,19,173,13087,1,1,3,3,2,164,0,1,40,1,4,4.37
0,17,169,6000,1,1,3,3,0,100,0,2,120,2,1,2.1
1,25,176,11779,1,1,2,3,2,202,0,1,41,1,3,3.8
0,38,156,7500,1,1,3,3,2,100,0,0,0,0,2,3.08
1,22,170,8200,1,1,2,1,2,210,0,0,113,1,2,2.84
1,18,172,5251,0,1,3,3,2,200,0,0,113,1,0,1.77
0,26,164,11192,1,1,3,3,2,268,0,0,5,1,4,4.16
1,22,175,5188,0,0,2,3,1,205,0,1,36,1,0,1.69
1,17,176,9700,0,1,2,3,2,200,0,2,60,2,2,3.13
1,30,184,12372,1,1,2,3,2,230,0,0,0,1,3,3.65
0,21,169,13226,1,1,3,3,2,195,0,1,57,1,4,4.63
0,16,172,4337,0,1,2,3,2,129,0,0,49,1,0,1.47
1,37,177,8431,1,1,2,3,2,200,0,1,0,1,6,2.69
0,16,160,4500,0,1,2,3,2,300,0,2,57,1,0,1.76
0,18,160,5800,1,0,3,3,2,200,0,0,0,2,1,2.27
1,20,169,10370,1,1,2,2,2,187,0,1,0,2,2,3.63
1,21,185,7500,1,1,2,3,2,100,0,1,0,1,1,2.19
1,30,176,12077,1,1,2,3,2,214,0,0,28,1,3,3.9
1,24,160,10084,1,1,2,1,2,100,0,1,42,2,3,3.94
1,26,183,8798,1,1,2,3,2,120,0,2,0,1,5,2.63
1,23,171,7500,1,1,2,3,2,200,0,0,120,1,5,2.56
0,25,173,4980,1,1,3,3,2,247,0,0,60,1,0,1.66
0,22,155,5100,1,0,2,3,1,200,0,0,60,2,0,2.12
1,20,173,7000,1,1,2,3,2,200,0,0,60,1,1,2.34
1,30,190,12993,1,1,2,3,2,112,0,1,0,1,3,3.6
0,26,160,4500,0,1,3,3,2,200,0,2,60,1,0,1.76
0,26,164,11194,1,1,3,3,2,277,0,0,9,1,4,4.16
0,23,160,7500,1,1,2,3,2,200,0,1,60,1,5,2.93
0,18,173,13366,1,1,3,3,2,283,0,1,46,1,4,4.47
0,19,160,4500,0,1,3,3,1,100,1,1,0,1,0,1.76
0,17,154,6400,0,1,2,3,2,200,0,1,60,2,1,2.7
0,19,175,4969,0,0,1,3,1,107,0,2,0,1,0,1.62
1,22,170,8099,1,1,2,3,2,200,0,2,73,2,6,2.8
1,21,180,6650,0,1,3,1,3,200,0,1,0,1,1,2.05
0,21,172,13395,1,1,3,3,2,284,0,1,34,1,4,4.53
0,25,166,11080,1,1,3,3,2,270,0,0,24,1,4,4.02
1,20,165,8000,1,0,2,3,2,200,0,1,60,1,6,2.94
1,18,170,5600,0,0,3,3,2,200,0,3,0,1,1,1.94
0,26,166,11193,1,1,3,3,2,272,0,0,5,1,4,4.06
1,30,175,10934,1,1,2,3,2,100,0,0,0,2,3,3.57
0,26,165,11195,1,1,3,3,2,277,0,0,9,1,4,4.11
1,25,170,10236,1,1,2,3,2,100,0,1,0,1,3,3.54
0,19,166,6000,1,0,3,3,2,300,0,2,0,2,1,2.18
1,24,170,10291,1,1,2,2,2,100,0,0,60,2,3,3.56
0,23,168,7843,1,1,3,1,2,249,0,0,75,1,6,2.78
1,31,170,10258,1,1,2,2,2,100,0,1,0,2,3,3.55
1,23,183,11400,1,1,2,3,2,300,0,1,120,1,2,3.4
0,21,174,13367,1,1,3,3,2,286,0,1,51,1,4,4.42
1,31,184,12679,1,1,2,3,2,238,0,0,54,1,3,3.74
0,27,154,7100,1,1,2,3,2,200,1,0,0,1,6,2.99
1,30,183,12996,1,1,2,3,2,198,0,1,0,1,3,3.88
1,32,169,10281,1,1,2,3,2,100,0,1,60,2,3,3.6
1,24,169,9962,1,1,2,1,2,200,0,0,101,2,3,3.49
0,22,158,4475,0,0,2,3,1,267,1,2,0,1,0,1.79
0,18,174,13316,1,1,3,3,2,283,0,1,56,1,4,4.4
1,23,170,7800,1,1,2,3,1,100,0,0,120,0,6,2.7
1,40,178,10801,1,1,2,2,2,280,0,1,0,2,2,3.41
0,22,160,6000,1,1,3,3,2,200,0,0,60,1,1,2.34
1,21,184,10513,1,1,2,3,2,263,0,0,24,1,2,3.11
1,30,176,11222,1,1,1,3,2,207,0,0,0,1,3,3.62
1,23,176,12080,1,1,2,2,2,217,0,1,16,1,3,3.9
1,30,178,11201,1,1,1,3,2,200,0,0,6,1,3,3.54
1,25,181,8526,1,1,2,3,2,280,0,0,8,1,5,2.6
0,19,179,14210,1,1,3,3,2,237,0,1,52,1,4,4.43
0,22,160,8200,1,1,2,1,2,200,0,0,0,1,2,3.2
1,17,172,8300,1,0,2,3,2,200,0,1,60,1,6,2.81
1,27,178,11210,1,1,1,3,2,200,0,0,43,1,3,3.54
1,26,183,12100,0,0,3,3,2,200,0,1,0,1,3,3.61
0,19,160,4500,0,0,2,3,2,200,1,1,0,1,0,1.76
0,22,163,8200,1,1,2,3,2,300,0,2,0,1,2,3.09
1,23,169,6200,1,1,3,3,2,200,0,1,0,1,1,2.17
1,20,175,8500,1,0,2,3,2,300,0,3,0,1,6,2.78
0,21,174,13133,1,1,3,3,2,102,0,1,55,1,4,4.34
1,22,170,10062,1,1,2,1,2,200,0,0,103,2,2,3.48
1,31,175,7300,1,1,3,3,1,200,0,1,0,1,1,2.38
1,22,179,5725,1,1,2,4,2,253,0,2,113,1,0,1.79
1,23,170,7500,1,0,3,3,1,200,0,1,60,1,5,2.6
0,38,151,7946,1,1,2,2,2,100,0,0,0,1,2,3.48
1,22,172,5113,1,1,2,3,1,127,0,0,0,2,0,1.73
1,33,167,8328,1,1,2,2,2,199,0,1,0,2,6,2.99
0,19,174,13211,1,1,3,3,2,285,0,1,48,1,4,4.36
0,24,165,11377,1,1,3,3,2,251,0,0,31,1,4,4.18
0,22,162,8200,1,1,1,1,2,100,0,0,20,1,2,3.12
0,25,161,10503,1,1,3,3,2,196,0,0,26,1,4,4.05
1,21,165,6500,1,1,3,3,2,200,0,1,0,1,1,2.39
0,19,166,4993,1,1,2,3,2,200,0,0,60,1,0,1.81
1,28,172,8398,1,1,2,3,2,100,0,0,0,2,5,2.84
1,18,170,8500,1,1,3,3,1,200,0,1,60,1,6,2.94
1,26,182,11829,1,1,2,3,2,211,0,0,0,1,3,3.57
1,21,175,5600,0,1,3,1,1,200,0,0,0,2,0,1.83
1,32,177,10220,1,1,2,2,2,100,0,1,0,2,3,3.26
1,23,172,7500,1,1,2,3,2,200,0,0,120,1,5,2.54
0,21,155,5800,0,1,2,1,2,300,0,1,60,2,1,2.41
0,28,164,7351,1,1,2,2,2,215,0,0,0,1,5,2.73
0,18,177,13785,1,1,3,3,2,296,0,1,23,1,4,4.4
0,26,166,10477,1,1,3,3,2,152,0,0,37,1,4,3.8
0,25,180,10549,1,1,3,3,2,235,0,0,33,1,4,3.26
1,22,175,5600,0,1,3,3,1,200,0,2,0,1,0,1.83
1,23,186,10500,1,1,2,3,2,200,0,0,60,2,2,3.04
0,21,171,13098,1,1,3,3,2,131,0,1,54,1,4,4.48
0,18,176,13346,1,1,3,3,2,284,0,1,44,1,4,4.31
1,17,185,9541,1,1,1,2,2,200,0,1,29,1,6,2.79
1,26,181,8500,1,1,3,3,2,282,0,1,7,1,5,2.59
1,29,191,12923,1,1,2,3,2,129,0,1,0,1,3,3.54
1,40,174,10988,1,1,2,3,2,100,0,1,0,2,3,3.63
1,30,178,10900,1,1,2,3,2,100,0,2,0,1,3,3.44
1,17,180,5000,1,1,2,4,1,100,0,2,60,2,0,1.54
0,43,164,8674,1,1,2,3,2,216,0,0,0,2,2,3.23
0,21,165,13395,1,1,3,3,2,295,0,1,49,1,4,4.92
1,21,162,7000,0,1,2,1,2,300,0,2,0,2,5,2.67
0,20,173,13294,1,1,3,3,2,283,0,1,46,1,4,4.44
0,26,162,10483,1,1,3,3,2,253,0,0,33,1,4,3.99
1,31,170,10106,1,1,2,3,2,214,0,1,0,1,3,3.5
1,22,175,5600,1,0,2,3,2,200,0,2,0,1,0,1.83
1,17,178,5700,1,1,2,4,1,200,0,2,60,1,0,1.8
1,20,176,9000,0,0,3,3,2,300,0,1,0,1,6,2.91
0,19,160,4500,0,1,2,3,1,300,1,1,45,1,0,1.76
1,18,171,5200,1,1,2,3,2,200,0,0,36,1,0,1.78
1,25,183,12064,1,1,2,3,2,211,0,1,15,1,3,3.6
1,18,170,7562,1,1,2,3,2,200,0,0,80,1,5,2.62
0,22,174,5159,1,1,3,3,1,245,0,1,39,2,0,1.7
0,26,164,11191,1,1,3,3,2,286,0,0,5,1,4,4.16
0,17,155,5600,0,1,3,3,2,300,0,1,120,1,1,2.33
0,18,174,13377,1,1,3,3,2,261,0,1,46,1,4,4.42
0,26,165,11193,1,1,3,3,2,277,0,0,9,1,4,4.11
1,23,165,9380,1,1,2,3,1,100,0,0,60,1,2,3.45
1,22,171,8200,1,1,1,1,2,200,0,0,77,2,6,2.8
0,20,163,8400,1,1,2,1,2,300,0,1,0,2,2,3.16
1,22,165,8000,1,1,2,3,2,200,0,3,60,2,6,2.94
0,19,160,4500,0,0,3,3,1,232,0,1,0,2,0,1.76
1,24,179,12091,1,1,2,3,2,282,0,1,42,1,3,3.77
0,17,157,5500,1,1,2,3,2,200,0,2,60,1,1,2.23
0,23,161,8258,1,1,2,2,2,100,0,0,80,2,2,3.19
1,24,185,10000,1,1,2,1,2,100,0,1,0,1,3,2.92
1,25,177,11283,1,1,1,3,2,200,0,1,0,1,3,3.6
0,18,164,4900,1,1,3,3,1,200,0,0,120,1,0,1.82
0,26,162,11080,1,1,3,3,2,270,0,0,16,1,4,4.22
0,25,164,10479,1,1,3,3,2,165,0,0,9,1,4,3.9
0,26,164,11182,1,1,3,3,2,255,0,0,5,1,4,4.16
0,18,176,5450,1,0,3,3,2,200,0,1,120,1,0,1.76
0,23,165,7000,1,1,3,1,1,200,0,0,60,1,5,2.57
0,19,169,4964,0,0,1,4,1,100,0,2,60,1,0,1.74
1,24,179,10162,1,1,2,1,2,101,0,1,37,2,3,3.17
0,23,164,5900,1,1,2,3,2,100,0,2,60,2,1,2.19
1,19,170,7946,1,1,2,2,2,100,0,0,60,0,6,2.75
1,25,175,11200,1,1,1,3,2,200,0,0,60,1,3,3.66
0,19,172,13152,1,1,3,3,2,122,0,1,49,1,4,4.45
1,19,170,5000,0,1,3,3,1,200,0,2,60,1,0,1.73
0,20,178,7800,1,1,3,3,1,100,0,3,0,2,1,2.46
0,25,159,10278,1,1,3,3,2,195,0,0,32,1,4,4.07
1,30,175,11815,1,1,2,3,2,215,0,1,104,1,3,3.86
1,23,171,8331,1,1,2,2,2,114,0,1,49,1,6,2.85
1,30,175,11201,1,1,1,3,2,200,0,1,1,1,3,3.66
0,34,166,7739,1,0,3,1,2,108,0,0,42,2,6,2.81
0,19,159,5600,0,1,3,3,2,200,0,1,0,1,1,2.22
1,23,175,11908,1,1,2,3,2,199,0,1,0,1,3,3.89
1,21,170,7500,1,1,2,3,2,211,0,0,35,1,5,2.6
1,24,160,10064,1,1,2,1,2,101,0,1,99,2,3,3.93
1,19,168,4966,1,0,1,3,1,200,0,1,120,1,0,1.76
1,21,162,7000,1,1,2,1,2,300,0,1,0,1,5,2.67
1,31,170,10504,1,1,2,2,2,300,0,1,0,1,2,3.63
1,21,173,7800,1,0,1,1,2,194,0,0,0,2,6,2.61
0,38,155,5900,0,1,3,1,1,100,0,2,0,1,0,2.46
0,20,152,4200,0,0,3,1,1,100,0,0,0,1,0,1.82
0,23,160,8352,1,1,2,1,2,297,0,0,42,2,2,3.26
1,25,171,11287,1,1,1,3,2,200,0,1,0,1,3,3.86
0,17,160,5000,0,1,1,3,1,200,0,0,120,1,1,1.95
1,25,177,11406,1,1,2,3,2,204,0,1,51,1,3,3.64
0,22,156,7899,1,1,2,1,2,300,0,1,0,2,2,3.25
1,27,177,11283,1,1,1,3,2,200,0,1,0,1,3,3.6
0,21,174,13361,1,1,3,3,2,247,0,1,48,1,4,4.41
1,17,179,5602,1,1,2,4,2,242,0,1,0,2,0,1.75
1,31,184,12507,1,1,2,3,2,214,0,0,1,1,3,3.69
1,23,175,11908,1,1,1,3,2,204,0,1,0,1,3,3.89
0,18,175,7967,1,1,2,1,2,264,0,0,44,2,6,2.6
1,21,153,6285,0,1,2,2,2,161,0,0,28,2,0,2.68
1,25,170,10208,1,1,2,3,2,100,0,1,1,1,3,3.53
0,23,166,8378,1,1,2,1,2,277,0,0,0,2,2,3.04
1,24,179,11631,1,1,1,3,2,200,0,0,53,1,3,3.63
0,19,164,4900,1,1,2,3,1,200,0,2,60,1,0,1.82
0,27,161,6640,0,1,3,1,2,300,0,1,120,1,5,2.56
0,26,163,6600,0,0,3,3,2,100,0,2,0,0,5,2.48
0,21,171,13157,1,1,3,3,2,261,0,1,39,1,4,4.5
1,23,187,12124,1,1,2,2,2,198,0,0,0,1,3,3.47
0,21,172,13390,1,1,3,3,2,283,0,1,40,1,4,4.53
1,18,171,5155,0,1,1,3,2,200,0,0,60,1,0,1.76
1,23,170,9050,1,1,2,3,2,153,0,0,0,2,2,3.13
0,23,165,7817,1,1,2,1,2,100,0,0,108,1,6,2.87
0,18,160,8200,1,1,1,1,2,100,0,1,0,1,2,3.2
0,37,165,8000,1,1,2,2,2,100,0,1,0,1,2,2.94
0,18,166,5000,1,1,3,3,2,200,0,0,60,2,1,1.81
1,34,170,8300,1,1,2,3,2,200,0,1,0,2,6,2.87
1,26,184,8904,1,1,2,3,2,261,0,0,0,1,5,2.63
0,20,172,13104,1,1,3,3,2,141,0,1,55,1,4,4.43
0,22,165,6000,0,1,2,3,2,300,0,2,60,1,1,2.2
0,18,158,8301,1,1,2,3,2,119,0,1,0,1,2,3.33
0,26,170,7500,1,1,3,3,2,100,0,1,0,1,5,2.6
1,21,163,7000,0,0,2,1,2,200,0,1,120,1,5,2.63
1,26,181,11615,1,1,2,3,2,200,0,0,105,1,3,3.55
1,35,170,9671,1,1,2,2,2,268,0,1,53,2,2,3.35
1,21,180,7500,1,1,2,4,1,200,0,3,60,0,5,2.31
1,23,172,7500,1,1,2,3,1,200,0,0,120,1,5,2.54
0,21,174,13366,1,1,3,3,2,270,0,1,43,1,4,4.41
1,23,172,7500,1,1,2,3,1,200,0,0,60,1,5,2.54
1,22,179,8999,1,1,2,1,2,213,0,0,111,1,2,2.81
1,18,170,7800,0,1,2,3,2,200,0,1,60,1,6,2.7
0,20,176,12811,1,1,3,3,2,272,0,1,55,1,4,4.14
1,27,175,11200,1,1,2,3,0,200,0,0,60,0,3,3.66
1,27,170,8395,1,1,2,2,2,200,0,0,59,1,6,2.9
1,21,184,7500,1,1,2,3,2,213,0,2,0,1,5,2.22
1,21,169,7500,1,1,2,3,2,100,0,1,0,1,5,2.63
0,19,172,8000,1,1,2,3,2,200,0,1,60,1,6,2.7
0,18,173,11192,1,1,3,3,2,251,0,0,8,1,4,3.74
1,25,166,10278,1,1,2,1,2,133,0,0,60,2,3,3.73
0,26,162,10669,1,1,3,3,2,256,0,0,34,1,4,4.07
0,20,166,8000,1,1,2,1,2,200,0,2,60,2,6,2.9
0,25,168,10459,1,1,3,3,2,138,0,0,54,1,4,3.71
0,17,167,6700,1,1,1,1,2,100,0,0,120,1,6,2.4
1,22,171,9919,1,1,2,1,2,237,0,0,60,1,3,3.39
0,25,167,10495,1,1,3,3,2,166,0,0,54,1,4,3.76
1,31,183,7500,1,1,3,3,1,200,1,3,60,1,5,2.24
0,26,162,11081,1,1,3,3,2,270,0,0,8,1,4,4.22
0,21,177,13347,1,1,3,3,2,232,0,1,49,1,4,4.26
1,29,183,9694,1,1,2,3,2,285,0,0,40,1,6,2.89
0,26,155,6300,0,1,2,3,2,200,0,0,0,1,5,2.62
0,24,160,6000,1,0,2,3,2,100,0,0,0,1,1,2.34
0,18,180,15247,1,1,3,3,2,230,0,1,56,1,4,4.71
1,18,182,10893,1,1,2,1,2,245,0,1,93,2,2,3.29
1,18,175,7000,0,1,2,3,2,200,0,2,60,1,1,2.29
1,23,182,9758,1,1,2,2,2,209,0,0,104,1,3,2.95
1,18,182,10825,1,1,2,1,2,287,0,1,60,1,2,3.27
1,22,170,8000,1,1,2,1,2,300,0,3,0,2,2,2.77
1,23,175,11631,1,1,1,3,2,200,0,0,52,1,3,3.8
0,21,152,4353,0,0,2,3,1,272,0,1,4,2,0,1.88
0,19,165,8867,1,1,2,1,2,300,0,1,60,1,2,3.26
0,25,159,4800,0,1,2,3,0,200,0,0,0,1,1,1.9
0,25,162,10255,1,1,3,3,2,181,0,0,38,1,4,3.91
1,19,180,8500,1,1,2,3,2,300,0,3,60,1,5,2.62
1,21,172,5300,0,1,2,3,1,200,0,0,120,1,0,1.79
1,24,181,11856,1,1,1,2,2,200,0,1,0,1,3,3.62
1,23,183,9758,1,1,2,2,2,200,0,2,75,2,2,2.91
0,25,164,10483,1,1,3,3,2,263,0,0,42,1,4,3.9
1,25,176,11538,1,1,1,3,2,204,0,1,23,1,3,3.72
1,18,171,5000,1,1,1,3,2,200,0,1,113,1,0,1.71
1,29,183,11842,1,1,2,3,2,183,0,0,0,1,3,3.54
1,31,176,12020,1,1,2,3,2,214,0,1,15,1,3,3.88
0,21,155,5600,0,1,1,3,2,200,0,0,120,1,1,2.33
1,22,178,5569,1,1,2,4,1,200,0,0,120,1,0,1.76
1,30,186,12372,1,1,2,3,2,229,0,0,62,1,3,3.58
0,22,163,8200,1,1,2,3,2,292,0,0,0,2,2,3.09
0,25,158,4500,0,0,2,3,1,200,0,0,60,1,1,1.8
1,23,170,6500,1,1,2,3,2,200,0,1,60,1,1,2.25
1,23,181,9149,1,1,1,3,2,108,0,0,60,1,6,2.79
0,18,159,4800,0,1,2,3,0,100,0,2,0,2,1,1.9
0,17,170,5000,0,1,2,3,1,100,0,2,60,1,0,1.73
1,18,178,10824,1,1,2,3,2,264,0,2,0,1,2,3.42
0,18,175,5582,1,1,2,3,2,237,0,2,92,2,0,1.82
0,26,163,11188,1,1,3,3,2,258,0,0,13,1,4,4.21
1,30,167,10154,1,1,2,2,2,100,0,1,0,1,3,3.64
1,22,186,12173,1,1,2,2,2,156,0,0,0,1,3,3.52
1,20,164,10318,1,1,2,1,2,100,0,1,0,2,3,3.84
0,18,170,5000,0,1,2,3,1,200,0,2,60,2,0,1.73
0,21,166,6000,0,1,3,3,2,200,0,1,0,2,1,2.18
1,29,178,7800,0,0,2,3,2,200,1,1,0,1,1,2.46
1,39,176,11512,1,1,2,3,2,209,0,1,0,1,3,3.72
0,24,165,7900,0,1,2,1,2,200,0,1,60,1,6,2.9
1,31,176,11631,1,1,2,1,2,200,0,0,0,1,3,3.75
0,18,154,4153,0,1,2,1,2,106,0,0,42,1,0,1.75
0,26,163,11194,1,1,3,3,2,263,0,0,5,1,4,4.21
0,16,162,5900,0,1,2,1,2,100,0,1,60,2,1,2.25
1,17,171,5000,0,1,2,3,2,100,1,0,118,1,0,1.71
0,21,164,6300,1,1,3,3,2,200,0,1,120,2,1,2.34
1,23,165,8000,1,0,2,3,2,300,0,1,0,1,6,2.94
0,25,163,6000,1,0,3,3,2,200,0,1,0,1,1,2.26
0,19,159,4500,0,0,3,3,1,100,0,1,0,1,0,1.78
0,25,162,10482,1,1,3,3,2,108,0,0,54,1,4,3.99
1,22,168,8999,1,1,2,1,2,200,0,0,86,1,6,3.19
0,26,163,10494,1,1,3,3,2,257,0,0,24,1,4,3.95
1,19,185,8500,0,1,2,3,2,200,0,2,120,1,5,2.48
1,25,176,11738,1,1,1,3,2,200,0,1,23,1,3,3.79
0,19,170,4500,0,0,3,3,1,200,0,1,0,2,0,1.56
1,24,170,7500,1,0,3,3,1,200,0,1,0,1,1,2.6
1,36,176,9891,1,1,2,2,2,290,0,2,0,2,2,3.19
0,21,174,13380,1,1,3,3,2,289,0,1,40,1,4,4.42
0,18,170,5000,0,0,3,4,1,100,0,2,0,1,0,1.73
1,19,180,10500,1,1,2,3,2,300,0,2,0,1,2,3.24
1,18,175,5200,0,1,3,1,2,200,0,0,60,1,0,1.7
1,27,170,7800,1,0,2,3,1,300,0,2,0,2,6,2.7
0,40,156,7967,1,1,2,3,2,193,0,0,0,1,2,3.27
0,25,164,10418,1,1,3,3,2,148,0,0,32,1,4,3.87
1,32,176,10252,1,1,2,2,2,100,0,1,0,2,3,3.31
1,17,175,8000,1,0,2,1,1,200,0,1,60,1,6,2.61
1,20,184,6000,1,1,3,3,2,200,0,2,15,1,0,1.77
0,21,178,13785,1,1,3,3,2,270,0,1,55,1,4,4.35
1,24,174,8319,1,1,2,2,2,244,0,0,44,1,6,2.75
1,33,180,8500,1,1,2,3,1,200,0,1,120,2,6,2.62
1,33,176,8300,1,1,3,1,1,200,0,2,0,2,6,2.68
1,27,179,12064,1,1,2,3,2,201,0,1,12,1,3,3.77
1,21,171,7500,1,1,2,3,2,100,0,0,120,1,5,2.56
1,24,187,12182,1,1,2,2,2,159,0,0,0,1,3,3.48
1,23,179,11689,1,1,1,3,2,200,0,0,45,1,3,3.65
0,17,157,6500,1,1,2,1,2,200,0,2,120,2,6,2.64
0,21,173,5000,1,1,1,3,1,101,0,0,55,1,0,1.67
1,17,175,5500,1,1,2,4,2,294,0,2,120,1,0,1.8
1,21,183,11400,1,1,2,3,2,300,0,1,120,1,2,3.4
1,30,176,12054,1,1,2,3,2,200,0,0,53,1,3,3.89
0,18,164,5900,0,1,2,3,2,200,0,1,60,2,1,2.19
1,30,182,12098,1,1,3,3,2,200,0,0,62,1,3,3.65
1,18,170,7500,1,1,3,3,1,200,0,1,60,0,5,2.6
0,19,171,4476,0,0,3,3,1,230,0,1,50,2,0,1.53
1,33,175,8631,1,1,2,3,2,200,0,1,0,2,6,2.82
1,20,170,7500,0,1,3,3,2,200,0,3,60,2,1,2.6
0,23,154,6400,0,1,2,3,2,100,0,0,0,2,6,2.7
0,16,159,4431,0,0,2,3,1,262,1,1,0,2,0,1.75
0,16,158,4400,0,1,2,1,1,200,0,1,0,2,0,1.76
1,22,170,7500,1,1,3,3,1,200,1,1,60,1,5,2.6
1,23,187,6480,1,1,2,3,2,100,0,1,0,1,0,1.85
0,20,170,8000,1,1,2,1,2,200,0,1,53,2,6,2.77
0,18,160,8300,1,1,2,3,2,100,0,1,60,2,2,3.24
1,28,177,11308,1,1,2,3,2,208,0,1,17,1,3,3.61
1,18,168,6800,0,1,2,3,2,200,0,1,0,2,1,2.41
0,38,156,7760,1,1,2,3,2,185,0,0,0,1,2,3.19
0,21,174,14430,1,1,3,3,2,220,0,1,50,1,4,4.77
0,26,162,11188,1,1,3,3,2,276,0,0,8,1,4,4.26
1,27,170,6800,1,0,3,3,2,100,0,0,0,1,1,2.35
0,25,166,10500,1,1,3,3,2,132,0,1,41,1,4,3.81
1,23,162,8263,1,1,2,2,2,204,0,0,0,2,2,3.15
0,25,156,7796,1,1,2,3,2,263,0,0,0,1,2,3.2
0,33,166,7400,1,1,2,3,2,300,0,1,0,2,5,2.69
0,18,160,6000,1,1,2,3,2,200,0,1,0,2,1,2.34
1,24,182,12054,1,1,2,3,2,215,0,1,0,1,3,3.64
0,20,184,4500,0,1,3,3,1,100,0,1,0,1,0,1.33
0,24,150,6500,1,0,2,3,2,200,0,0,60,2,6,2.89
1,22,169,7592,1,1,2,3,2,199,0,0,60,1,5,2.66
0,21,152,4200,0,1,3,1,1,176,0,0,0,2,0,1.82
0,21,161,6612,0,1,2,3,2,163,0,1,32,1,5,2.55
1,23,178,6400,1,1,2,3,2,200,0,1,0,2,1,2.02
1,23,175,11770,1,1,1,1,2,200,0,1,80,1,3,3.84
0,23,160,8400,1,1,2,3,2,200,0,0,120,1,2,3.28
0,26,162,11287,1,1,3,3,2,298,0,0,26,1,4,4.3
0,24,159,4200,0,1,2,1,2,100,0,2,60,2,1,1.66
0,18,160,4800,0,1,2,3,2,100,0,1,0,1,1,1.87
0,21,173,13133,1,1,3,3,2,179,0,1,56,1,4,4.39
1,47,174,8472,1,1,2,3,2,114,0,1,0,2,6,2.8
1,18,170,5100,1,1,2,3,1,200,0,1,120,1,0,1.76
1,18,172,8000,1,1,2,3,1,200,0,2,60,1,6,2.7
0,22,166,5600,0,1,3,3,1,200,1,1,0,1,1,2.03
0,26,161,11188,1,1,3,3,2,262,0,0,7,1,4,4.32
0,26,166,11287,1,1,3,3,2,298,0,0,10,1,4,4.1
0,26,170,8000,1,1,2,3,0,200,0,0,120,2,5,2.77
0,26,162,11079,1,1,3,3,2,270,0,0,26,1,4,4.22
1,23,177,11920,1,1,2,3,2,215,0,1,0,1,3,3.8
1,23,174,7200,1,0,1,4,1,200,0,2,60,1,1,2.38
0,20,163,5800,1,1,3,3,2,100,0,1,60,2,1,2.18
0,22,162,6200,0,1,3,3,2,200,0,1,0,1,1,2.36
0,19,152,4200,1,1,3,3,1,100,0,0,0,1,4,1.82
1,31,175,11833,1,1,2,3,2,129,0,1,0,1,3,3.86
0,22,164,8867,1,1,2,1,2,300,0,0,62,2,2,3.3
1,34,169,8053,1,1,2,1,2,200,0,1,0,2,6,2.82
1,25,185,7500,1,1,2,3,2,200,0,1,60,1,1,2.19
0,22,160,8252,1,1,2,1,2,228,0,0,120,2,2,3.22
0,21,174,13384,1,1,3,3,2,286,0,1,40,1,4,4.42
0,25,166,10484,1,1,3,3,2,163,0,0,35,1,4,3.8
1,32,170,10252,1,1,2,2,2,100,0,1,0,2,3,3.55
0,26,161,11194,1,1,3,3,2,274,0,0,15,1,4,4.32
0,21,171,7500,1,1,2,3,2,241,0,0,25,1,5,2.56
1,33,170,8400,1,0,2,3,2,200,0,3,0,2,6,2.91
1,39,176,11920,1,1,2,3,2,228,0,0,0,1,3,3.85
1,31,175,12511,1,1,2,3,2,100,0,0,65,1,3,4.09
0,26,166,11127,1,1,3,3,2,262,0,0,5,1,4,4.04
0,25,162,10482,1,1,3,3,2,103,0,0,43,1,4,3.99
0,26,162,11194,1,1,3,3,2,273,0,0,4,1,4,4.27
1,22,165,8000,1,1,2,1,2,200,0,1,0,2,5,2.94
0,19,155,3969,0,1,1,3,2,198,0,2,85,1,0,1.65
1,18,171,5000,0,0,1,3,2,100,0,0,60,1,0,1.71
1,31,175,11843,1,1,2,3,2,200,0,0,60,1,3,3.87
1,30,176,11840,1,1,2,3,2,217,0,0,0,1,3,3.82
1,17,185,8500,1,1,2,3,2,300,0,2,60,1,5,2.48
1,19,152,4200,0,1,3,1,1,100,0,0,0,1,0,1.82
0,26,162,11155,1,1,3,3,2,270,0,0,24,1,4,4.25
1,20,187,10501,1,1,2,3,2,213,0,1,0,1,2,3.0
0,18,173,5007,0,1,1,3,2,200,0,0,97,1,0,1.67
1,21,170,9854,1,1,2,2,2,200,0,0,79,2,2,3.41
0,19,152,4200,0,1,3,1,2,200,0,0,0,1,0,1.82
1,24,161,9920,1,1,2,1,2,100,0,0,75,2,3,3.83
1,22,173,9694,1,1,2,3,2,200,0,2,60,2,2,3.24
0,37,150,7620,1,1,2,1,2,297,0,0,0,1,2,3.39
0,26,160,11193,1,1,3,3,2,277,0,0,3,1,4,4.37
1,18,180,7200,0,1,3,3,1,300,0,1,60,1,1,2.22
1,30,184,12372,1,1,2,3,2,215,0,0,0,1,3,3.65
0,18,158,4020,0,1,2,1,2,100,1,0,60,1,0,1.61
0,22,166,6500,1,1,2,3,2,200,0,1,60,2,6,2.36
1,21,172,9409,1,1,2,2,2,200,0,2,76,2,2,3.18
1,18,181,5552,0,1,2,3,2,200,0,1,60,2,0,1.69
0,21,168,5300,1,1,2,3,1,100,0,1,60,1,1,1.88
1,19,180,7200,1,1,2,3,2,200,0,2,60,1,1,2.22
1,22,172,6800,1,1,2,1,2,200,0,1,60,1,1,2.3
1,30,176,11813,1,1,2,3,2,208,0,0,0,1,3,3.81
0,26,158,7800,0,0,2,1,3,300,0,1,120,0,5,3.12
0,25,164,11016,1,1,3,3,2,274,0,1,44,1,4,4.1
1,21,178,7000,1,1,2,3,2,200,0,0,60,1,1,2.21
0,22,174,8000,1,1,2,1,2,100,0,0,65,2,6,2.64
0,26,162,11010,1,1,3,3,2,264,0,0,25,1,4,4.2
1,18,165,7000,0,1,3,3,1,200,0,1,60,2,1,2.57
1,31,182,12750,1,1,3,3,2,127,0,1,26,1,3,3.85
0,26,162,11191,1,1,3,3,2,268,0,0,25,1,4,4.26
1,23,175,9529,1,1,2,3,2,273,0,3,120,2,2,3.11
0,21,160,6500,1,0,2,3,2,100,0,1,60,2,6,2.54
0,20,170,5000,0,1,2,4,1,100,0,2,60,1,0,1.73
1,19,177,8700,1,0,2,3,2,300,0,1,60,1,5,2.78
0,26,161,11009,1,1,3,3,2,247,0,0,46,1,4,4.25
1,33,178,8728,1,1,2,2,2,281,0,2,0,2,6,2.75
0,26,157,7800,1,1,3,3,2,200,0,0,0,2,2,3.16
0,18,154,4500,1,0,3,3,2,200,1,3,120,2,0,1.9
1,27,182,12034,1,1,2,3,2,262,0,0,32,1,3,3.63
1,21,165,9601,1,1,2,1,2,200,0,0,7,2,2,3.53
1,25,176,11307,1,1,1,3,2,200,0,1,0,1,3,3.65
1,20,170,10209,1,1,2,1,2,100,0,0,60,2,3,3.53
0,18,161,6400,1,1,2,3,2,100,0,1,60,1,1,2.47
0,23,167,6700,1,1,3,3,2,200,0,3,60,1,1,2.4
0,18,180,14116,1,1,3,3,2,216,0,1,27,1,4,4.36
1,18,184,8500,1,1,2,1,2,274,0,1,0,1,6,2.51
1,21,169,9857,1,1,2,2,2,200,0,0,108,2,2,3.45
0,26,163,11192,1,1,3,3,2,278,0,0,13,1,4,4.21
0,26,160,10200,1,1,3,3,0,100,0,0,0,1,4,3.98
0,19,152,4200,1,1,3,1,2,100,0,0,0,1,0,1.82
1,25,177,11307,1,1,1,3,2,200,0,1,0,1,3,3.61
0,25,165,10495,1,1,3,3,2,177,0,0,35,1,4,3.85
0,26,165,11193,1,1,3,3,2,277,0,0,5,1,4,4.11
1,25,183,11732,1,1,2,3,2,237,0,1,1,1,3,3.5
0,26,164,11184,1,1,3,3,2,255,0,0,13,1,4,4.16
0,25,170,10252,1,1,3,3,2,100,0,1,41,1,4,3.55
0,37,154,8000,1,1,2,3,2,100,0,0,0,1,2,3.37
0,23,165,6000,1,0,1,3,2,200,0,0,0,1,1,2.2
0,25,161,10255,1,1,3,3,2,104,0,0,32,1,4,3.96
1,26,179,10645,1,1,2,3,2,200,0,1,0,1,2,3.32
0,35,158,6300,1,1,3,1,2,100,0,0,0,2,5,2.52
1,34,171,8445,1,1,2,2,2,288,0,1,51,2,6,2.89
1,32,170,10292,1,1,2,2,2,100,0,1,0,1,3,3.56
0,19,145,5552,0,1,2,3,2,100,1,1,116,1,0,2.64
1,21,174,7500,0,1,3,3,2,200,0,2,0,1,5,2.48
1,32,161,10200,1,1,2,3,2,100,0,1,5,2,3,3.94
0,21,171,13228,1,1,3,3,2,168,0,1,55,1,4,4.52
1,19,180,8500,0,1,2,3,2,300,0,2,60,1,5,2.62
0,19,162,5800,1,1,3,3,2,100,0,2,60,1,1,2.21
1,19,181,8531,1,1,2,3,2,200,0,2,52,1,5,2.6
0,21,168,8000,1,1,2,2,2,200,0,1,0,1,6,2.83
1,27,178,12015,1,1,2,3,2,214,0,1,0,1,3,3.79
0,19,180,16093,1,1,3,3,2,230,0,1,56,1,4,4.97
1,22,178,9800,1,0,2,3,2,300,0,3,120,2,2,3.09
1,20,180,8500,1,1,2,3,2,300,0,1,60,1,6,2.62
1,29,168,8999,1,1,2,3,2,197,0,0,0,1,2,3.19
1,26,174,7500,1,1,2,3,0,200,0,3,60,1,1,2.48
1,40,155,7760,1,1,2,3,2,100,0,0,0,1,3,3.23
0,17,173,6500,1,1,2,3,0,200,0,1,60,1,1,2.17
1,22,171,8000,1,1,2,3,2,200,0,0,120,1,6,2.74
1,33,169,10357,1,1,2,2,2,100,0,0,0,2,3,3.63
1,20,176,7500,0,1,2,3,1,200,0,3,60,1,1,2.42
0,21,160,8000,1,1,2,1,2,200,0,1,120,1,6,3.12
1,21,172,7500,1,1,2,1,2,300,0,1,0,1,5,2.54
0,22,165,8000,1,1,3,3,2,200,0,0,60,2,6,2.94
1,26,175,11287,1,1,1,3,2,200,0,0,0,1,3,3.69
0,22,169,11447,1,1,3,3,2,283,0,0,46,1,4,4.01
1,19,150,7969,1,0,3,1,2,200,0,0,60,1,6,3.54
0,26,164,11184,1,1,3,3,2,243,0,0,11,1,4,4.16
1,33,190,9900,1,1,2,3,2,100,0,0,60,1,3,2.74
1,30,178,12886,1,1,2,3,2,122,0,0,0,1,3,4.07
1,18,178,10800,0,1,3,3,2,300,0,1,0,0,2,3.41
0,18,157,8009,1,1,2,3,2,183,0,1,0,1,2,3.25
0,25,162,10498,1,1,3,3,2,123,0,0,32,1,4,4.0
1,23,170,8500,1,1,3,2,2,200,0,1,60,1,6,2.94
0,26,164,11135,1,1,3,3,2,286,0,0,15,1,4,4.14
1,22,174,7500,1,1,2,3,1,200,0,1,60,2,1,2.48
0,23,181,8624,1,1,2,2,2,204,0,0,0,2,2,2.63
0,19,159,4481,0,0,2,1,1,100,0,0,0,2,0,1.77
0,18,160,5700,1,1,3,3,2,200,0,1,60,2,1,2.23
0,17,155,4405,0,1,2,3,2,119,0,1,0,1,0,1.83
0,21,156,4200,0,1,3,3,1,100,0,1,0,1,0,1.73
1,23,165,7500,0,0,2,3,2,200,0,1,0,1,5,2.75
0,19,162,4200,0,1,3,1,1,100,0,1,0,1,0,1.6
1,18,175,8000,1,1,2,3,0,200,1,2,60,2,5,2.61
1,33,167,7500,1,0,3,3,1,100,0,0,0,0,6,2.69
0,23,160,6500,1,0,2,3,2,200,0,1,120,2,6,2.54
1,19,175,8800,1,1,2,3,2,300,0,1,0,1,6,2.87
1,19,175,7500,0,1,3,3,1,300,0,3,0,1,1,2.45
0,26,164,10483,1,1,3,3,2,257,0,0,27,1,4,3.9
0,21,172,7800,1,1,2,1,2,300,0,2,0,1,5,2.64
0,25,162,11007,1,1,3,3,2,196,0,0,26,1,4,4.19
1,18,168,7962,1,1,2,2,2,200,0,0,84,2,6,2.82
0,25,162,11071,1,1,3,3,2,148,0,0,31,1,4,4.22
0,23,169,11448,1,1,3,3,2,254,0,0,31,1,4,4.01
1,22,184,12186,1,1,2,2,2,100,0,0,0,1,3,3.6
0,21,174,13378,1,1,3,3,2,286,0,1,51,1,4,4.42
0,21,173,13569,1,1,3,3,2,262,0,1,46,1,4,4.53
1,31,188,12502,1,1,2,3,2,152,0,0,25,1,3,3.54
0,18,184,5000,0,1,2,4,1,100,0,2,60,2,0,1.48
1,21,175,7500,0,1,3,3,1,300,0,1,0,0,1,2.45
1,34,171,8328,1,1,2,2,2,250,0,1,52,2,6,2.85
0,25,166,10230,1,1,3,3,2,114,0,0,28,1,4,3.71
1,19,170,7000,0,1,2,3,2,200,0,1,60,1,5,2.42
0,23,170,5000,1,1,2,3,2,200,0,2,60,1,0,1.73
1,23,177,12015,1,1,2,3,2,215,0,0,0,1,3,3.84
0,18,174,13385,1,1,3,3,2,286,0,1,40,1,4,4.42
0,25,162,10457,1,1,3,3,2,270,0,0,25,1,4,3.98
0,18,156,5500,0,1,3,3,1,200,0,2,60,2,1,2.26
0,26,174,11186,1,1,3,3,2,262,0,0,9,1,4,3.69
1,20,178,10358,1,1,2,3,2,240,0,2,0,1,2,3.27
1,29,170,9920,1,1,2,3,2,167,0,1,0,1,6,3.43
0,21,172,5017,1,1,2,3,1,122,0,0,0,2,0,1.7
1,21,161,6865,1,1,1,3,3,182,0,0,0,1,5,2.65
0,18,160,5600,0,0,3,3,2,100,0,1,0,1,1,2.19
0,21,159,4800,1,1,3,3,2,300,0,1,0,1,1,1.9
0,22,163,8220,1,1,2,3,2,279,0,0,110,2,2,3.09
0,21,167,6800,1,0,3,4,0,300,0,2,60,1,6,2.44
0,25,167,11091,1,1,3,3,2,119,0,0,44,1,4,3.98
0,20,153,6708,1,0,2,3,2,100,0,0,60,2,6,2.87
1,26,182,11315,1,1,1,3,2,214,0,0,0,1,3,3.42
0,25,162,10255,1,1,3,3,2,105,0,0,28,1,4,3.91
0,40,156,8037,1,1,2,3,2,163,0,0,120,1,2,3.3
0,16,163,6714,1,1,1,3,2,144,1,0,103,1,5,2.53
1,30,175,12099,1,1,2,3,2,297,0,0,4,1,3,3.95
0,26,163,11195,1,1,3,3,2,247,0,0,3,1,4,4.21
1,50,172,8000,1,0,2,3,2,100,0,1,0,2,6,2.7
0,19,175,7800,1,0,3,3,2,200,1,0,38,1,6,2.55
1,26,187,12124,1,1,3,3,2,264,0,0,0,1,3,3.47
1,16,183,8550,1,1,2,3,2,200,0,3,60,1,1,2.55
1,23,177,11616,1,1,1,3,2,200,0,0,60,1,3,3.71
1,38,180,11833,1,1,2,2,2,194,0,1,0,1,2,3.65
0,18,172,7200,1,1,3,3,2,100,0,2,60,0,6,2.43
0,26,164,11182,1,1,3,3,2,270,0,0,36,1,4,4.16
0,29,160,7800,1,1,3,1,2,100,0,0,0,1,2,3.05
0,43,156,7735,1,1,2,3,2,209,0,0,0,1,2,3.18
0,26,160,10544,1,1,3,3,2,255,0,0,27,1,4,4.12
1,30,171,8478,1,1,2,3,2,220,0,2,86,1,6,2.9
0,21,160,6800,1,1,3,1,2,200,0,1,0,1,5,2.66
1,21,170,7541,1,1,2,3,2,237,0,1,0,1,5,2.61
1,31,175,11803,1,1,2,2,2,200,0,0,85,1,3,3.85
0,22,162,8200,1,1,1,1,2,200,0,0,60,1,2,3.12
0,26,164,11127,1,1,3,3,2,273,0,0,27,1,4,4.14
1,18,181,10820,1,1,2,3,2,200,0,0,60,1,2,3.3
1,25,170,6800,0,1,2,3,0,200,0,0,0,2,1,2.35
1,21,180,7515,1,1,2,3,2,183,0,0,52,1,5,2.32
1,19,162,7000,0,1,2,3,3,300,0,1,0,2,5,2.67
1,34,172,8472,1,1,2,2,2,200,0,0,0,1,6,2.86
1,33,172,8398,1,1,3,1,2,100,0,1,0,1,6,2.84
0,17,170,8000,1,1,3,3,2,200,0,1,60,2,6,2.77
0,26,162,11016,1,1,3,3,2,285,0,0,25,1,4,4.2
0,21,172,5100,1,1,2,3,1,100,0,0,120,2,0,1.72
0,18,165,8300,1,1,2,3,2,100,0,1,60,2,2,3.05
0,18,160,6839,1,1,2,1,2,200,0,2,0,2,5,2.67
0,25,162,11010,1,1,3,3,2,103,0,0,34,1,4,4.2
1,23,184,11729,1,1,3,3,2,209,0,1,8,1,3,3.46
0,26,162,11194,1,1,3,3,2,261,0,0,7,1,4,4.27
0,20,155,5600,0,1,2,3,2,100,0,1,0,1,1,2.33
0,18,165,6000,1,1,3,4,1,100,0,3,120,2,1,2.2
1,23,165,8000,1,1,3,1,2,300,0,2,0,1,6,2.94
0,22,165,12233,1,1,3,3,2,154,0,0,24,1,4,4.49
1,22,177,6650,1,1,3,1,2,300,1,1,60,1,1,2.12
1,17,175,8500,1,1,1,3,2,200,0,1,56,1,6,2.78
1,31,185,12099,1,1,2,3,2,293,0,1,44,1,3,3.54
0,27,161,4951,1,1,2,3,1,200,0,0,60,1,0,1.91
1,45,170,8300,1,1,2,3,1,300,0,1,0,2,6,2.87
1,25,175,11323,1,1,1,3,2,203,0,1,0,1,3,3.7
0,23,161,6400,1,0,3,3,2,200,0,0,0,1,1,2.47
0,21,167,8099,1,1,2,1,2,272,0,2,65,2,6,2.9
0,26,162,10503,1,1,3,3,2,165,0,0,32,1,4,4.0
0,33,159,7700,1,1,2,1,2,200,0,0,0,2,2,3.05
1,21,162,7000,0,1,2,1,2,200,0,0,120,1,5,2.67
1,18,172,7000,1,1,2,3,1,200,0,0,120,2,1,2.37
1,17,188,5800,0,0,2,3,2,200,0,2,60,1,0,1.64
1,31,187,12020,1,1,2,3,2,209,0,1,0,1,3,3.44
0,33,169,7480,1,1,2,3,2,100,0,0,0,1,5,2.62
1,24,172,8556,1,1,1,3,2,287,0,1,25,1,6,2.89
0,19,152,4200,0,0,2,1,1,100,0,0,0,1,0,1.82
1,17,165,8000,1,1,2,3,2,200,0,1,60,2,6,2.94
0,22,163,8200,1,1,1,1,2,200,0,0,76,1,2,3.09
0,23,168,8301,1,1,2,3,2,260,0,0,0,2,6,2.94
1,34,176,8434,1,1,2,2,2,208,0,1,4,1,6,2.72
1,34,170,8300,1,1,3,3,2,200,0,1,0,2,6,2.87
1,21,175,8803,1,1,2,3,2,200,0,1,60,1,6,2.87
1,24,160,10062,1,1,2,1,2,100,0,0,0,1,3,3.93
0,21,174,13390,1,1,3,3,2,282,0,1,48,1,4,4.42
1,24,188,12124,1,1,3,2,2,262,0,0,0,1,3,3.43
0,26,164,11181,1,1,3,3,2,263,0,0,9,1,4,4.16
1,23,168,9000,1,1,2,1,2,300,0,1,120,1,6,3.19
1,34,170,7500,0,1,3,3,2,200,0,1,0,1,5,2.6
0,22,162,8204,1,1,1,1,2,280,0,0,76,1,2,3.13
1,30,187,12826,1,1,2,3,2,157,0,0,94,1,3,3.67
1,19,170,6900,0,0,3,3,1,200,0,2,60,2,1,2.39
1,17,184,5920,1,1,2,3,2,200,0,2,60,1,0,1.75
1,23,160,8400,1,1,3,3,2,100,0,0,60,2,2,3.28
0,21,173,4423,0,1,2,3,1,293,1,0,0,1,0,1.48
1,20,182,5000,1,0,3,3,1,100,0,1,0,1,1,1.51
0,25,162,11021,1,1,3,3,2,152,0,0,26,1,4,4.2
0,18,175,5200,1,1,1,3,1,200,0,0,120,1,0,1.7
1,23,167,6400,0,1,2,4,2,200,1,3,0,1,5,2.29
1,23,175,11746,1,1,1,3,2,200,0,1,37,1,3,3.84
1,39,175,11920,1,1,2,2,2,186,0,0,0,1,3,3.89
1,21,174,9500,1,1,2,3,2,300,0,2,60,2,2,3.14
1,17,170,5570,1,1,2,3,2,200,0,0,60,2,0,1.93
1,22,168,8203,1,1,1,1,2,264,0,0,48,2,2,2.91
0,18,160,4500,0,1,2,3,1,200,0,2,60,0,1,1.76
1,21,179,6400,1,1,3,3,1,200,0,2,60,2,0,2.0
1,19,187,7100,0,0,2,3,2,200,0,0,0,1,1,2.03
0,23,155,5100,1,1,2,3,2,200,0,0,0,1,1,2.12
0,21,173,13374,1,1,3,3,2,282,0,1,53,1,4,4.47
0,20,159,6400,1,1,3,3,0,100,0,3,0,1,1,2.53
1,18,174,5369,1,1,2,3,2,200,0,0,120,2,0,1.77
0,33,173,7424,1,1,2,3,2,100,0,0,0,1,6,2.48
0,18,156,5800,0,1,2,3,2,100,0,1,0,2,1,2.38
0,18,164,6221,0,1,2,1,2,196,1,0,96,1,5,2.31
0,26,163,11158,1,1,3,3,2,265,0,0,15,1,4,4.2
1,23,172,7000,1,1,2,3,2,200,0,2,60,1,1,2.37
1,23,184,9149,1,1,2,3,2,200,0,0,47,1,6,2.7
0,21,150,6361,1,0,2,3,2,187,0,1,0,1,5,2.83
0,17,167,5600,1,1,1,3,0,200,0,2,60,2,1,2.01
1,18,180,7000,1,1,2,3,2,100,0,1,0,1,1,2.16
1,21,165,9800,1,1,2,3,2,200,0,1,0,2,2,3.6
1,23,170,8500,1,1,2,3,2,300,0,0,60,1,6,2.94
1,25,182,12099,1,1,3,3,2,300,0,1,17,1,3,3.65
0,18,166,7500,1,1,2,3,1,100,0,1,60,2,5,2.72
1,21,179,10642,1,1,2,3,2,247,0,0,5,1,2,3.32
1,24,184,12128,1,1,2,2,2,235,0,1,0,1,3,3.58
0,18,164,6800,0,1,3,3,2,200,0,0,60,1,1,2.53
1,23,176,7600,0,1,2,4,1,200,0,1,0,1,1,2.45
1,35,182,10513,1,1,2,2,2,216,0,0,27,1,2,3.17
1,24,160,6469,1,1,3,3,2,297,0,0,0,1,5,2.53
0,18,170,5000,0,1,2,3,2,100,1,1,60,1,0,1.73
0,34,166,7720,1,1,2,2,2,212,0,0,0,2,2,2.8
1,17,178,5885,0,1,2,4,2,200,0,2,0,2,0,1.86
1,34,175,11810,1,1,2,3,2,195,0,1,0,1,3,3.86
0,18,157,4189,0,1,2,3,2,184,0,0,100,1,0,1.7
0,26,164,11194,1,1,3,3,2,277,0,0,9,1,4,4.16
1,18,179,6600,0,1,2,4,1,100,0,2,60,1,1,2.06
1,22,175,5205,1,1,2,3,2,200,0,0,91,1,0,1.7
0,25,160,10498,1,1,3,3,2,134,0,0,37,1,4,4.1
1,21,178,10649,1,1,2,3,2,286,0,1,0,2,2,3.36
1,22,184,12211,1,1,3,3,2,195,0,0,0,1,3,3.61
0,21,155,5600,1,1,3,1,2,100,0,1,0,2,1,2.33
0,18,159,4700,0,1,2,4,2,200,0,2,60,1,1,1.86
1,18,185,9000,1,1,2,3,2,300,0,2,0,1,2,2.63
1,23,187,12142,1,1,2,2,2,215,0,1,0,1,3,3.47
1,18,170,7000,0,1,2,3,0,200,0,0,60,2,1,2.42
1,21,170,7500,1,1,2,3,2,169,0,1,0,1,5,2.6
1,18,184,5145,1,1,2,3,2,179,0,2,60,1,0,1.52
0,21,152,6332,0,1,2,1,2,163,0,0,21,1,5,2.74
1,24,179,11856,1,1,1,2,2,231,0,1,21,1,3,3.7
1,21,165,8000,0,1,2,3,2,200,0,1,60,1,6,2.94
1,28,181,9795,1,1,2,3,2,300,0,1,60,2,6,2.99
1,24,173,8477,1,1,2,3,2,212,0,1,0,1,6,2.83
0,26,163,11188,1,1,3,3,2,277,0,1,39,1,4,4.21
0,18,179,13373,1,1,3,3,2,286,0,1,55,1,4,4.17
1,31,182,12750,1,1,3,3,2,148,0,1,0,1,3,3.85
0,26,163,11080,1,1,3,3,2,270,0,0,16,1,4,4.17
0,23,159,5000,1,0,2,3,0,100,0,0,0,2,1,1.98
1,27,182,9920,1,1,2,1,2,279,0,1,0,1,6,2.99
0,35,167,7371,1,1,2,2,2,195,0,0,59,2,6,2.64
1,37,167,9000,1,1,2,3,2,288,0,0,0,1,2,3.23
0,22,173,7505,1,1,2,3,2,287,0,0,38,1,5,2.51
1,18,175,7000,0,1,2,3,2,100,0,1,0,2,1,2.29
1,18,180,10459,1,1,2,3,2,200,0,0,120,2,2,3.23
1,22,186,12106,1,1,2,2,2,271,0,1,0,1,3,3.5
1,30,190,12901,1,1,2,3,2,238,0,1,59,1,3,3.57
1,25,169,7500,1,1,2,3,2,200,0,1,0,1,5,2.63
0,26,153,7271,1,1,3,3,2,300,0,0,0,1,5,3.11
1,18,177,6600,0,0,2,3,1,100,0,3,60,1,1,2.11
1,21,174,9687,1,1,2,3,2,100,0,2,60,1,2,3.2
1,23,174,9600,1,1,2,3,2,300,0,3,60,1,2,3.17
0,22,162,8296,1,1,2,1,2,226,0,0,18,2,2,3.16
0,25,163,10988,1,1,3,3,2,161,0,0,4,1,4,4.14
1,28,171,8200,1,1,2,3,2,200,0,1,103,1,6,2.8
0,29,165,7703,1,0,2,3,2,128,0,1,66,2,6,2.83
1,22,181,12127,1,1,2,3,2,241,0,0,0,1,3,3.7
1,30,182,12020,1,1,2,3,2,241,0,1,0,1,3,3.63
0,22,165,8000,1,1,2,3,2,100,0,1,60,1,5,2.94
1,18,176,5500,1,1,2,4,1,100,0,2,60,2,0,1.78
1,22,171,7500,1,1,2,3,2,200,0,0,106,1,5,2.56
0,18,160,4500,1,1,3,3,1,200,1,1,0,1,0,1.76
0,19,163,6300,1,1,3,3,2,100,0,1,60,2,1,2.37
0,17,160,5000,0,1,2,4,1,200,0,2,60,1,0,1.95
1,22,166,9445,1,1,2,2,2,125,0,0,108,2,2,3.43
0,19,150,6000,0,1,2,1,2,100,0,0,0,1,5,2.67
1,17,170,5000,1,1,1,1,2,200,0,1,60,1,0,1.73
0,20,165,8000,1,1,2,2,2,200,0,0,75,2,6,2.94
1,23,187,12145,1,1,2,2,2,283,0,1,0,1,3,3.47
0,23,160,8400,1,1,2,3,2,300,0,3,60,2,2,3.28
0,20,164,4900,0,1,2,3,1,200,0,2,60,2,0,1.82
0,20,168,12541,1,1,3,3,2,149,0,0,34,1,4,4.44
1,23,170,6500,1,1,2,3,2,200,0,0,60,1,1,2.25
1,32,178,10209,1,1,2,2,2,196,0,1,60,1,3,3.22
1,18,182,6000,0,1,2,3,2,200,0,1,60,2,1,1.81
1,18,170,7000,0,1,2,3,2,300,0,1,0,1,1,2.42
0,20,172,4464,0,0,3,1,1,100,0,0,0,1,0,1.51
0,21,155,7760,1,0,2,3,2,163,0,0,0,1,6,3.23
1,20,170,8300,1,1,2,3,1,200,0,2,60,0,6,2.87
1,23,170,7500,0,1,2,3,1,200,0,1,60,1,1,2.6
1,28,183,10990,1,1,2,3,2,143,0,1,0,1,3,3.28
0,20,180,12165,1,1,3,3,2,141,0,0,48,1,4,3.75
0,26,163,11181,1,1,3,3,2,261,0,0,9,1,4,4.21
0,17,170,5000,1,1,3,4,1,200,0,2,60,2,0,1.73
1,22,184,12114,1,1,2,2,2,108,0,0,0,1,3,3.58
1,21,174,7500,0,1,3,3,2,200,0,1,0,1,5,2.48
1,25,175,11413,1,1,2,3,2,172,0,1,0,1,3,3.73
1,18,175,11209,1,1,1,3,2,200,0,0,120,1,2,3.66
1,19,175,5369,1,1,2,3,2,200,0,2,120,2,0,1.75
0,26,162,10482,1,1,3,3,2,262,0,0,33,1,4,3.99
0,19,163,7805,1,0,2,1,2,293,0,0,37,2,6,2.94
1,23,185,12120,1,1,2,2,2,215,0,0,0,1,3,3.54
1,18,180,6000,1,1,2,3,2,200,0,0,60,2,1,1.85
1,27,182,12188,1,1,2,3,2,293,0,1,0,1,3,3.68
1,17,181,5883,1,1,2,3,2,200,0,2,55,1,0,1.8
0,19,161,6400,1,1,3,3,2,100,0,2,0,1,1,2.47
0,23,171,7597,1,1,2,3,2,281,0,0,116,1,5,2.6
0,23,160,6500,1,0,3,1,1,300,0,1,0,2,1,2.54
1,22,187,12188,1,1,2,2,2,127,0,1,0,1,3,3.49
1,33,170,8300,1,0,2,1,2,200,0,1,0,2,6,2.87
1,28,172,10710,1,1,2,3,2,100,0,0,0,1,3,3.62
0,20,150,5000,0,1,2,1,2,100,0,1,0,1,1,2.22
0,23,160,6500,0,1,2,3,2,200,0,0,120,1,5,2.54
1,23,166,11919,1,1,2,3,2,200,0,0,27,1,3,4.33
1,27,176,7900,1,1,3,3,2,200,0,2,0,0,5,2.55
0,18,156,8000,1,1,2,3,2,100,0,0,60,2,2,3.29
1,16,169,6400,0,1,3,3,2,200,1,1,60,1,1,2.24
0,21,174,13357,1,1,3,3,2,142,0,1,40,1,4,4.41
0,26,164,11195,1,1,3,3,2,263,0,0,14,1,4,4.16
0,36,170,8300,1,1,3,3,2,200,0,2,0,2,6,2.87
1,23,170,7000,0,1,3,3,2,200,0,0,120,1,1,2.42
1,22,184,12163,1,1,3,3,2,172,0,1,0,1,3,3.59
0,26,164,11192,1,1,3,3,2,261,0,0,9,1,4,4.16
0,34,155,7976,1,1,2,1,2,200,0,0,0,1,5,3.32
1,17,182,9100,1,1,2,3,2,200,0,1,60,1,6,2.75
0,21,160,7000,0,1,2,1,3,162,0,0,5,1,5,2.73
0,25,160,5500,0,0,3,1,2,200,0,3,0,2,1,2.15
1,23,170,7505,1,1,2,3,2,219,0,1,84,1,5,2.6
1,22,178,7800,0,1,2,1,2,300,0,3,120,0,5,2.46
1,23,188,7100,1,0,2,4,1,200,0,3,120,2,1,2.01
0,39,158,8000,1,1,2,3,2,145,0,0,0,2,2,3.2
0,25,172,10479,1,1,3,3,2,177,0,0,55,1,4,3.54
0,25,165,10479,1,1,3,3,2,148,0,0,55,1,4,3.85
0,26,160,10544,1,1,3,3,2,261,0,0,33,1,4,4.12
0,23,160,5850,0,1,2,4,1,200,0,2,0,1,1,2.29
1,18,182,8608,1,1,2,3,2,300,0,2,0,0,5,2.6
0,23,161,8310,1,1,2,1,2,283,0,0,46,2,2,3.21
1,30,169,10301,1,1,2,2,2,151,0,1,50,2,3,3.61
0,26,164,11195,1,1,3,3,2,262,0,0,27,1,4,4.16
0,21,174,13347,1,1,3,3,2,285,0,1,44,1,4,4.41
1,31,178,11227,1,1,2,3,2,209,0,0,3,1,3,3.54
0,18,171,13364,1,1,3,3,2,284,0,1,56,1,4,4.57
1,20,178,10500,1,1,2,3,2,243,0,0,112,1,2,3.31
1,23,182,11908,1,1,2,2,2,200,0,1,0,1,3,3.59
0,19,160,4500,0,0,3,3,1,224,1,1,0,1,0,1.76
0,23,163,8400,1,1,2,3,2,300,0,2,0,2,2,3.16
0,26,163,11192,1,1,3,3,2,286,0,0,33,1,4,4.21
0,17,170,5000,0,1,2,3,2,100,0,0,60,1,0,1.73
0,16,157,5000,1,1,2,4,1,100,0,2,60,2,1,2.03
1,18,181,10893,1,1,2,3,2,297,0,0,85,2,2,3.32
0,26,161,10991,1,1,3,3,2,133,0,0,28,1,4,4.24
0,26,164,11194,1,1,3,3,2,255,0,0,27,1,4,4.16
0,21,174,5000,0,1,2,3,1,245,0,1,0,2,0,1.65
0,17,160,6500,1,1,2,3,2,200,0,1,60,1,5,2.54
1,23,174,6800,1,1,2,3,2,200,1,2,60,1,1,2.25
1,23,170,7500,1,1,3,3,2,200,0,1,0,1,6,2.6
0,16,171,5000,0,1,2,3,1,139,0,0,52,1,0,1.71
0,23,158,6000,1,1,2,1,2,200,1,1,0,2,5,2.4
0,26,162,11160,1,1,3,3,2,265,0,0,15,1,4,4.25
0,21,174,13361,1,1,3,3,2,282,0,1,55,1,4,4.41
1,21,180,11659,1,1,2,3,2,200,0,0,60,1,3,3.6
0,38,154,7800,1,0,3,3,2,200,0,0,0,0,2,3.29
1,17,180,6000,1,1,3,4,2,200,0,2,60,2,0,1.85
1,18,170,6800,0,1,2,3,2,200,0,1,60,2,1,2.35
0,26,165,11191,1,1,3,3,2,267,0,0,5,1,4,4.11
0,26,162,11080,1,1,3,3,2,270,0,0,27,1,4,4.22
0,18,167,6000,1,1,2,4,2,100,0,0,60,1,1,2.15
1,19,179,6000,1,1,3,3,1,200,0,1,0,2,1,1.87
0,26,164,11199,1,1,3,3,2,272,0,0,0,1,4,4.16
0,21,171,13140,1,1,3,3,2,195,0,1,54,1,4,4.49
0,25,156,10255,1,1,3,3,2,107,0,0,54,1,4,4.21
0,19,156,4500,1,1,3,3,2,200,0,3,0,1,1,1.85
0,18,165,6000,1,1,3,3,2,100,0,3,60,2,1,2.2
1,25,180,10540,1,1,2,3,2,233,0,0,0,1,2,3.25
0,21,152,4200,0,1,3,3,2,100,0,0,0,2,0,1.82
0,27,158,6200,0,1,2,1,2,200,0,0,0,1,5,2.48
1,21,162,6900,0,1,2,3,2,100,0,1,0,1,5,2.63
1,30,190,12901,1,1,2,3,2,114,0,1,0,1,3,3.57
0,22,165,4980,1,1,2,3,1,200,0,2,0,2,0,1.83
1,24,175,11413,1,1,1,3,2,201,0,1,4,1,3,3.73
0,21,165,7805,1,0,3,3,2,300,0,2,60,2,6,2.87
1,18,185,8500,1,1,2,3,2,300,0,2,0,2,5,2.48
1,20,162,7000,0,1,2,1,3,200,0,1,0,1,5,2.67
1,18,176,11201,1,1,3,3,2,113,0,0,0,1,2,3.62
0,19,175,4969,1,1,2,3,1,184,0,2,60,2,0,1.62
0,19,170,7800,0,1,3,3,2,200,0,0,60,2,6,2.7
0,23,152,4122,0,0,2,1,1,124,0,0,45,1,0,1.78
0,21,153,6500,0,1,2,1,2,100,1,1,0,1,5,2.78
0,21,160,4800,1,1,2,3,2,200,0,1,60,1,1,1.87
1,24,170,10062,1,1,2,1,2,100,0,0,0,2,3,3.48
1,21,172,7500,0,1,2,3,1,300,0,3,60,1,5,2.54
1,33,169,8300,1,1,2,1,2,200,0,2,0,2,6,2.91
0,21,156,5200,1,1,2,4,1,200,0,1,0,2,1,2.14
0,23,174,13336,1,1,3,3,2,283,0,1,46,1,4,4.4
1,33,185,8550,0,0,2,1,1,300,0,1,0,1,6,2.5
1,33,170,8300,1,0,3,3,2,200,0,3,0,0,6,2.87
1,18,180,10874,1,1,2,3,2,249,0,1,80,2,2,3.36
0,17,160,6500,1,1,2,3,2,200,1,0,60,1,5,2.54
0,16,159,4391,0,1,2,3,3,272,0,0,116,2,1,1.74
0,23,158,4700,0,1,2,3,2,200,0,0,0,1,1,1.88
1,22,181,12173,1,1,2,3,2,122,0,1,0,1,3,3.72
1,24,175,11908,1,1,2,2,2,219,0,1,0,1,3,3.89
1,18,187,8600,0,1,3,3,2,200,0,1,60,2,1,2.46
0,26,162,11148,1,1,3,3,2,244,0,0,15,1,4,4.25
0,25,160,10475,1,1,3,3,2,263,0,0,33,1,4,4.09
1,30,176,12000,1,1,2,3,2,300,0,1,86,1,3,3.87
1,21,162,7000,1,1,2,1,3,200,0,1,60,1,6,2.67
0,30,166,12500,1,0,3,3,2,100,0,1,0,1,3,4.54
1,30,177,12077,1,1,2,3,2,253,0,0,21,1,3,3.85
0,38,152,8000,1,1,2,3,2,179,0,1,0,1,6,3.46
0,19,154,4100,0,1,3,1,1,100,0,0,60,1,0,1.73
1,30,165,11840,1,1,1,3,2,214,0,0,0,1,3,4.35
0,37,154,7743,1,1,2,2,2,150,0,0,0,1,3,3.26
0,21,173,13380,1,1,3,3,2,262,0,1,55,1,4,4.47
1,31,178,8663,1,1,2,3,2,235,0,0,0,1,5,2.73
0,26,165,11194,1,1,3,3,2,261,0,0,5,1,4,4.11
1,33,175,8500,0,0,2,3,2,300,1,0,120,2,6,2.78
1,21,165,8000,1,1,2,3,2,200,0,2,60,2,6,2.94
0,21,165,6500,1,1,3,3,2,100,0,1,60,1,1,2.39
1,55,165,8000,1,1,2,3,1,200,0,1,0,1,6,2.94
1,23,178,10505,1,1,2,3,2,286,0,2,32,1,2,3.32
1,28,177,9758,1,1,3,3,2,100,0,1,0,1,2,3.11
1,33,170,8300,1,1,2,3,2,200,0,1,60,1,6,2.87
1,19,181,6385,1,1,3,3,2,200,0,0,21,1,0,1.95
0,18,165,6000,0,1,2,1,2,200,0,1,0,2,1,2.2
1,20,169,8000,1,0,2,3,2,200,0,1,60,2,6,2.8
0,41,150,8000,1,1,2,3,2,100,0,0,120,1,2,3.56
0,21,167,4980,1,0,2,3,1,265,0,0,60,2,0,1.79
1,55,180,8000,1,1,3,3,2,200,1,3,0,1,5,2.47
1,23,170,7000,0,1,2,3,2,200,0,2,60,1,1,2.42
1,24,183,11757,1,1,1,2,2,236,0,1,28,1,3,3.51
1,25,185,11210,1,1,1,3,2,201,0,1,43,1,3,3.28
0,17,175,5498,1,1,3,3,1,241,0,2,60,2,0,1.8
1,21,175,11631,1,1,2,3,2,200,0,1,40,1,3,3.8
0,28,154,6522,1,0,2,3,2,198,0,1,0,1,6,2.75
1,23,177,12120,1,1,2,2,2,300,0,0,0,1,3,3.87
0,18,175,7969,1,1,2,2,2,100,0,0,31,2,6,2.6
1,18,170,7000,0,1,3,3,2,200,1,1,120,1,5,2.42
1,19,180,8700,1,1,3,4,2,200,0,2,60,0,5,2.69
1,23,175,11920,1,1,2,3,2,215,0,1,0,1,3,3.89
0,23,176,5000,0,0,3,4,2,200,0,2,60,1,0,1.61
0,26,163,11155,1,1,3,3,2,263,0,0,6,1,4,4.2
0,21,173,13290,1,1,3,3,2,181,0,1,55,1,4,4.44
0,18,165,9000,1,1,2,3,2,100,0,1,60,1,2,3.31
1,17,183,5832,1,1,2,4,2,200,0,2,57,2,0,1.74
1,22,176,8165,1,1,2,2,2,167,0,0,60,1,6,2.64
0,18,176,13390,1,1,3,3,2,286,0,1,51,1,4,4.32
1,30,171,7500,1,1,2,2,2,136,0,0,0,1,5,2.56
0,18,168,5152,0,1,2,3,1,200,0,0,60,1,0,1.83
1,30,176,11856,1,1,2,3,2,206,0,0,0,1,3,3.83
1,23,183,5500,1,1,3,3,1,200,0,2,60,2,0,1.64
0,25,168,10484,1,1,3,3,2,151,0,0,32,1,4,3.71
0,23,164,5300,0,0,3,3,2,100,0,3,60,1,1,1.97
0,26,169,11007,1,1,3,3,2,255,0,0,15,1,4,3.85
1,27,181,12080,1,1,2,3,2,235,0,1,50,1,3,3.69
0,37,157,7665,1,1,2,3,2,101,0,0,0,1,2,3.11
1,22,179,9673,1,1,2,3,2,204,0,2,85,2,2,3.02
0,19,153,4200,0,1,2,3,1,100,0,1,0,1,0,1.79
0,19,156,4170,0,0,2,3,1,197,0,0,0,1,0,1.71
0,20,165,8000,1,1,2,3,2,200,0,0,120,2,6,2.94
0,22,163,8252,1,1,2,2,2,277,0,1,81,1,2,3.11
1,22,175,8767,1,1,2,3,2,215,0,2,0,2,2,2.86
1,18,180,8700,0,1,3,1,2,100,0,0,0,2,6,2.69
1,21,169,10043,1,1,2,1,2,100,0,1,27,1,2,3.52
0,22,174,4200,1,1,3,1,1,124,0,0,0,2,0,1.39
0,18,160,6000,0,1,3,3,0,200,0,1,0,2,1,2.34
0,18,173,13316,1,1,3,3,2,286,0,1,43,1,4,4.45
1,18,184,5262,0,1,3,3,2,209,0,0,95,1,0,1.55
1,31,170,10162,1,1,2,2,2,100,0,1,0,1,3,3.52
1,31,181,11937,1,1,2,3,2,162,0,1,55,1,3,3.64
1,23,186,12182,1,1,3,2,2,184,0,1,0,1,3,3.52
0,19,175,7966,1,0,1,3,2,200,0,2,60,1,6,2.6
0,19,174,12814,1,1,3,3,2,124,0,0,51,1,4,4.23
0,19,153,4200,0,0,2,3,2,100,0,0,0,1,0,1.79
1,29,191,12999,1,1,2,3,2,150,0,0,0,1,3,3.56
1,25,175,11208,1,1,1,3,2,200,0,1,65,1,3,3.66
1,22,165,9500,1,1,1,3,0,200,0,0,60,2,2,3.49
1,23,173,9500,0,1,2,3,2,300,0,2,0,1,2,3.17
1,28,178,10418,1,1,2,2,2,140,0,1,0,1,3,3.29
0,27,167,7749,1,1,3,3,2,196,0,0,45,1,6,2.78
0,21,173,13104,1,1,3,3,2,165,0,1,54,1,4,4.38
0,16,169,8200,1,1,2,1,2,187,0,0,107,1,2,2.87
0,25,165,6600,1,1,2,1,2,200,0,0,60,2,1,2.42
0,21,167,6400,1,0,2,3,2,200,1,1,60,2,1,2.29
1,18,178,5000,0,1,2,4,1,200,1,2,60,1,0,1.58
0,37,158,8000,1,1,2,3,2,151,0,0,0,1,2,3.2
0,25,161,10492,1,1,3,3,2,141,0,0,55,1,4,4.05
1,27,180,9000,1,1,3,3,2,300,0,1,0,0,6,2.78
0,26,164,11194,1,1,3,3,2,270,0,0,10,1,4,4.16
1,32,170,8300,1,1,3,3,2,200,0,3,120,2,6,2.87
0,22,165,8200,1,1,1,1,2,200,0,0,120,1,2,3.01
0,26,163,11194,1,1,3,3,2,273,0,0,5,1,4,4.21
0,21,169,7500,1,1,2,3,2,300,0,1,60,1,5,2.63
0,22,155,5000,0,1,2,3,2,100,0,0,0,1,1,2.08
1,23,170,8300,1,1,2,3,1,200,0,1,60,0,6,2.87
0,18,171,5000,0,1,1,3,2,111,0,1,93,1,0,1.71
1,30,178,10062,1,1,2,3,2,101,0,0,1,2,3,3.18
0,22,160,6500,1,1,2,3,2,300,0,2,0,1,1,2.54
1,40,174,10941,1,1,3,1,2,179,0,0,113,2,3,3.61
0,33,165,7480,1,1,2,2,2,197,0,0,3,1,5,2.75
1,28,177,12020,1,1,2,3,2,273,0,1,0,1,3,3.84
0,22,166,6400,1,1,1,3,2,200,0,0,60,2,1,2.32
1,18,174,5300,1,1,2,3,1,200,0,1,60,2,0,1.75
1,18,184,5920,1,1,2,3,2,200,0,2,90,2,0,1.75
0,21,165,12120,1,1,3,3,2,149,0,1,19,1,4,4.45
0,21,156,4800,1,1,2,4,2,200,0,2,0,2,1,1.97
0,26,163,11188,1,1,3,3,2,262,0,0,7,1,4,4.21
1,19,172,9797,1,1,2,2,2,271,0,1,16,2,2,3.31
0,26,162,10503,1,1,3,3,2,270,0,0,24,1,4,4.0
1,20,169,12885,1,1,3,3,2,195,0,1,0,1,3,4.51
1,24,175,11227,1,1,1,3,2,200,0,1,0,1,3,3.67
0,25,160,10492,1,1,3,3,2,155,0,0,26,1,4,4.1
0,23,165,6600,1,0,3,3,2,100,0,1,0,1,1,2.42
0,25,162,10287,1,1,3,3,2,106,0,0,60,1,4,3.92
0,26,164,11194,1,1,3,3,2,274,0,0,24,1,4,4.16
0,19,180,14255,1,1,3,3,2,235,0,1,55,1,4,4.4
1,17,179,5000,0,1,1,4,1,200,0,2,60,1,0,1.56
0,21,180,16063,1,1,3,3,2,240,0,0,38,1,4,4.96
1,18,173,5000,0,1,2,3,1,100,0,0,60,2,0,1.67
0,18,158,3900,0,1,2,3,2,200,0,2,60,1,0,1.56
1,27,175,12042,1,1,2,3,2,274,0,0,0,1,3,3.93
1,30,182,12086,1,1,2,3,2,214,0,0,26,1,3,3.65
1,21,169,7500,1,1,3,3,2,300,0,1,60,1,5,2.63
0,18,170,5000,0,1,1,3,1,100,0,0,60,1,0,1.73
1,18,173,5000,0,1,1,3,2,114,0,1,0,1,0,1.67
0,21,173,13347,1,1,3,3,2,243,0,1,55,1,4,4.46
0,31,164,7480,1,1,3,3,2,100,0,0,0,1,5,2.78
0,28,153,7800,1,0,2,3,2,100,0,0,0,1,6,3.33
0,26,159,11157,1,1,3,3,2,261,0,0,5,1,4,4.41
1,25,178,11534,1,1,1,3,2,210,0,1,22,1,3,3.64
1,18,180,10825,1,1,2,1,2,214,0,1,38,2,2,3.34
1,29,168,8993,1,1,1,2,2,277,0,0,0,1,6,3.19
1,26,176,12033,1,1,1,3,2,214,0,1,11,1,3,3.88
1,26,180,8600,0,1,3,3,2,200,0,2,60,2,5,2.65
0,26,164,11193,1,1,3,3,2,277,0,0,5,1,4,4.16
0,21,165,6500,0,1,2,1,1,200,0,1,0,1,1,2.39
0,25,164,10701,1,1,3,3,2,261,0,0,33,1,4,3.98
0,21,173,13104,1,1,3,3,2,124,0,1,56,1,4,4.38
1,25,183,12042,1,1,2,3,2,250,0,1,44,1,3,3.6
1,22,169,8053,1,0,2,2,2,200,0,2,84,2,6,2.82
1,18,170,7000,1,1,3,3,2,200,0,2,60,1,1,2.42
0,18,160,5600,0,1,3,3,0,200,0,0,60,2,1,2.19
1,23,170,7000,0,1,2,3,2,200,0,1,0,1,1,2.42
1,27,170,8800,1,1,3,3,2,300,0,1,0,2,6,3.04
1,32,170,10365,1,1,2,2,2,100,0,0,49,1,3,3.59
0,32,162,7443,1,1,2,3,2,100,0,0,32,1,5,2.84
0,21,150,6300,1,1,2,1,2,200,0,1,60,2,6,2.8
1,21,170,10374,1,1,2,2,2,127,0,1,85,2,3,3.59
1,19,181,5883,1,1,2,3,2,200,0,2,0,2,0,1.8
0,26,164,11184,1,1,3,3,2,261,0,0,12,1,4,4.16
1,18,167,9000,1,1,2,1,2,200,0,1,60,1,2,3.23
0,26,165,11193,1,1,3,3,2,250,0,0,9,1,4,4.11
1,24,169,9758,1,1,2,2,2,100,0,0,96,2,2,3.42
0,19,154,4200,0,1,3,3,1,100,0,1,0,1,0,1.77
1,21,181,9630,1,1,2,1,2,200,0,1,80,1,6,2.94
0,23,165,8000,1,1,2,1,2,200,0,1,0,2,6,2.94
1,26,178,11908,1,1,2,3,2,217,0,1,41,1,3,3.76
1,25,184,8400,0,0,2,3,1,200,0,1,0,1,6,2.48
1,32,172,8300,1,1,2,1,2,200,0,1,0,1,6,2.81
1,27,184,12081,1,1,2,3,2,251,0,0,67,1,3,3.57
0,26,162,11127,1,1,3,3,2,255,0,0,15,1,4,4.24
0,18,155,8000,1,1,2,3,2,200,0,0,0,1,6,3.33
0,18,163,5600,0,1,2,3,2,100,0,1,0,2,1,2.11
0,18,165,5600,1,1,2,3,2,200,0,1,60,1,1,2.06
0,22,160,8296,1,1,2,1,2,272,0,2,0,1,2,3.24
0,16,163,4500,0,1,3,3,2,300,0,3,0,2,0,1.69
1,25,177,11414,1,1,2,3,2,200,0,1,0,1,3,3.64
0,25,168,10477,1,1,3,3,2,231,0,0,38,1,4,3.71
0,22,163,6000,1,1,2,3,2,200,0,1,0,1,1,2.26
1,25,183,9694,1,1,1,2,2,200,0,1,38,1,6,2.89
1,41,175,11800,1,0,2,3,2,200,0,2,0,1,3,3.85
1,41,180,9000,1,1,2,3,2,200,0,2,0,2,2,2.78
0,25,162,10281,1,1,3,3,2,148,0,0,55,1,4,3.92
1,33,170,10302,1,1,2,2,2,100,0,0,0,2,3,3.56
1,17,182,8300,0,1,3,3,2,200,0,1,60,0,6,2.51
1,19,182,8999,1,1,3,2,2,200,0,1,0,1,6,2.72
1,30,177,11833,1,1,2,3,2,235,0,0,111,1,3,3.78
0,25,162,10230,1,1,3,3,2,102,0,0,24,1,4,3.9
0,25,162,10998,1,1,3,3,2,255,0,0,29,1,4,4.19
1,30,169,10285,1,1,2,1,2,199,0,0,106,2,3,3.6
1,30,184,12206,1,1,3,2,2,175,0,0,0,1,3,3.61
1,18,180,6000,1,0,2,3,2,200,0,0,0,1,1,1.85
0,25,161,10223,1,1,3,3,2,102,0,0,60,1,4,3.94
0,23,166,6000,0,1,2,1,2,200,0,0,0,1,1,2.18
1,21,178,8000,1,1,2,3,2,300,0,3,0,1,5,2.52
1,17,170,9900,1,1,2,1,2,200,0,1,120,2,2,3.43
1,24,173,11908,1,1,2,3,2,286,0,1,25,1,3,3.98
1,21,175,7500,0,1,2,3,1,200,0,1,0,1,1,2.45
0,26,166,11188,1,1,3,3,2,267,0,0,7,1,4,4.06
0,22,175,5145,1,1,2,3,1,166,0,0,60,2,0,1.68
0,23,156,4484,1,0,2,3,1,108,0,0,0,1,0,1.84
0,26,155,11184,1,1,3,3,2,260,0,0,11,1,4,4.66
1,33,175,8600,0,0,2,3,2,200,0,1,0,0,5,2.81
0,34,167,7488,1,1,2,2,2,117,0,0,51,1,5,2.68
1,32,179,10268,1,1,2,2,2,192,0,1,59,1,6,3.2
0,19,158,4500,0,0,3,3,2,200,0,3,0,1,0,1.8
1,17,171,5110,1,1,1,4,2,200,0,0,102,1,0,1.75
1,25,178,10236,1,1,2,2,2,100,0,1,60,1,3,3.23
0,27,170,7800,1,1,2,3,2,300,0,0,60,2,6,2.7
1,36,185,11786,1,1,2,3,2,229,0,3,0,1,2,3.44
1,24,175,11949,1,1,1,3,2,236,0,0,54,1,3,3.9
0,19,166,4993,1,1,3,3,2,200,0,2,60,1,0,1.81
0,23,165,8663,1,1,2,3,2,200,0,0,120,2,2,3.18
0,37,165,8000,1,1,2,1,2,200,0,1,0,2,2,2.94
0,18,163,7000,0,1,2,1,2,205,0,1,3,1,5,2.63
1,18,170,8000,1,1,3,2,2,200,0,1,60,0,6,2.77
0,17,175,8556,1,1,2,3,2,200,0,1,50,1,6,2.79
1,26,182,12099,1,1,2,3,2,300,0,1,15,1,3,3.65
0,18,171,5100,1,1,2,3,1,100,0,2,60,1,0,1.74
1,33,170,8300,1,1,2,3,2,100,0,1,60,0,6,2.87
1,25,178,11451,1,1,2,3,2,210,0,1,14,1,3,3.61
1,17,180,5896,1,1,2,3,2,200,0,2,2,2,0,1.82
0,25,164,10477,1,1,3,3,2,122,0,0,26,1,4,3.9
1,26,175,11837,1,1,2,3,2,217,0,0,40,1,3,3.87
0,18,182,14210,1,1,3,3,2,271,0,1,49,1,4,4.29
1,17,180,9500,1,1,1,3,2,200,0,1,60,1,6,2.93
0,26,154,6290,0,1,3,3,2,264,1,0,48,1,5,2.65
0,33,165,8013,1,1,2,2,2,200,0,0,0,2,6,2.94
1,21,180,7000,0,1,2,3,3,100,0,1,0,1,5,2.16
0,21,174,13388,1,1,3,3,2,261,0,1,44,1,4,4.42
0,26,165,10485,1,1,3,3,2,269,0,0,33,1,4,3.85
1,23,182,12183,1,1,2,2,2,283,0,1,0,1,3,3.68
0,21,166,5800,0,1,3,3,2,100,0,2,60,1,1,2.1
1,24,182,12080,1,1,2,3,2,235,0,1,81,1,3,3.65
1,23,175,6900,0,1,2,4,2,200,0,2,120,1,1,2.25
0,25,164,10483,1,1,3,3,2,100,0,0,35,1,4,3.9
1,33,170,8300,0,1,2,3,2,200,0,2,0,0,6,2.87
1,21,170,6500,1,1,1,1,1,200,0,1,60,2,1,2.25
0,18,161,6990,1,1,2,1,2,200,0,1,0,1,5,2.7
1,23,186,12186,1,1,3,2,2,173,0,0,0,1,3,3.52
0,21,169,13211,1,1,3,3,2,138,0,0,53,1,4,4.63
1,22,165,6600,0,0,2,3,2,200,0,2,0,1,1,2.42
1,39,175,9953,1,1,2,2,2,200,0,2,21,2,2,3.25
0,18,170,5000,1,1,1,3,2,100,0,1,60,1,0,1.73
1,22,170,9526,1,1,2,1,2,200,0,2,80,2,2,3.3
0,16,167,5107,1,1,3,4,2,200,0,1,0,2,1,1.83
0,21,171,13396,1,1,3,3,2,272,0,1,55,1,4,4.58
1,20,178,11545,1,1,2,3,2,300,0,1,60,1,3,3.64
0,23,161,6300,0,1,3,3,0,200,0,2,60,1,1,2.43
1,30,178,10300,1,1,2,3,2,100,0,0,60,2,3,3.25
0,25,162,10430,1,1,3,3,2,125,0,0,55,1,4,3.97
1,26,176,11833,1,1,2,3,2,233,0,0,40,1,3,3.82
1,22,179,8925,1,1,1,2,2,237,0,0,0,1,6,2.79
1,33,170,9100,1,1,2,3,2,200,0,1,60,1,6,3.15
1,17,162,5500,0,1,2,3,2,300,0,1,60,1,1,2.1
1,23,172,5169,0,1,2,3,2,200,0,0,60,1,0,1.75
1,22,176,7500,1,1,1,3,2,200,1,2,0,0,1,2.42
1,23,176,7500,1,1,2,3,2,200,0,1,60,1,1,2.42
0,26,164,11194,1,1,3,3,2,278,0,0,6,1,4,4.16
0,38,162,7984,1,1,2,3,2,103,0,0,0,1,2,3.04
1,18,170,9163,1,1,2,3,2,200,0,2,49,1,6,3.17
0,23,165,8000,1,1,2,3,2,300,0,3,60,2,2,2.94
0,21,167,6924,1,0,2,1,2,163,0,0,0,2,6,2.48
0,19,150,5500,1,1,2,3,1,100,0,1,0,1,1,2.44
0,40,156,8093,1,1,2,3,2,200,0,0,0,1,2,3.33
1,30,170,10154,1,1,2,1,2,202,0,0,0,1,6,3.51
1,37,176,11853,1,1,1,3,2,206,0,0,28,1,3,3.83
1,16,150,6786,1,0,2,2,2,200,0,0,113,2,6,3.02
1,21,185,7500,0,1,3,3,1,200,0,1,120,1,1,2.19
1,23,177,11689,1,1,2,3,2,300,0,0,60,1,3,3.73
0,23,165,6000,1,1,2,1,2,200,0,0,120,1,5,2.2
1,23,172,6800,0,1,2,1,2,200,0,2,0,1,1,2.3
0,26,164,11103,1,1,3,3,2,270,0,0,13,1,4,4.13
0,23,167,7800,1,1,3,3,1,300,0,1,0,2,6,2.8
0,18,164,6839,1,1,2,3,2,200,0,1,108,1,5,2.54
0,26,162,11021,1,1,3,3,2,235,0,0,50,1,4,4.2
1,19,170,7800,1,0,2,3,2,100,0,2,60,1,6,2.7
1,20,179,10483,1,1,2,1,2,101,0,0,0,2,3,3.27
0,21,173,13484,1,1,3,3,2,247,0,1,58,1,4,4.51
1,25,183,11837,1,1,1,3,2,250,0,0,4,1,3,3.53
0,22,163,8200,1,1,2,1,2,200,0,0,78,1,2,3.09
1,18,178,7000,0,1,2,3,2,200,0,1,60,2,1,2.21
0,55,170,8000,1,1,3,3,2,100,0,1,60,2,6,2.77
0,21,160,6600,0,1,2,3,1,200,0,1,0,1,5,2.58
1,21,174,7500,1,1,3,4,1,300,0,2,0,1,5,2.48
0,22,158,7727,1,1,2,2,2,265,0,0,15,1,2,3.1
0,25,171,10479,1,1,3,3,2,161,0,0,33,1,4,3.58
0,26,164,11186,1,1,3,3,2,262,0,0,5,1,4,4.16
0,26,164,11195,1,1,3,3,2,278,0,0,5,1,4,4.16
0,26,164,11189,1,1,3,3,2,272,0,0,5,1,4,4.16
0,21,160,5700,0,1,2,3,2,300,1,3,0,1,1,2.23
0,26,162,10540,1,1,3,3,2,270,0,0,14,1,4,4.02
0,38,156,5300,1,1,3,3,2,200,0,1,60,1,1,2.18
1,22,182,12183,1,1,2,2,2,185,0,0,25,1,3,3.68
0,20,170,4986,1,1,2,3,1,124,0,1,8,2,0,1.73
1,30,184,12541,1,1,2,3,2,149,0,0,40,1,3,3.7
1,32,161,10213,1,1,2,2,2,100,0,1,55,2,3,3.94
1,18,170,8000,1,1,2,3,2,200,0,2,60,2,6,2.77
1,17,170,8300,1,0,2,4,1,200,0,1,60,2,6,2.87
1,18,170,7000,1,1,2,3,1,200,0,2,0,2,1,2.42
0,25,162,11194,1,1,3,3,2,100,0,1,39,1,4,4.27
1,22,173,9500,1,1,2,3,2,200,0,2,60,2,2,3.17
1,28,177,11277,1,1,1,3,2,200,0,0,37,1,3,3.6
0,21,174,13361,1,1,3,3,2,282,0,1,44,1,4,4.41
0,36,153,6241,1,1,2,3,2,220,0,0,59,1,0,2.67
1,30,160,10232,1,1,2,1,2,100,0,1,0,2,3,4.0
0,18,170,5000,0,1,3,3,2,200,0,2,60,2,0,1.73
1,19,185,8500,1,1,2,3,2,200,0,1,60,1,5,2.48
1,21,174,8965,1,1,2,1,2,267,0,0,28,1,5,2.96
0,16,160,4500,1,1,3,3,0,300,1,2,60,2,0,1.76
1,30,175,10281,1,1,2,3,2,100,0,0,47,1,3,3.36
0,21,174,13484,1,1,3,3,2,253,0,1,54,1,4,4.45
1,23,184,9700,1,1,3,3,2,300,0,3,0,2,2,2.87
0,18,164,5900,1,0,2,3,2,100,0,1,0,1,1,2.19
0,19,160,5000,0,1,3,3,2,300,0,0,60,2,1,1.95
1,25,176,11414,1,1,2,3,2,217,0,1,0,1,3,3.68
1,24,184,11763,1,1,1,2,2,200,0,1,4,1,3,3.47
1,24,160,10062,1,1,2,2,2,100,0,0,80,2,3,3.93
1,27,170,7100,1,1,3,3,0,100,0,2,0,1,1,2.46
0,20,181,13814,1,1,3,3,2,262,0,1,46,1,4,4.22
1,30,178,12015,1,1,2,3,2,215,0,1,10,1,3,3.79
0,19,170,6000,0,1,2,4,2,200,0,1,0,2,1,2.08
0,26,161,11194,1,1,3,3,2,261,0,0,5,1,4,4.32
0,24,166,11323,1,1,3,3,2,241,0,0,4,1,4,4.11
1,23,170,7500,1,1,2,3,2,200,0,0,120,2,5,2.6
0,18,156,5600,0,1,3,3,2,100,0,0,0,2,1,2.3
1,21,180,8800,1,1,2,1,2,300,0,1,0,1,5,2.72
1,24,177,12080,1,1,2,3,2,297,0,1,16,1,3,3.86
0,24,156,5000,0,0,2,4,1,200,0,2,0,2,0,2.05
0,17,174,5600,1,1,2,4,1,200,0,2,60,1,0,1.85
1,30,182,11902,1,1,1,3,2,200,0,2,43,1,3,3.59
1,18,183,10872,1,1,2,1,2,200,0,1,86,2,2,3.25
0,21,174,13388,1,1,3,3,2,284,0,1,41,1,4,4.42
0,19,177,13368,1,1,3,3,2,286,0,1,52,1,4,4.27
1,21,170,6500,1,1,2,3,1,200,0,1,0,1,1,2.25
1,21,182,8800,1,1,2,3,0,300,0,2,60,1,6,2.66
1,26,176,8522,1,1,2,3,2,284,0,0,47,1,6,2.75
0,19,153,4500,0,1,2,3,2,100,0,3,0,1,1,1.92
0,18,175,5000,0,1,3,3,1,100,0,2,60,1,0,1.63
1,20,180,8300,1,1,2,3,1,200,0,1,60,2,6,2.56
1,26,170,8200,1,1,2,3,2,200,0,0,5,1,6,2.84
1,55,170,8000,1,0,2,3,2,300,0,1,0,1,6,2.77
1,35,165,8000,1,1,2,3,2,200,0,1,90,2,6,2.94
0,34,168,7720,1,1,2,1,2,100,0,0,0,2,6,2.74
0,19,161,5900,1,1,1,3,2,100,1,1,120,1,1,2.28
1,18,175,5233,0,1,1,3,2,200,0,0,77,1,0,1.71
1,21,170,7000,0,1,2,1,3,283,0,1,0,1,5,2.42
1,19,178,10500,1,1,2,3,2,300,0,1,0,2,2,3.31
0,29,168,9000,1,1,2,1,2,172,0,1,0,1,2,3.19
1,24,188,12106,1,1,2,2,2,293,0,1,33,1,3,3.43
0,23,160,8400,1,1,2,3,2,300,0,3,0,2,2,3.28
1,18,170,8500,1,1,3,3,1,200,0,1,60,0,6,2.94
1,20,162,10325,1,1,2,1,2,100,0,0,66,2,3,3.93
1,23,165,7500,0,1,2,3,2,100,0,0,120,1,5,2.75
0,21,158,5300,0,1,2,3,2,100,0,3,0,1,1,2.12
0,27,155,6300,0,1,2,1,2,100,0,0,60,1,5,2.62
1,16,182,5800,0,0,2,4,0,300,0,1,60,2,0,1.75
1,18,183,5831,1,1,2,3,2,242,0,1,60,2,0,1.74
0,38,160,7500,0,1,2,3,1,100,1,0,0,1,5,2.93
0,19,160,6100,0,0,3,1,0,200,0,1,60,2,1,2.38
1,18,181,5626,1,1,2,3,2,200,0,1,93,1,0,1.72
0,26,164,11160,1,1,3,3,2,269,0,0,24,1,4,4.15
1,31,175,8500,1,1,2,3,2,100,1,1,0,0,5,2.78
0,21,177,13387,1,1,3,3,2,282,0,1,53,1,4,4.27
1,29,170,10258,1,1,2,3,2,100,0,1,3,2,3,3.55
1,30,178,12015,1,1,2,3,2,273,0,1,50,1,3,3.79
1,23,171,7500,1,1,2,3,2,133,0,0,8,1,5,2.56
0,18,163,5300,1,1,2,3,2,200,0,1,60,1,1,1.99
0,18,177,5700,0,1,3,3,2,200,0,1,0,1,1,1.82
0,23,175,13384,1,1,3,3,2,284,0,1,46,1,4,4.37
1,24,170,8000,0,1,2,3,2,200,0,1,60,0,6,2.77
0,26,160,10505,1,1,3,3,2,286,0,0,30,1,4,4.1
1,25,182,11837,1,1,1,3,2,204,0,1,4,1,3,3.57
0,22,161,8203,1,1,2,1,2,277,0,1,79,2,2,3.16
1,23,171,10632,1,1,2,3,2,200,0,0,109,1,2,3.64
1,23,174,9792,1,1,2,3,2,300,0,3,60,2,2,3.23
0,21,145,5000,0,1,2,3,2,200,0,1,60,1,1,2.38
1,29,184,12999,1,1,2,3,2,228,0,1,9,1,3,3.84
0,21,154,5300,0,1,2,1,2,200,0,1,60,1,1,2.23
1,18,171,9500,1,1,2,3,2,200,0,2,0,2,2,3.25
1,18,180,10701,1,1,2,3,2,284,0,1,0,2,2,3.3
1,29,178,10991,1,1,2,3,2,205,0,1,0,1,3,3.47
0,19,166,4993,1,1,2,3,2,274,0,2,60,1,0,1.81
0,20,169,12976,1,1,3,3,2,154,0,0,54,1,4,4.54
0,18,182,15272,1,1,3,3,2,216,0,1,55,1,4,4.61
1,34,173,8531,0,1,2,3,2,245,0,1,49,0,6,2.85
1,21,185,9636,1,1,2,2,2,297,0,1,0,2,2,2.82
1,21,162,7000,0,1,2,1,3,200,0,1,0,1,5,2.67
0,23,160,8400,1,1,2,3,2,200,0,3,0,1,2,3.28
0,21,165,8800,1,1,2,1,2,300,0,1,60,2,2,3.23
0,25,164,10999,1,1,3,3,2,271,0,0,27,1,4,4.09
1,18,175,8696,1,1,2,3,2,200,0,1,9,1,5,2.84
1,18,172,8000,1,1,2,1,2,200,0,1,60,2,5,2.7
0,25,164,10483,1,1,3,3,2,161,0,0,55,1,4,3.9
1,23,180,12020,1,1,2,3,2,264,0,1,80,1,3,3.71
1,21,172,8700,0,1,2,3,1,100,0,1,60,1,1,2.94
0,22,169,5188,1,1,2,3,2,108,0,0,0,2,0,1.82
1,20,171,5156,1,1,2,3,2,100,0,1,120,2,0,1.76
0,25,164,10492,1,1,3,3,2,122,0,0,27,1,4,3.9
1,21,177,10500,1,1,2,3,2,296,0,1,0,1,2,3.35
0,21,174,13304,1,1,3,3,2,247,0,1,44,1,4,4.39
1,18,168,7910,1,0,3,2,2,199,0,0,47,1,6,2.8
1,30,191,12996,1,1,2,3,2,132,0,1,0,1,3,3.56
0,22,161,8200,1,1,1,1,2,200,0,0,76,1,2,3.16
0,18,165,5600,1,1,3,3,2,200,0,2,60,0,1,2.06
0,22,161,8248,1,1,2,3,2,100,0,0,120,1,2,3.18
0,28,170,7872,1,1,2,1,1,200,0,0,60,1,6,2.72
0,26,165,11191,1,1,3,3,2,288,0,0,37,1,4,4.11
1,21,171,7500,1,1,3,3,2,300,1,2,0,1,5,2.56
1,33,170,10301,1,1,2,2,2,100,0,0,113,2,3,3.56
1,18,182,5920,1,1,2,3,2,215,0,2,60,1,0,1.79
0,21,162,6801,1,1,1,2,3,292,0,0,33,1,5,2.59
0,20,173,13364,1,1,3,3,2,270,0,1,44,1,4,4.47
1,25,184,11757,1,1,2,3,2,200,0,1,0,1,3,3.47
0,21,174,13534,1,1,3,3,2,160,0,1,28,1,4,4.47
1,25,177,11400,1,1,2,3,2,217,0,0,17,1,3,3.64
1,17,184,5940,1,1,2,4,2,200,0,2,37,2,0,1.75
1,21,167,8000,1,1,2,2,2,199,0,1,81,2,6,2.87
0,37,158,7916,1,1,2,3,2,130,0,0,0,2,2,3.17
1,23,181,10542,1,1,2,3,2,300,0,1,115,1,2,3.22
0,21,160,5600,0,1,2,3,2,200,0,1,0,2,1,2.19
0,38,160,8000,1,1,2,3,2,103,0,0,0,1,2,3.12
0,26,160,6800,1,0,2,3,2,100,0,0,60,1,5,2.66
0,26,163,11054,1,1,3,3,2,270,0,0,13,1,4,4.16
1,22,177,11616,1,1,2,2,2,200,0,1,0,1,3,3.71
0,21,175,13384,1,1,3,3,2,253,0,1,48,1,4,4.37
1,22,168,7900,1,1,2,1,2,200,0,1,0,1,6,2.8
0,18,175,5112,0,1,2,3,2,108,0,0,92,1,0,1.67
1,21,178,8860,1,1,2,3,2,277,0,2,5,1,2,2.8
1,21,162,4500,0,1,2,3,3,200,0,1,0,1,0,1.71
1,21,185,9000,1,1,3,3,1,200,0,1,0,1,5,2.63
1,21,170,5300,1,0,2,3,2,200,0,3,60,1,1,1.83
0,21,172,7896,1,1,2,1,2,200,0,0,91,1,2,2.67
1,19,180,8700,1,1,3,3,2,200,0,2,60,1,5,2.69
1,18,183,8300,1,0,2,3,1,100,0,3,120,2,1,2.48
1,19,170,8310,1,1,2,2,2,177,0,1,105,1,6,2.88
0,18,170,5000,0,1,1,4,1,200,0,2,60,1,0,1.73
0,31,168,7300,1,0,2,3,2,100,0,0,60,1,5,2.59
1,18,178,10998,1,1,2,1,2,212,0,0,10,2,2,3.47
0,47,155,7735,1,1,2,2,2,167,0,0,42,1,5,3.22
1,25,177,11413,1,1,2,3,2,210,0,1,33,1,3,3.64
1,19,182,7200,1,1,2,3,2,200,0,1,60,1,1,2.17
1,24,177,11874,1,1,2,2,2,204,0,0,25,1,3,3.79
1,21,170,8000,1,1,2,1,2,200,0,1,120,2,6,2.77
1,23,175,11944,1,1,2,3,2,292,0,1,11,1,3,3.9
1,26,165,7000,0,0,2,4,2,200,0,2,60,2,5,2.57
0,20,191,12996,1,1,3,3,2,125,0,1,49,1,4,3.56
1,17,165,8500,1,0,2,3,1,200,0,1,60,1,6,3.12
0,22,164,4405,0,1,3,1,1,201,0,0,0,2,0,1.64
1,17,176,5858,1,1,2,4,2,200,0,2,60,2,0,1.89
1,19,185,5600,0,1,2,4,1,200,0,2,60,1,0,1.64
0,18,165,5900,1,1,2,3,1,200,0,2,0,2,1,2.17
1,25,176,11414,1,1,1,3,2,265,0,1,41,1,3,3.68
0,22,160,8200,1,1,1,1,2,200,0,0,18,1,2,3.2
1,21,166,6000,1,1,2,1,2,100,0,1,0,1,1,2.18
0,25,172,10492,1,1,3,3,2,142,0,0,32,1,4,3.55
1,23,174,8328,1,1,2,2,2,226,0,1,9,2,6,2.75
1,21,167,7500,1,1,2,3,2,102,0,0,115,1,5,2.69
0,19,154,4200,0,0,2,1,1,100,0,0,0,0,0,1.77
1,19,160,7900,1,0,2,3,2,200,0,2,120,2,6,3.09
1,31,175,11823,1,1,2,3,2,253,0,0,0,1,3,3.86
0,23,167,4500,0,0,3,3,1,100,0,2,0,2,0,1.61
1,31,170,6800,1,1,3,3,1,200,0,1,60,1,1,2.35
1,18,170,8500,1,1,1,3,2,200,0,1,60,1,6,2.94
1,24,175,11242,1,1,1,1,2,272,0,1,0,1,3,3.67
0,21,162,6800,0,1,2,3,3,300,0,1,0,1,5,2.59
1,30,171,7100,1,1,2,3,1,200,0,2,0,1,1,2.43
1,23,175,9529,1,1,2,3,2,226,0,3,46,2,2,3.11
0,20,157,4153,0,0,2,1,2,113,0,0,43,1,0,1.68
0,21,153,4265,0,1,3,1,1,210,1,0,32,2,0,1.82
0,19,155,4200,0,0,3,1,1,100,0,1,0,1,0,1.75
1,17,180,9700,1,1,2,3,2,300,0,0,60,1,6,2.99
0,19,182,13395,1,1,3,3,2,283,0,1,49,1,4,4.04
0,21,165,8224,1,1,2,2,2,220,0,2,103,1,2,3.02
1,25,176,11739,1,1,1,3,2,200,0,1,2,1,3,3.79
0,26,164,10669,1,1,3,3,2,261,0,0,31,1,4,3.97
1,18,170,6800,0,1,3,3,2,200,0,1,60,2,1,2.35
0,21,160,4200,0,1,3,1,1,100,0,0,0,1,0,1.64
0,25,162,10483,1,1,3,3,2,261,0,0,35,1,4,3.99
0,20,159,4336,0,0,2,1,1,255,0,0,0,2,0,1.72
0,32,156,6200,0,1,2,1,2,200,0,0,60,1,5,2.55
1,18,170,5000,1,1,2,3,2,200,0,2,60,1,0,1.73
1,26,175,11905,1,1,2,3,2,271,0,1,0,1,3,3.89
0,18,173,5205,1,1,3,3,2,100,0,0,22,2,1,1.74
0,23,169,11413,1,1,3,3,2,241,0,0,40,1,4,4.0
0,20,176,12814,1,1,3,3,2,250,0,0,28,1,4,4.14
0,27,154,7381,1,0,2,3,2,200,0,0,120,1,5,3.11
0,21,160,6877,1,1,2,3,2,200,0,0,0,1,5,2.69
0,23,160,8200,1,1,2,3,2,100,0,0,120,2,2,3.2
0,20,176,12814,1,1,3,3,2,244,0,1,44,1,4,4.14
1,30,182,12069,1,1,2,3,2,193,0,1,40,1,3,3.64
1,17,172,6600,1,1,3,3,0,200,0,1,120,1,1,2.23
1,22,179,9619,1,1,2,3,2,286,0,2,72,2,2,3.0
1,24,160,11200,1,1,1,3,2,200,0,0,10,1,3,4.37
1,22,175,5562,1,1,2,4,2,277,0,2,86,2,0,1.82
0,18,155,5600,1,1,3,3,2,200,1,3,120,2,1,2.33
1,25,177,11413,1,1,2,3,2,215,0,1,40,1,3,3.64
0,20,174,13387,1,1,3,3,2,292,0,1,47,1,4,4.42
1,24,177,12000,1,1,2,3,2,300,0,1,60,1,3,3.83
0,26,164,11183,1,1,3,3,2,277,0,0,12,1,4,4.16
1,18,174,10800,1,0,3,3,2,200,0,1,0,2,2,3.57
1,18,165,9500,1,1,2,3,2,200,0,1,6,2,2,3.49
0,26,163,11153,1,1,3,3,2,270,0,0,33,1,4,4.2
1,23,187,12173,1,1,2,2,2,249,0,1,0,1,3,3.48
0,25,161,10492,1,1,3,3,2,171,0,0,35,1,4,4.05
1,20,165,10459,1,1,2,2,2,127,0,1,0,2,3,3.84
1,55,175,8000,1,1,2,3,2,200,0,2,60,1,5,2.61
1,21,172,7525,1,1,2,3,2,170,0,1,0,1,5,2.54
1,26,175,11943,1,1,2,3,2,204,0,0,40,1,3,3.9
0,26,159,11016,1,1,3,3,2,244,0,0,29,1,4,4.36
0,21,161,6885,1,1,1,3,2,200,0,1,60,1,5,2.66
1,18,179,10830,1,1,2,1,2,250,0,1,0,2,2,3.38
0,26,164,11181,1,1,3,3,2,255,0,0,12,1,4,4.16
0,20,170,5000,0,1,1,4,1,100,0,2,60,1,0,1.73
1,22,166,12145,1,1,2,1,2,153,0,0,62,1,3,4.41
1,17,190,5900,0,1,2,4,2,200,0,2,60,1,0,1.63
1,22,171,6800,1,1,2,3,2,200,0,0,60,1,1,2.33
1,17,182,5800,0,0,3,3,0,200,1,3,60,2,1,1.75
0,21,167,7722,1,0,2,1,2,100,0,0,0,2,6,2.77
0,17,170,5000,0,1,1,4,2,100,0,2,60,1,0,1.73
0,26,159,11080,1,1,3,3,2,270,0,0,16,1,4,4.38
1,27,175,12090,1,1,2,3,2,216,0,1,26,1,3,3.95
1,29,168,7800,0,0,3,1,1,200,0,1,60,1,6,2.76
0,37,154,6241,1,1,2,1,2,168,0,1,0,1,5,2.63
1,17,170,5500,1,1,3,4,1,200,0,2,60,1,1,1.9
0,26,163,11080,1,1,3,3,2,270,0,0,16,1,4,4.17
0,22,161,8203,1,1,2,1,2,200,0,0,120,2,2,3.16
0,21,162,6481,1,1,2,1,2,227,0,0,55,1,5,2.47
0,26,159,11092,1,1,3,3,2,261,0,0,8,1,4,4.39
1,33,174,10701,1,1,2,3,2,275,0,1,0,1,2,3.53
0,21,159,4200,0,1,3,1,1,100,1,1,0,1,5,1.66
1,21,162,7000,1,1,2,1,3,300,0,1,0,1,5,2.67
1,30,179,11816,1,1,2,3,2,217,0,1,0,1,3,3.69
1,23,178,7500,1,0,2,3,2,200,0,2,60,1,1,2.37
0,23,160,5600,0,1,2,3,2,200,0,1,60,1,1,2.19
0,26,161,11194,1,1,3,3,2,274,0,0,16,1,4,4.32
1,25,181,11842,1,1,1,3,2,259,0,0,28,1,3,3.61
1,25,177,11775,1,1,1,3,2,200,0,1,37,1,3,3.76
1,23,160,5500,1,1,2,3,2,200,0,1,0,1,1,2.15
0,21,159,4400,0,0,3,1,1,100,0,0,0,1,0,1.74
0,19,155,4200,0,1,3,3,1,152,1,1,5,1,0,1.75
1,30,182,12086,1,1,2,3,2,273,0,1,10,1,3,3.65
1,25,177,11400,1,1,1,3,2,203,0,0,2,1,3,3.64
1,33,171,8395,0,1,2,2,2,214,0,2,0,2,5,2.87
1,21,171,8000,1,1,2,3,2,200,0,0,80,1,6,2.74
0,26,163,11194,1,1,3,3,2,270,0,0,12,1,4,4.21
0,19,148,4200,0,0,3,2,1,162,0,0,33,1,0,1.92
0,19,170,5800,0,1,2,3,2,100,0,0,60,1,1,2.01
0,22,154,4700,1,1,2,3,2,200,0,1,0,2,1,1.98
1,21,180,6000,0,1,2,3,1,200,0,2,60,2,1,1.85
0,19,173,13257,1,1,3,3,2,243,0,1,34,1,4,4.43
0,21,162,7000,0,1,2,1,3,300,0,1,0,2,5,2.67
1,18,182,7100,1,0,2,3,2,200,0,0,60,1,1,2.14
0,18,171,5200,1,1,2,3,1,200,0,0,109,2,0,1.78
1,29,175,11243,1,1,2,3,2,200,0,0,60,1,3,3.67
0,20,180,15461,1,1,3,3,2,238,0,1,47,1,4,4.77
0,18,162,5900,1,1,2,3,2,200,0,1,60,2,1,2.25
1,26,185,12124,1,1,3,3,2,300,0,0,0,1,3,3.54
1,18,170,9700,1,1,2,3,2,300,0,3,0,2,2,3.36
0,37,155,7705,1,1,2,2,2,150,0,0,0,1,2,3.21
1,18,180,9500,1,1,2,3,2,300,0,1,120,1,6,2.93
1,27,183,7100,1,0,3,3,2,200,0,3,0,1,1,2.12
1,17,180,7000,1,1,2,3,1,100,0,1,0,1,1,2.16
0,21,174,13387,1,1,3,3,2,172,0,1,56,1,4,4.42
0,22,174,13361,1,1,3,3,2,282,0,1,55,1,4,4.41
0,26,163,11082,1,1,3,3,2,270,0,0,12,1,4,4.17
1,23,183,10503,1,1,2,3,2,300,0,0,120,1,2,3.14
1,31,175,11866,1,1,2,3,2,286,0,0,0,1,3,3.87
0,18,156,5600,0,0,2,3,2,200,0,2,0,2,1,2.3
1,21,160,7000,0,1,2,1,3,200,0,1,0,1,5,2.73
0,18,177,8608,1,1,2,3,2,270,0,1,7,2,2,2.75
1,17,185,8530,1,1,2,4,2,263,0,2,54,1,5,2.49
0,16,160,5000,0,0,3,3,2,200,0,0,60,2,1,1.95
1,30,180,12054,1,1,2,3,2,219,0,1,71,1,3,3.72
1,24,169,9857,1,1,2,2,2,100,0,1,0,2,3,3.45
1,33,172,8300,1,1,2,1,2,200,0,2,0,2,6,2.81
0,18,160,8000,1,1,2,1,2,100,0,0,120,1,2,3.12
0,25,168,10477,1,1,3,3,2,148,0,0,31,1,4,3.71
0,22,173,5145,1,1,2,3,1,177,0,1,60,2,0,1.72
0,18,170,5000,1,1,1,3,2,100,0,1,60,2,0,1.73
0,34,168,7700,0,1,3,3,2,100,0,0,0,2,6,2.73
0,18,169,5000,1,1,3,3,1,200,0,2,60,2,0,1.75
1,19,180,8569,1,1,2,3,2,295,0,1,28,1,5,2.64
1,26,182,12080,1,1,2,3,2,210,0,0,38,1,3,3.65
0,22,151,6332,1,1,2,1,2,277,0,0,8,1,5,2.78
0,26,164,11168,1,1,3,3,2,273,0,0,48,1,4,4.15
0,18,174,13366,1,1,3,3,2,286,0,1,37,1,4,4.41
1,34,169,8328,1,1,3,3,2,300,0,1,0,2,6,2.92
1,37,175,11827,1,1,2,3,2,228,0,0,0,1,3,3.86
0,21,173,13152,1,1,3,3,2,180,0,1,55,1,4,4.39
1,22,169,7500,1,1,2,3,2,300,0,0,60,1,2,2.63
0,38,153,7500,1,1,2,3,2,200,0,2,0,1,2,3.2
0,26,161,11193,1,1,3,3,2,262,0,0,9,1,4,4.32
0,21,172,13133,1,1,3,3,2,165,0,1,56,1,4,4.44
1,18,170,5100,0,1,2,3,2,200,0,1,60,1,0,1.76
1,30,177,11833,1,1,2,3,2,215,0,0,80,1,3,3.78
0,19,155,7910,1,1,3,1,2,100,0,0,0,1,6,3.29
0,20,168,12410,1,1,3,3,2,143,0,0,37,1,4,4.4
0,26,163,11182,1,1,3,3,2,263,0,0,13,1,4,4.21
0,30,150,7900,1,1,2,3,2,100,0,0,0,1,2,3.51
0,26,164,11187,1,1,3,3,2,262,0,0,5,1,4,4.16
1,21,175,7044,0,1,2,3,3,300,0,0,44,1,5,2.3
1,22,178,6800,1,1,2,3,2,200,0,0,60,1,1,2.15
1,28,176,11323,1,1,2,3,2,205,0,1,0,1,3,3.66
1,24,184,12186,1,1,2,2,2,201,0,0,53,1,3,3.6
1,21,162,7000,0,0,2,1,3,300,0,1,0,1,5,2.67
0,25,161,10209,1,1,3,3,2,106,0,0,60,1,4,3.94
0,26,162,11155,1,1,3,3,2,262,0,0,8,1,4,4.25
0,23,164,5600,1,1,3,3,2,200,0,1,60,1,1,2.08
1,33,179,9744,1,1,2,2,2,200,0,1,58,1,6,3.04
0,19,154,4200,0,1,3,1,1,100,0,0,0,1,0,1.77
1,18,188,6011,1,1,3,4,2,200,0,1,15,2,0,1.7
1,31,178,12015,1,1,2,3,2,216,0,1,0,1,3,3.79
0,26,164,11148,1,1,3,3,2,244,0,0,11,1,4,4.14
1,24,176,11307,1,1,1,3,2,200,0,1,0,1,3,3.65
1,20,165,6000,0,1,2,4,2,200,0,3,60,2,1,2.2
1,23,165,6200,0,0,2,4,1,200,1,0,0,1,5,2.28
0,21,157,5000,0,1,3,3,2,200,0,1,60,2,1,2.03
1,30,176,11826,1,1,2,3,2,200,0,0,20,1,3,3.82
0,26,165,11193,1,1,3,3,2,261,0,0,14,1,4,4.11
0,26,163,11194,1,1,3,3,2,268,0,0,5,1,4,4.21
1,21,170,7500,1,1,2,3,2,300,0,1,60,1,5,2.6
0,21,156,4800,0,1,3,3,2,200,0,1,0,2,1,1.97
1,23,175,12500,1,0,2,1,2,200,0,1,60,2,3,4.08
1,22,187,12127,1,1,2,2,2,192,0,1,0,1,3,3.47
1,27,175,11774,1,1,1,2,2,204,0,1,0,1,3,3.84
0,18,178,15461,1,1,3,3,2,230,0,1,47,1,4,4.88
0,25,163,11092,1,1,3,3,2,153,0,0,12,1,4,4.17
1,19,182,6400,1,1,3,3,1,200,0,1,120,1,1,1.93
1,22,178,12098,1,1,2,3,2,215,0,1,51,1,3,3.82
1,23,178,8000,1,1,2,3,1,200,0,3,60,2,6,2.52
0,18,161,8240,1,1,2,2,2,220,0,0,92,2,2,3.18
0,21,162,5500,0,1,2,3,1,100,0,0,60,1,1,2.1
0,26,163,11182,1,1,3,3,2,270,0,0,5,1,4,4.21
0,20,167,7800,1,1,3,2,2,200,0,1,0,2,6,2.8
0,20,173,7817,1,1,2,1,2,200,0,2,0,1,5,2.61
0,22,162,8200,1,1,3,3,2,300,0,1,0,1,2,3.12
0,19,170,4500,0,1,3,3,1,200,0,1,0,1,0,1.56
1,22,177,7700,0,1,2,3,2,100,0,1,0,2,1,2.46
0,21,165,7000,0,1,3,3,1,200,0,1,0,1,1,2.57
1,21,167,12260,1,1,2,1,2,116,0,0,113,1,3,4.4
1,28,184,11274,1,1,1,3,2,245,0,0,0,1,3,3.33
1,21,183,10503,1,1,2,3,2,196,0,0,114,1,2,3.14
0,40,170,8000,0,1,2,3,1,200,0,2,60,0,6,2.77
1,22,171,7500,1,1,2,3,2,206,0,1,7,1,5,2.56
1,22,162,5600,1,1,2,3,2,200,0,1,60,1,1,2.13
0,30,160,6100,1,1,2,3,2,100,0,0,0,1,1,2.38
1,23,170,8000,1,1,2,2,2,129,0,0,96,1,6,2.77
0,21,173,13347,1,1,3,3,2,270,0,1,55,1,4,4.46
0,21,176,6300,1,1,3,1,1,300,0,3,0,2,5,2.03
0,23,156,6503,1,0,2,1,2,200,0,0,0,1,6,2.67
1,30,190,12987,1,1,2,3,2,198,0,0,1,1,3,3.6
1,26,181,11833,1,1,3,2,2,271,0,0,0,1,3,3.61
1,25,174,10642,1,1,3,3,2,100,0,1,35,1,3,3.51
0,26,162,10492,1,1,3,3,2,265,0,0,33,1,4,4.0
1,20,177,5500,1,1,2,3,2,200,0,2,60,2,0,1.76
0,26,163,11158,1,1,3,3,2,255,0,0,14,1,4,4.2
0,21,168,12183,1,1,3,3,2,148,0,1,54,1,4,4.32
0,21,176,13395,1,1,3,3,2,247,0,1,54,1,4,4.32
1,21,167,8000,1,1,2,3,2,200,0,3,120,1,6,2.87
1,27,175,8811,1,1,1,1,2,200,0,0,18,1,6,2.88
0,21,174,13384,1,1,3,3,2,284,0,1,50,1,4,4.42
0,25,162,10547,1,1,3,3,2,261,0,0,48,1,4,4.02
1,31,177,12074,1,1,2,3,2,236,0,1,18,2,3,3.85
0,41,156,8000,1,1,2,1,2,200,0,0,0,1,2,3.29
0,26,166,11194,1,1,3,3,2,263,0,0,8,1,4,4.06
0,24,160,8468,1,1,2,3,2,100,0,1,0,2,2,3.31
0,26,164,11189,1,1,3,3,2,271,0,0,9,1,4,4.16
0,25,162,10252,1,1,3,3,2,100,0,0,30,1,4,3.91
0,22,163,5800,1,1,1,3,2,100,0,0,0,1,1,2.18
0,24,162,8400,1,1,2,1,2,300,0,1,0,2,2,3.2
0,24,165,11243,1,1,3,3,2,209,0,0,35,1,4,4.13
0,21,174,13357,1,1,3,3,2,286,0,1,49,1,4,4.41
0,26,161,10482,1,1,3,3,2,256,0,0,41,1,4,4.04
1,18,172,5200,0,1,2,4,2,200,0,2,60,2,0,1.76
0,21,165,8800,1,1,2,1,2,200,0,1,60,2,2,3.23
1,19,166,8560,1,1,2,3,2,243,0,1,58,2,5,3.11
1,23,167,7500,1,0,3,3,0,100,1,2,120,2,5,2.69
0,25,162,11093,1,1,3,3,2,175,0,0,26,1,4,4.23
0,19,150,6365,0,1,2,2,2,127,1,0,38,1,5,2.83
1,17,175,6000,1,1,2,4,2,200,0,2,0,2,0,1.96
0,23,159,5000,0,1,2,3,0,200,0,0,60,1,1,1.98
1,23,165,9000,1,1,2,3,2,300,0,0,120,2,2,3.31
1,21,178,10800,1,1,2,1,3,300,0,1,0,2,2,3.41
1,25,161,10492,1,1,2,1,2,196,0,1,42,2,3,4.05
0,26,162,10998,1,1,3,3,2,268,0,0,27,1,4,4.19
1,20,170,6500,1,0,2,3,2,300,1,1,60,1,1,2.25
0,25,166,10483,1,1,3,3,2,103,0,0,48,1,4,3.8
1,30,170,10255,1,1,2,1,2,103,0,1,56,2,3,3.55
1,18,182,7976,1,1,2,3,2,200,0,1,6,2,5,2.41
1,18,175,5208,1,1,1,3,2,200,0,1,60,1,0,1.7
0,23,162,8285,1,1,2,2,2,101,0,1,37,2,2,3.16
1,33,187,10325,1,1,2,2,2,100,0,1,0,1,3,2.95
0,18,160,8500,1,1,2,3,2,300,0,1,120,1,2,3.32
1,27,170,8000,0,1,2,3,2,200,0,2,60,0,6,2.77
1,24,182,12086,1,1,2,3,2,209,0,1,6,1,3,3.65
0,23,166,6000,1,1,2,3,2,200,0,0,0,2,1,2.18
1,38,168,7500,1,0,2,3,1,100,0,1,0,1,5,2.66
0,25,150,7800,1,1,2,3,2,200,0,0,0,0,2,3.47
1,28,175,12080,1,1,2,3,2,211,0,0,0,1,3,3.94
1,21,169,7500,1,1,2,1,2,300,0,1,0,1,5,2.63
0,19,180,15256,1,1,3,3,2,283,0,1,56,1,4,4.71
0,18,172,13348,1,1,3,3,2,286,0,1,37,1,4,4.51
1,33,185,9331,1,1,2,3,2,187,0,2,0,1,6,2.73
1,30,178,12060,1,1,2,3,2,231,0,0,0,1,3,3.81
1,22,186,12168,1,1,2,2,2,197,0,0,0,1,3,3.52
1,26,177,11413,1,1,2,3,2,209,0,1,4,1,3,3.64
1,33,169,8398,1,1,2,2,2,245,0,0,10,2,6,2.94
0,25,162,10474,1,1,3,3,2,168,0,0,0,1,4,3.99
1,23,185,12202,1,1,2,2,2,200,0,1,0,1,3,3.57
0,18,173,8200,1,1,2,2,2,166,0,0,76,2,2,2.74
0,25,168,10475,1,1,3,3,2,281,0,0,39,1,4,3.71
0,21,173,13316,1,1,3,3,2,286,0,1,37,1,4,4.45
0,26,164,11188,1,1,3,3,2,261,0,0,8,1,4,4.16
1,18,174,5000,0,1,2,3,1,100,0,1,60,1,0,1.65
0,21,175,13384,1,1,3,3,2,286,0,1,49,1,4,4.37
0,18,174,13366,1,1,3,3,2,286,0,1,58,1,4,4.41
0,25,162,10494,1,1,3,3,2,272,0,0,46,1,4,4.0
1,30,175,11827,1,1,2,3,2,200,0,1,0,1,3,3.86
1,18,175,5200,1,1,3,4,1,200,0,2,60,1,0,1.7
1,25,175,11836,1,1,2,3,2,209,0,1,3,1,3,3.86
1,18,171,5000,0,1,1,3,2,109,0,0,80,1,0,1.71
1,30,177,12089,1,1,2,3,2,217,0,0,6,1,3,3.86
1,18,163,7000,1,1,3,3,1,200,0,1,60,2,1,2.63
0,23,166,11390,1,1,3,3,2,247,0,0,29,1,4,4.13
0,19,165,6000,0,1,2,1,2,200,0,1,0,1,5,2.2
0,25,163,11077,1,1,3,3,2,247,0,0,32,1,4,4.17
0,21,165,5900,1,1,2,3,0,200,0,1,0,1,1,2.17
0,21,162,5800,0,1,3,1,2,200,0,2,0,1,1,2.21
1,25,176,11283,1,1,1,3,2,200,0,1,104,1,3,3.64
1,34,178,8600,0,0,2,1,2,200,0,1,0,2,6,2.71
1,24,170,8300,1,1,2,3,2,200,0,1,60,1,6,2.87
1,31,171,12495,1,1,2,3,2,188,0,1,0,1,3,4.27
1,18,175,8000,1,1,2,1,2,108,0,1,3,2,5,2.61
0,21,176,13366,1,1,3,3,2,286,0,1,56,1,4,4.31
0,18,160,5300,0,1,3,3,2,200,0,1,120,1,0,2.07
0,26,159,10430,1,1,3,3,2,219,0,0,32,1,4,4.13
0,26,163,11187,1,1,3,3,2,261,0,0,26,1,4,4.21
1,25,179,11413,1,1,2,3,2,209,0,1,0,1,3,3.56
1,24,180,12008,1,1,2,3,2,272,0,1,40,1,3,3.71
1,22,178,9526,1,1,2,3,2,200,0,2,62,2,2,3.01
1,31,180,9200,1,1,2,1,2,200,0,1,0,1,6,2.84
0,23,168,5150,1,1,3,3,1,200,0,1,0,2,0,1.82
0,21,170,7500,0,1,3,3,2,100,0,2,0,1,5,2.6
0,26,164,11193,1,1,3,3,2,270,0,0,9,1,4,4.16
0,30,150,7800,1,1,2,3,2,100,0,0,0,1,2,3.47
1,23,165,9532,1,1,2,3,2,200,0,0,106,2,3,3.5
1,27,177,11616,1,1,1,3,2,200,0,0,65,1,3,3.71
1,22,186,12131,1,1,2,2,2,137,0,0,0,1,3,3.51
1,19,178,8993,1,1,1,3,2,200,0,2,0,1,5,2.84
0,21,172,13361,1,1,3,3,2,288,0,1,56,1,4,4.52
1,18,179,10874,1,1,2,3,2,249,0,1,0,2,2,3.39
0,26,165,11192,1,1,3,3,2,267,0,0,5,1,4,4.11
0,22,172,6600,1,1,3,3,2,200,0,2,120,2,1,2.23
0,26,162,10525,1,1,3,3,2,266,0,0,43,1,4,4.01
1,27,175,11201,1,1,2,3,2,200,0,0,104,1,3,3.66
0,39,172,8000,0,1,2,1,2,200,0,2,0,1,5,2.7
1,17,185,5500,0,1,2,4,2,200,0,3,60,2,1,1.61
0,20,162,10278,1,1,3,3,2,106,0,1,27,1,4,3.92
0,25,162,10476,1,1,3,3,2,265,0,0,37,1,4,3.99
0,30,168,7393,1,1,2,3,2,200,0,2,0,0,5,2.62
0,23,164,6400,0,1,3,3,2,200,0,2,0,1,1,2.38
0,21,175,7900,1,1,2,1,2,300,0,2,0,1,5,2.58
1,19,162,6900,0,1,2,1,3,200,0,1,0,1,5,2.63
1,22,179,8986,1,1,1,2,2,200,0,0,37,1,2,2.8
1,21,178,8800,1,1,2,3,2,200,0,3,0,1,6,2.78
0,21,164,5600,1,1,3,3,2,200,0,1,0,0,1,2.08
1,25,187,9619,1,1,1,2,2,283,0,1,0,1,6,2.75
0,26,162,11148,1,1,3,3,2,272,0,0,16,1,4,4.25
1,21,183,7500,1,1,2,3,2,300,0,1,0,2,1,2.24
0,26,161,10480,1,1,3,3,2,270,0,0,16,1,4,4.04
1,21,170,7000,1,1,2,3,2,300,0,1,0,1,1,2.42
0,25,164,10998,1,1,3,3,2,151,0,0,26,1,4,4.09
0,26,179,7809,1,1,2,1,2,200,0,0,55,1,6,2.44
0,19,170,7800,1,1,3,1,1,200,0,2,60,2,6,2.7
1,33,174,8421,1,1,2,3,2,213,0,1,0,2,6,2.78
0,19,164,4983,0,0,3,3,1,271,0,0,60,1,0,1.85
0,23,175,7804,1,1,1,1,2,200,0,1,113,2,6,2.55
0,26,162,11193,1,1,3,3,2,262,0,0,16,1,4,4.26
1,21,171,7500,1,1,2,1,1,200,0,1,0,1,5,2.56
1,30,182,12060,1,1,2,3,2,284,0,0,17,1,3,3.64
0,26,163,11158,1,1,3,3,2,251,0,0,5,1,4,4.2
0,26,171,7863,1,1,2,3,2,229,0,0,0,0,5,2.69
0,26,160,4500,0,1,3,3,0,200,0,1,0,1,1,1.76
0,26,161,11062,1,1,3,3,2,243,0,0,33,1,4,4.27
1,24,175,11287,1,1,1,2,2,200,0,1,47,1,3,3.69
0,18,173,13211,1,1,3,3,2,286,0,0,50,1,4,4.41
1,55,183,8500,1,0,2,3,2,200,0,3,0,1,6,2.54
0,21,155,6233,0,1,2,1,2,161,0,0,0,1,5,2.59
0,21,171,13140,1,1,3,3,2,141,0,1,54,1,4,4.49
0,38,155,7863,1,1,2,1,2,300,0,0,0,1,2,3.27
1,30,175,10900,1,0,3,3,3,100,0,1,0,1,3,3.56
1,29,184,10482,1,1,2,2,2,218,0,1,0,1,2,3.1
1,22,175,12500,1,1,3,1,2,200,0,1,0,1,3,4.08
1,23,177,9781,1,1,2,3,2,200,0,0,120,2,2,3.12
0,26,164,11188,1,1,3,3,2,276,0,0,5,1,4,4.16
1,18,175,5483,1,1,2,3,2,200,0,2,120,1,0,1.79
0,23,160,5500,0,1,2,3,2,200,0,1,60,2,5,2.15
1,24,178,8649,1,1,2,2,2,204,0,0,41,1,6,2.73
0,37,156,7612,1,1,2,3,2,145,0,0,0,1,2,3.13
1,30,175,11287,1,1,2,3,2,203,0,0,17,1,3,3.69
1,30,190,12967,1,1,2,3,2,195,0,0,39,1,3,3.59
1,37,175,11829,1,1,2,3,2,177,0,0,0,1,3,3.86
0,18,163,5600,1,1,3,3,1,200,1,1,60,2,1,2.11
1,22,175,10500,1,1,3,3,2,200,0,1,93,1,2,3.43
0,16,157,5499,1,1,2,3,2,203,0,2,58,1,0,2.23
0,25,160,10470,1,1,3,3,2,149,0,0,40,1,4,4.09
1,25,175,11500,1,0,2,3,2,300,0,1,60,1,3,3.76
0,26,165,11191,1,1,3,3,2,281,0,0,9,1,4,4.11
1,17,180,9500,1,0,3,3,1,200,0,2,60,1,6,2.93
0,17,170,9735,1,1,2,2,2,200,0,0,60,2,2,3.37
0,26,165,11195,1,1,3,3,2,277,0,0,9,1,4,4.11
0,18,162,4500,0,1,2,3,1,100,0,1,60,1,0,1.71
0,22,160,8200,1,1,1,1,2,200,0,0,19,1,2,3.2
1,27,169,9970,1,1,2,1,2,200,0,1,31,2,3,3.49
0,17,176,5501,0,1,1,4,2,200,0,2,60,1,0,1.78
1,24,176,11736,1,1,2,2,2,276,0,1,0,1,3,3.79
0,19,158,4236,0,1,3,3,1,159,0,1,0,1,0,1.7
1,19,173,8531,1,1,2,3,2,231,0,0,41,1,6,2.85
0,32,163,10200,1,0,3,1,2,100,0,0,60,2,3,3.84
1,23,186,12128,1,1,3,3,2,200,0,0,0,1,3,3.51
1,34,170,8419,1,1,2,3,2,200,0,2,0,1,6,2.91
0,21,174,13366,1,1,3,3,2,285,0,1,37,1,4,4.41
0,23,158,7000,1,1,2,1,2,300,0,0,0,2,2,2.8
1,18,172,5251,1,1,1,3,2,100,0,0,95,1,0,1.77
1,30,176,10148,1,1,2,3,2,100,0,0,60,2,3,3.28
0,18,156,5100,0,1,3,3,2,200,0,1,60,2,1,2.1
1,18,184,8986,1,1,1,3,2,200,0,0,60,1,5,2.65
1,17,178,5600,0,1,3,3,1,100,0,0,0,2,0,1.77
0,17,166,6000,0,1,2,3,2,100,0,1,60,2,1,2.18
1,17,180,9300,1,1,2,3,2,100,0,2,120,1,6,2.87
0,19,156,7800,1,0,3,3,2,200,0,3,60,2,6,3.21
1,18,167,6200,1,0,3,4,1,200,0,0,120,2,1,2.22
1,27,182,9953,1,1,2,3,2,208,0,2,0,1,6,3.0
0,21,163,7000,1,1,3,3,2,200,0,2,120,1,1,2.63
0,17,175,5596,1,0,2,3,2,200,0,2,77,2,0,1.83
1,18,170,5000,1,1,2,3,2,200,0,1,60,1,1,1.73
0,19,156,4500,0,1,2,3,1,100,0,1,0,1,0,1.85
0,21,169,7900,1,1,2,4,1,200,0,2,120,1,1,2.77
1,23,170,8300,1,1,2,3,1,200,1,2,60,0,6,2.87
0,21,161,5500,1,1,3,3,2,200,0,0,60,1,1,2.12
1,21,178,10571,1,1,2,3,2,200,0,0,114,1,2,3.34
0,21,174,13387,1,1,3,3,2,286,0,1,52,1,4,4.42
1,23,175,11905,1,1,2,2,2,245,0,0,0,1,3,3.89
0,26,173,10995,1,1,3,3,2,267,0,0,28,1,4,3.67
0,34,167,7969,1,1,2,2,2,199,0,0,0,2,6,2.86
0,55,167,8000,1,1,2,3,2,200,0,0,0,2,6,2.87
1,34,174,8468,1,1,2,2,2,216,0,2,0,2,6,2.8
0,22,163,5800,1,1,3,3,2,200,0,1,0,2,1,2.18
1,38,180,11823,1,1,2,2,2,206,0,0,0,1,3,3.65
0,19,160,6600,0,1,3,3,1,200,0,1,0,2,1,2.58
0,20,153,10200,1,1,3,3,2,100,0,0,60,1,4,4.36
1,18,185,7000,1,1,2,3,0,200,0,2,0,2,1,2.05
0,25,168,10457,1,1,3,3,2,143,0,0,43,1,4,3.71
1,21,165,8800,1,1,2,1,2,200,0,1,60,2,2,3.23
0,18,163,6000,1,0,2,3,2,200,0,0,60,2,1,2.26
0,22,175,5365,1,1,2,3,1,256,0,2,120,2,0,1.75
0,42,156,8200,1,1,2,3,2,200,0,0,0,2,2,3.37
1,25,179,11631,1,1,1,3,2,204,0,1,64,1,3,3.63
1,17,183,5885,1,1,2,3,2,200,0,2,54,2,0,1.76
1,18,165,8000,1,0,2,3,2,200,0,1,60,2,6,2.94
0,26,163,11181,1,1,3,3,2,268,0,0,5,1,4,4.21
1,23,177,12098,1,1,2,2,2,294,0,1,6,1,3,3.86
1,25,175,11287,1,1,1,3,2,201,0,1,33,1,3,3.69
1,28,175,11732,1,1,2,3,2,200,0,0,0,1,3,3.83
0,19,152,4200,0,1,3,3,1,100,0,0,60,1,0,1.82
1,26,171,8200,1,1,1,1,2,200,0,0,59,2,5,2.8
0,25,162,10483,1,1,3,3,2,162,0,0,31,1,4,3.99
0,18,160,8200,1,1,2,1,2,200,0,1,93,2,2,3.2
1,28,175,12079,1,1,2,3,2,204,0,1,40,1,3,3.94
1,24,177,9792,1,1,2,3,2,299,0,2,93,2,2,3.13
0,19,156,5000,0,1,2,4,2,200,0,1,60,2,1,2.05
0,18,171,7500,1,1,2,3,2,100,0,1,60,1,2,2.56
1,19,180,8500,1,1,2,3,2,300,1,3,0,1,5,2.62
1,24,185,12173,1,1,2,2,2,217,0,1,0,1,3,3.56
1,22,184,12124,1,1,3,3,2,262,0,0,0,1,3,3.58
0,37,157,6234,1,1,2,1,2,280,0,0,0,1,5,2.53
1,24,184,12152,1,1,2,2,2,200,0,1,0,1,3,3.59
1,34,170,8400,1,1,3,3,2,200,0,0,60,1,6,2.91
0,20,150,6500,0,1,2,1,2,200,0,1,60,2,6,2.89
1,22,184,10500,1,1,2,3,2,297,0,1,120,1,2,3.1
0,21,184,14430,1,1,3,3,2,272,0,1,46,1,4,4.26
1,26,170,8043,1,1,2,1,2,200,0,0,0,0,6,2.78
1,26,175,11820,1,1,2,3,2,217,0,1,0,1,3,3.86
1,23,170,8000,1,1,2,2,2,200,0,2,5,1,6,2.77
1,28,177,11217,1,1,1,3,2,206,0,0,1,1,3,3.58
0,26,164,11194,1,1,3,3,2,268,0,0,10,1,4,4.16
0,19,163,6100,1,1,3,3,0,300,0,2,0,1,1,2.3
0,23,166,11446,1,1,3,3,2,238,0,0,40,1,4,4.15
0,21,161,6612,1,1,2,3,2,204,0,2,6,1,5,2.55
1,25,178,11534,1,1,2,3,2,264,0,1,0,1,3,3.64
0,23,160,4500,1,0,3,3,2,200,0,1,60,2,1,1.76
1,17,170,8500,1,1,2,3,2,300,0,1,60,2,6,2.94
0,26,161,11082,1,1,3,3,2,261,0,0,33,1,4,4.28
0,22,173,7941,1,1,3,1,2,200,0,1,120,2,2,2.65
0,21,160,6800,1,1,2,1,2,300,0,1,0,1,5,2.66
0,19,152,4200,0,1,3,1,1,152,0,0,51,1,0,1.82
1,22,166,9418,1,1,2,2,2,200,0,0,6,2,6,3.42
0,25,160,10494,1,1,3,3,2,286,0,0,31,1,4,4.1
1,19,180,8700,0,1,2,3,2,300,0,3,0,1,5,2.69
0,27,162,5800,1,1,3,1,2,200,0,1,60,1,1,2.21
0,17,160,6500,0,0,2,3,2,200,0,1,60,1,6,2.54
0,26,163,11194,1,1,3,3,2,282,0,0,9,1,4,4.21
0,18,156,5000,1,1,2,3,0,200,0,1,0,1,1,2.05
0,40,155,8000,1,1,2,1,2,187,0,0,0,1,2,3.33
1,33,183,9702,1,1,2,3,2,200,0,1,0,1,6,2.9
0,20,154,7400,1,0,3,1,2,300,0,3,0,1,6,3.12
0,20,174,13388,1,1,3,3,2,249,0,1,40,1,4,4.42
0,37,155,6287,1,1,2,3,2,163,0,0,57,1,5,2.62
0,26,163,11191,1,1,3,3,2,281,0,0,9,1,4,4.21
1,20,153,6500,1,0,2,3,2,100,0,1,0,1,6,2.78
1,33,170,10370,1,1,2,1,2,200,0,1,0,1,2,3.59
0,21,174,13366,1,1,3,3,2,286,0,1,49,1,4,4.41
1,18,174,9500,1,1,2,3,2,200,0,2,0,2,2,3.14
1,21,173,7899,1,1,2,2,2,253,1,0,44,1,5,2.64
1,30,178,9000,1,1,2,3,2,274,0,1,45,1,6,2.84
0,21,174,13314,1,1,3,3,2,278,0,1,40,1,4,4.4
1,26,175,11826,1,1,2,3,2,215,0,0,86,1,3,3.86
1,21,168,6700,0,0,2,1,2,300,0,0,0,1,1,2.37
1,17,170,9735,1,1,2,3,2,200,0,1,0,1,2,3.37
1,20,178,10500,1,0,3,3,2,300,0,3,60,1,2,3.31
1,24,175,12079,1,1,2,3,2,235,0,1,40,1,3,3.94
1,18,178,5552,1,1,2,4,2,200,0,2,60,1,0,1.75
1,22,188,7500,0,1,3,3,1,200,0,1,60,1,1,2.12
0,26,166,11100,1,1,3,3,2,266,0,0,28,1,4,4.03
1,33,170,8412,1,0,2,3,2,198,0,0,7,1,6,2.91
0,26,161,11194,1,1,3,3,2,262,0,0,9,1,4,4.32
1,20,165,10500,1,1,2,3,2,300,0,2,0,2,2,3.86
1,18,178,10820,1,1,2,1,2,243,0,1,26,2,2,3.41
1,37,174,11746,1,1,2,2,2,172,0,1,0,1,3,3.88
1,22,170,8000,1,1,2,3,1,200,0,0,120,1,6,2.77
0,25,160,10427,1,1,3,3,2,143,0,0,40,1,4,4.07
0,21,183,4476,0,0,2,2,1,265,0,1,0,2,0,1.34
0,21,161,6650,0,1,3,3,3,200,0,3,60,2,1,2.57
0,41,157,8000,1,1,2,3,2,100,0,0,0,2,2,3.25
1,21,170,9607,1,1,2,3,2,200,0,0,99,1,2,3.32
0,25,161,10291,1,1,3,3,2,102,0,0,32,1,4,3.97
0,21,176,13390,1,1,3,3,2,277,0,1,48,1,4,4.32
0,19,153,4200,0,1,2,3,1,154,0,1,0,1,0,1.79
1,19,170,7900,0,1,1,3,2,200,0,1,0,1,1,2.73
0,18,160,6300,1,0,2,3,2,200,0,0,60,1,1,2.46
0,22,175,7500,1,1,3,3,2,200,0,1,0,2,1,2.45
1,26,182,8727,0,1,2,1,2,226,0,2,0,2,5,2.63
0,16,163,4500,1,1,2,3,2,230,1,0,40,1,0,1.69
0,18,165,8500,1,1,2,1,2,200,0,1,60,2,2,3.12
0,26,162,10755,1,1,3,3,2,256,0,0,24,1,4,4.1
0,24,160,6000,1,1,3,3,2,200,0,1,0,2,1,2.34
1,17,183,9700,1,1,3,3,2,300,0,1,60,2,6,2.9
0,23,150,6500,1,0,2,3,2,200,0,0,60,2,6,2.89
1,24,177,8531,1,1,2,2,2,297,0,1,22,1,6,2.72
0,22,163,6300,1,1,3,3,1,200,0,0,60,2,1,2.37
0,25,161,10200,1,1,3,3,2,106,0,0,0,1,4,3.94
0,25,162,10483,1,1,3,3,2,220,0,0,36,1,4,3.99
1,30,183,13000,1,0,2,3,2,300,0,1,0,1,3,3.88
1,20,183,8700,0,0,2,3,2,100,0,0,60,2,6,2.6
0,20,160,4200,0,1,3,1,1,100,0,0,0,1,0,1.64
0,18,175,5000,0,1,3,4,1,100,0,2,0,1,0,1.63
0,19,171,9000,1,1,2,2,2,200,0,0,95,1,2,3.08
1,25,185,11784,1,1,2,3,2,219,0,1,0,1,3,3.44
1,24,177,12008,1,1,2,2,2,286,0,1,21,1,3,3.83
1,17,172,5300,1,1,2,3,1,100,0,2,60,1,0,1.79
1,19,184,6000,1,0,2,4,2,300,0,3,0,1,0,1.77
1,26,176,11234,1,1,2,2,2,235,0,0,7,1,3,3.63
1,24,176,8204,1,1,1,3,2,202,0,0,53,1,5,2.65
0,21,173,13394,1,1,3,3,2,183,0,1,55,1,4,4.48
1,31,172,8197,1,1,2,2,2,172,0,0,0,1,6,2.77
1,24,170,8197,1,1,2,2,2,133,0,0,104,1,6,2.84
1,21,178,6800,1,1,1,3,2,100,0,1,0,2,1,2.15
1,33,178,10384,1,1,2,3,2,184,0,1,0,2,3,3.28
1,17,169,9758,1,1,2,3,2,200,0,1,100,2,2,3.42
0,23,164,8999,1,1,1,1,2,207,0,0,91,2,2,3.35
0,26,162,11115,1,1,3,3,2,288,0,0,55,1,4,4.24
0,22,162,8200,1,1,2,3,2,273,0,0,10,1,2,3.12
1,19,187,7500,1,1,2,3,1,100,0,1,60,1,1,2.14
0,16,174,5000,0,1,1,4,2,100,0,2,60,1,0,1.65
1,18,172,5300,1,1,2,3,2,200,0,2,60,1,0,1.79
1,18,180,6000,1,1,3,3,1,200,0,2,60,1,0,1.85
1,18,170,7548,1,0,2,3,2,200,0,1,1,1,6,2.61
0,21,160,6872,0,1,1,1,2,297,0,0,33,1,5,2.68
0,26,163,10997,1,1,3,3,2,252,0,0,23,1,4,4.14
0,20,172,13294,1,1,3,3,2,181,0,1,51,1,4,4.49
0,38,150,6200,0,1,2,3,2,200,0,0,0,1,5,2.76
0,37,158,7117,1,1,2,3,2,102,0,0,0,1,6,2.85
1,21,164,8867,1,1,2,1,2,300,0,1,60,2,2,3.3
1,25,178,12064,1,1,2,3,2,286,0,1,32,1,3,3.81
0,22,165,8663,1,1,2,2,2,272,0,0,60,2,2,3.18
1,22,172,7500,0,1,2,3,2,200,0,1,60,1,5,2.54
0,21,163,6000,1,1,3,3,2,200,0,1,0,1,1,2.26
0,18,165,8600,1,1,3,3,2,100,1,1,60,2,2,3.16
0,31,155,6799,1,1,2,3,2,159,0,0,100,1,6,2.83
1,34,170,8468,1,1,2,1,2,200,0,1,0,1,6,2.93
1,21,181,10649,1,1,2,2,2,276,0,2,0,1,2,3.25
1,24,184,12057,1,1,2,3,2,214,0,1,21,1,3,3.56
1,22,180,10502,1,1,2,3,2,280,0,1,33,1,2,3.24
1,21,172,7855,1,1,2,1,2,200,0,1,0,1,5,2.66
1,21,182,8000,1,1,2,3,2,200,0,2,60,1,5,2.42
1,20,187,7500,1,1,2,3,1,100,0,1,0,2,1,2.14
1,23,172,7560,1,1,2,3,2,200,0,0,120,1,5,2.56
0,21,173,13395,1,1,3,3,2,286,0,1,54,1,4,4.48
1,18,170,7500,1,1,3,3,1,100,0,1,0,1,1,2.6
1,21,167,7557,1,1,2,2,2,276,0,0,0,1,5,2.71
0,18,162,4500,0,1,3,3,2,200,1,1,6,1,0,1.71
1,24,182,12099,1,1,2,3,2,200,0,1,17,1,3,3.65
0,25,162,10513,1,1,3,3,2,155,0,0,24,1,4,4.01
0,22,171,5000,0,1,2,4,2,100,0,2,0,2,0,1.71
0,19,153,4200,0,1,3,3,1,100,0,1,0,1,0,1.79
0,20,160,5500,1,1,2,3,2,100,0,0,120,1,1,2.15
1,31,175,11842,1,1,2,3,2,100,0,0,0,1,3,3.87
0,27,170,7800,0,1,2,3,2,200,0,0,60,0,6,2.7
0,20,159,4200,0,0,3,1,1,200,0,1,0,1,0,1.66
0,18,153,4166,0,1,2,1,2,152,0,0,15,1,0,1.78
0,21,161,6100,1,1,3,3,2,100,0,1,0,2,1,2.35
0,28,175,7800,1,1,3,3,2,200,0,1,0,0,6,2.55
1,23,183,12120,1,1,2,2,2,175,0,0,0,1,3,3.62
1,24,177,11406,1,1,1,3,2,204,0,1,0,1,3,3.64
0,18,158,8201,1,1,2,3,2,100,0,0,15,1,2,3.29
1,20,178,10504,1,1,2,3,2,261,0,1,50,2,2,3.32
0,20,173,13374,1,1,3,3,2,141,0,1,39,1,4,4.47
0,26,163,11192,1,1,3,3,2,277,0,0,9,1,4,4.21
0,21,173,13395,1,1,3,3,2,163,0,1,55,1,4,4.48
0,26,164,11187,1,1,3,3,2,263,0,0,5,1,4,4.16
1,21,165,9409,1,1,2,3,2,200,0,0,77,2,2,3.46
1,29,179,8906,1,1,1,3,2,200,0,0,0,1,2,2.78
0,26,158,5600,0,1,3,3,2,200,0,0,0,1,1,2.24
1,19,170,7000,1,0,2,3,2,200,0,2,0,0,1,2.42
0,34,169,8500,1,1,2,3,2,163,0,1,0,2,6,2.98
0,19,164,4900,0,1,1,3,2,100,0,2,60,0,0,1.82
0,18,173,12876,1,1,3,3,2,250,0,1,44,1,4,4.3
1,30,170,7500,1,1,2,3,2,100,0,1,0,1,5,2.6
1,19,180,8200,1,1,1,1,2,300,0,1,0,1,2,2.53
1,21,177,6650,0,1,2,3,2,200,0,0,60,1,1,2.12
0,18,156,5000,0,1,3,1,1,200,0,3,0,1,0,2.05
0,28,170,7800,1,1,2,3,2,200,0,1,60,1,6,2.7
1,21,175,7500,1,1,2,3,2,200,0,3,120,1,1,2.45
1,23,170,9000,1,1,2,3,2,200,0,0,54,1,6,3.11
1,19,187,6472,1,1,2,3,2,200,0,2,37,1,0,1.85
1,26,182,12097,1,1,2,3,2,259,0,0,15,1,3,3.65
0,21,176,13388,1,1,3,3,2,232,0,1,55,1,4,4.32
0,21,165,7300,1,1,3,4,0,100,1,0,60,2,1,2.68
0,21,175,7800,1,1,3,3,2,200,0,3,60,1,5,2.55
0,21,174,13396,1,1,3,3,2,282,0,1,55,1,4,4.42
1,21,167,5000,0,1,3,3,1,200,0,0,60,2,0,1.79
1,21,167,7500,1,1,2,3,2,200,0,1,0,1,5,2.69
1,33,185,9792,1,1,2,1,2,300,0,1,92,1,6,2.86
0,21,160,8240,1,1,1,3,2,215,0,1,49,1,5,3.22
1,22,174,8074,1,1,2,3,2,226,0,2,0,2,6,2.67
1,23,165,9361,1,1,2,2,2,195,0,0,60,2,2,3.44
0,20,156,4139,0,1,3,1,1,169,0,0,0,1,0,1.7
0,24,157,6000,1,1,2,3,0,200,0,1,0,1,5,2.43
1,18,170,5000,0,1,2,3,2,200,0,2,60,1,0,1.73
0,26,161,8500,1,1,2,3,2,295,0,1,25,2,2,3.28
0,27,170,7800,1,1,3,1,1,200,0,0,0,0,6,2.7
1,30,178,11510,1,1,2,3,2,215,0,1,37,1,3,3.63
1,22,185,12123,1,1,2,2,2,179,0,1,0,1,3,3.54
1,17,170,5602,1,1,2,3,2,200,0,0,29,1,5,1.94
0,25,166,10493,1,1,3,3,2,130,0,0,54,1,4,3.81
1,25,176,10384,1,1,2,2,2,215,0,1,0,2,3,3.35
0,25,162,10998,1,1,3,3,2,249,0,0,27,1,4,4.19
1,30,175,11836,1,1,2,3,2,216,0,0,0,1,3,3.86
1,24,177,11874,1,1,2,3,2,204,0,0,20,1,3,3.79
0,25,162,10498,1,1,3,3,2,161,0,0,32,1,4,4.0
1,18,170,8000,1,1,2,3,2,300,0,1,60,2,6,2.77
1,33,170,8300,1,1,2,3,2,200,0,2,0,2,6,2.87
0,26,163,11193,1,1,3,3,2,262,0,0,32,1,4,4.21
0,26,162,11007,1,1,3,3,2,252,0,0,26,1,4,4.19
1,22,175,5233,1,1,2,3,1,200,0,0,89,2,0,1.71
0,21,178,13779,1,1,3,3,2,187,0,1,52,1,4,4.35
0,21,171,13192,1,1,3,3,2,207,0,1,46,1,4,4.51
1,16,171,5867,0,1,2,3,2,200,0,2,83,1,0,2.01
0,18,171,5000,0,1,2,3,1,187,0,1,96,1,0,1.71
1,23,180,12077,1,1,2,2,2,291,0,0,12,1,3,3.73
1,30,179,11816,1,1,2,3,2,233,0,0,4,1,3,3.69
0,34,166,7986,1,1,2,1,2,107,0,0,0,1,5,2.9
1,25,182,12098,1,1,2,3,2,300,0,1,0,1,3,3.65
0,23,170,5150,1,1,2,3,2,200,0,3,60,2,0,1.78
0,18,160,5500,1,1,3,3,1,200,0,1,60,1,1,2.15
1,18,179,11539,1,1,2,3,2,254,0,0,105,1,2,3.6
0,24,159,6512,1,0,2,1,2,154,0,0,59,2,6,2.58
0,25,164,10498,1,1,3,3,2,123,0,0,37,1,4,3.9
1,20,175,7500,1,0,3,3,2,200,0,2,0,1,5,2.45
1,23,170,8000,0,1,2,3,2,100,0,1,120,1,6,2.77
0,19,153,4200,0,1,3,1,1,200,0,0,60,1,0,1.79
1,20,175,6600,0,1,2,3,2,100,0,0,60,1,1,2.16
0,20,166,12679,1,1,3,3,2,238,0,0,56,1,4,4.6
0,19,170,4965,0,1,2,3,2,100,0,1,60,1,0,1.72
1,24,178,12090,1,1,2,3,2,273,0,1,4,1,3,3.82
0,26,161,11194,1,1,3,3,2,263,0,0,32,1,4,4.32
1,21,170,7000,0,1,2,1,3,300,0,1,60,1,5,2.42
0,17,158,4700,0,0,1,3,2,200,0,3,0,2,1,1.88
0,27,165,7300,1,1,3,3,1,100,0,0,0,1,5,2.68
0,26,165,7000,0,1,2,1,2,200,0,3,0,1,5,2.57
1,22,170,9389,1,1,2,3,2,185,0,0,37,2,2,3.25
0,26,162,11185,1,1,3,3,2,262,0,0,12,1,4,4.26
0,25,162,10492,1,1,3,3,2,272,0,0,27,1,4,4.0
1,23,180,7500,0,1,2,3,2,200,0,3,0,2,1,2.31
1,21,167,7500,1,1,2,3,1,200,0,1,0,2,5,2.69
0,21,180,13783,1,1,3,3,2,261,0,1,43,1,4,4.25
1,33,176,8331,1,1,2,3,2,191,0,1,0,2,6,2.69
1,18,160,6800,0,1,2,3,2,200,0,1,0,1,5,2.66
0,19,154,5600,1,1,3,1,2,200,0,2,0,2,1,2.36
0,22,162,8341,1,1,2,1,2,219,0,0,0,2,2,3.18
1,18,176,6800,0,1,2,1,2,200,0,1,60,1,1,2.2
1,23,175,9792,1,1,2,3,2,200,0,3,60,2,2,3.2
1,25,185,11793,1,1,2,3,2,201,0,1,0,1,3,3.45
1,17,170,6500,0,1,2,3,2,100,0,1,60,2,1,2.25
0,20,170,7000,0,1,3,3,2,200,0,0,120,1,1,2.42
1,18,162,5500,1,1,2,3,1,200,0,1,60,1,1,2.1
0,21,171,13156,1,1,3,3,2,191,0,1,51,1,4,4.5
0,25,166,10477,1,1,3,3,2,270,0,0,44,1,4,3.8
1,21,175,8980,1,1,1,1,2,200,0,0,30,1,6,2.93
1,18,171,5492,1,1,2,3,2,298,0,0,115,1,0,1.88
0,25,164,10492,1,1,3,3,2,268,0,0,47,1,4,3.9
0,21,164,13092,1,1,3,3,2,194,0,1,56,1,4,4.87
1,22,171,5114,1,1,2,3,2,183,0,0,100,2,0,1.75
1,21,172,7500,1,1,3,3,2,100,0,1,0,1,5,2.54
1,18,170,7500,0,0,2,4,1,300,0,3,0,2,5,2.6
0,20,161,5900,1,1,2,4,2,200,0,3,0,2,1,2.28
0,17,160,6500,1,1,3,2,2,200,1,0,9,1,5,2.54
0,26,164,11194,1,1,3,3,2,273,0,0,2,1,4,4.16
0,20,173,12165,1,1,3,3,2,148,0,0,48,1,4,4.06
1,30,177,11833,1,1,2,2,2,114,0,0,0,1,3,3.78
1,30,170,10202,1,1,2,2,2,100,0,1,0,1,3,3.53
1,25,178,11512,1,1,1,3,2,282,0,1,8,1,3,3.63
1,22,175,9536,1,1,2,3,2,284,0,2,60,2,2,3.11
1,22,165,9479,1,1,2,2,2,265,0,0,61,1,2,3.48
1,22,180,9671,1,1,2,3,2,189,0,0,0,1,6,2.98
1,24,174,7600,1,1,3,3,1,200,0,0,120,1,5,2.51
1,21,181,10669,1,1,2,3,2,214,0,0,23,1,2,3.26
0,19,160,4500,0,1,3,3,1,100,0,1,0,2,0,1.76
0,23,162,8398,1,1,2,2,2,201,0,0,0,2,2,3.2
1,23,172,9050,1,1,2,3,2,130,0,0,60,1,2,3.06
1,29,175,10872,1,1,2,1,2,300,0,1,0,2,2,3.55
1,27,180,9700,1,0,2,3,1,300,0,1,60,1,6,2.99
1,28,175,11818,1,1,2,3,2,206,0,0,27,1,3,3.86
0,26,164,11160,1,1,3,3,2,270,0,0,39,1,4,4.15
0,20,157,4189,0,1,2,1,1,153,0,0,44,1,0,1.7
0,24,155,5700,1,1,3,3,2,200,0,2,0,1,1,2.37
0,25,168,10494,1,1,3,3,2,195,0,0,5,1,4,3.72
0,18,162,8300,1,1,3,1,2,100,0,1,0,1,3,3.16
0,40,152,7910,1,1,2,3,2,100,0,0,0,1,2,3.42
0,21,160,6300,0,1,3,4,1,200,1,1,0,1,5,2.46
1,21,172,9857,1,0,2,2,2,200,0,2,120,1,2,3.33
1,19,180,8700,1,1,2,3,2,200,0,2,60,1,6,2.69
0,23,165,6000,1,1,2,3,2,200,0,0,60,2,1,2.2
0,26,163,11135,1,1,3,3,2,283,0,0,32,1,4,4.19
1,20,170,8000,1,1,2,3,2,200,0,0,80,2,6,2.77
1,37,175,11789,1,1,2,1,2,189,0,0,0,1,3,3.85
0,26,164,11184,1,1,3,3,2,281,0,0,10,1,4,4.16
1,23,180,8700,1,1,3,3,2,300,0,2,0,2,5,2.69
1,18,187,8500,0,0,3,4,1,200,0,2,60,1,1,2.43
1,21,162,6800,0,1,2,1,2,300,0,1,0,1,5,2.59
1,25,177,11729,1,1,2,1,2,200,0,1,118,1,3,3.74
0,21,174,13384,1,1,3,3,2,290,0,1,48,1,4,4.42
0,25,162,11067,1,1,3,3,2,239,0,0,29,1,4,4.22
0,18,162,5000,0,1,1,4,1,100,0,1,60,1,1,1.91
1,30,182,12034,1,1,2,3,2,179,0,0,85,1,3,3.63
0,34,168,7700,1,0,3,1,2,300,0,0,0,1,5,2.73
0,25,165,10498,1,1,3,3,2,120,0,0,36,1,4,3.86
0,22,178,8200,1,1,2,1,2,297,0,2,99,2,2,2.59
1,33,170,8319,1,1,3,2,2,100,0,1,0,2,6,2.88
0,21,169,7557,1,1,2,3,2,196,0,0,0,1,5,2.65
0,26,163,11040,1,1,3,3,2,285,0,0,31,1,4,4.16
1,21,169,7505,1,1,2,3,2,279,0,1,10,1,5,2.63
0,26,163,11182,1,1,3,3,2,255,0,0,14,1,4,4.21
0,26,162,11082,1,1,3,3,2,270,0,0,16,1,4,4.22
0,17,171,5000,0,1,2,4,1,200,0,1,120,1,0,1.71
1,20,176,10418,1,1,2,1,2,187,0,1,0,2,3,3.36
1,30,177,12000,1,1,2,3,2,216,0,1,94,1,3,3.83
1,26,186,11995,1,1,1,3,2,200,0,1,16,1,3,3.47
0,25,166,11320,1,1,3,3,2,286,0,0,40,1,4,4.11
1,19,175,7500,1,1,3,3,2,200,0,1,0,1,5,2.45
1,31,180,12091,1,1,2,3,2,236,0,1,4,1,3,3.73
0,20,151,4900,1,1,1,3,0,200,0,2,60,1,1,2.15
0,19,162,5500,1,1,2,1,2,300,0,1,0,2,5,2.1
1,25,169,10278,1,1,2,1,2,100,0,1,0,2,3,3.6
1,24,175,12081,1,1,2,3,2,216,0,0,42,1,3,3.94
1,21,170,7505,1,1,2,3,2,150,0,1,40,1,5,2.6
0,18,160,8200,1,1,2,1,2,183,0,1,0,2,2,3.2
0,17,167,7727,1,0,2,2,2,200,0,1,60,2,6,2.77
1,19,162,10839,1,1,2,2,2,287,0,1,37,2,2,4.13
0,34,156,4500,0,1,3,3,2,200,0,3,0,1,0,1.85
1,20,170,8505,1,1,2,3,2,280,0,1,0,1,6,2.94
0,18,160,4800,0,1,2,3,1,200,0,3,120,2,1,1.87
0,20,170,6400,1,1,3,3,1,200,0,0,60,2,1,2.21
0,21,163,6877,1,1,1,3,3,279,0,1,10,1,5,2.59
1,19,180,8608,0,1,2,3,2,100,0,1,37,1,5,2.66
1,25,176,11208,1,1,2,2,2,215,0,1,0,2,3,3.62
0,21,163,7500,0,1,3,3,1,100,0,1,60,1,1,2.82
0,32,168,7705,1,1,2,1,2,186,0,0,23,2,6,2.73
1,24,170,8300,1,1,2,3,2,200,0,1,60,2,6,2.87
0,19,169,4900,0,0,3,3,1,300,0,2,60,2,0,1.72
1,25,184,12131,1,1,2,3,2,217,0,1,1,1,3,3.58
1,40,180,9200,1,1,3,3,2,200,0,2,0,1,6,2.84
0,25,162,11007,1,1,3,3,2,196,0,0,27,1,4,4.19
0,25,172,10477,1,1,3,3,2,143,0,0,47,1,4,3.54
0,27,155,6359,0,1,2,1,2,127,0,0,0,1,5,2.65
1,23,180,9700,1,1,2,3,0,300,0,3,120,1,2,2.99
1,21,165,8000,1,1,2,3,2,200,0,2,60,1,6,2.94
0,18,159,4034,0,0,2,1,1,131,1,0,95,1,0,1.6
0,23,177,11446,1,1,3,3,2,255,0,0,34,1,4,3.65
1,24,168,9136,1,1,1,3,2,185,0,0,55,1,2,3.24
1,27,180,9900,1,1,2,3,2,100,0,1,60,1,6,3.06
1,18,170,6500,0,1,2,3,1,100,0,2,60,1,1,2.25
1,21,185,8983,1,1,2,2,2,235,0,1,23,1,6,2.62
0,19,157,4200,0,1,3,1,1,200,0,0,56,1,0,1.7
0,26,164,11115,1,1,3,3,2,262,0,0,46,1,4,4.13
1,19,162,7000,0,1,2,1,3,300,0,1,0,1,5,2.67
1,17,172,5000,0,1,2,4,1,200,0,2,60,1,0,1.69
1,17,180,7000,1,1,2,3,2,200,0,0,60,1,1,2.16
1,29,184,12901,1,1,2,3,2,159,0,1,0,1,3,3.81
0,19,166,6000,1,0,2,3,2,200,0,0,0,1,1,2.18
1,21,173,7855,1,0,2,2,2,200,0,1,40,2,6,2.62
0,26,163,11194,1,1,3,3,2,261,0,0,9,1,4,4.21
0,20,179,15243,1,1,3,3,2,236,0,0,55,1,4,4.76
1,19,183,8904,1,1,2,3,2,220,0,2,8,1,5,2.66
1,33,170,8300,1,1,3,1,2,200,0,1,0,1,6,2.87
1,18,177,7000,0,1,2,3,2,200,0,2,60,1,1,2.23
1,20,185,6000,1,0,3,3,1,200,0,2,0,2,0,1.75
1,33,170,8333,1,1,2,2,2,200,0,0,0,1,6,2.88
1,19,180,8500,1,0,3,4,1,300,1,3,0,1,5,2.62
0,20,160,5500,1,1,3,3,1,100,0,1,0,1,1,2.15
0,18,180,15256,1,1,3,3,2,286,0,1,56,1,4,4.71
0,26,163,11120,1,1,3,3,2,273,0,0,14,1,4,4.19
1,23,170,7500,1,1,2,3,2,280,0,0,0,1,5,2.6
0,26,162,11193,1,1,3,3,2,261,0,0,33,1,4,4.26
0,21,173,13192,1,1,3,3,2,168,0,1,53,1,4,4.41
1,24,177,11697,1,1,2,3,2,211,0,0,86,1,2,3.73
1,23,175,8552,0,1,2,3,1,200,0,1,25,1,5,2.79
0,19,154,4206,0,1,3,2,1,124,0,1,43,2,0,1.77
1,21,175,10500,1,1,2,3,2,235,0,2,33,1,2,3.43
1,26,183,9106,1,1,2,3,2,200,0,0,30,1,6,2.72
0,26,162,10493,1,1,3,3,2,265,0,0,33,1,4,4.0
0,18,175,5200,1,0,3,3,2,200,0,0,120,2,0,1.7
0,26,168,7743,1,1,1,3,2,189,0,0,51,1,6,2.74
1,23,172,7500,1,1,2,3,2,200,0,1,120,1,5,2.54
0,19,159,4900,1,1,2,3,2,200,0,1,0,2,1,1.94
0,37,150,8000,1,1,2,3,2,100,0,0,0,1,2,3.56
1,23,165,6000,1,1,3,3,2,200,0,1,0,2,1,2.2
1,17,175,9529,1,1,2,3,2,200,0,1,120,2,3,3.11
0,23,173,13336,1,1,3,3,2,283,0,1,47,1,4,4.46
1,22,167,8166,1,1,2,2,2,140,0,1,92,1,6,2.93
1,18,179,10874,1,1,2,2,2,242,0,0,95,2,2,3.39
1,18,180,10880,1,1,2,3,2,200,0,1,103,2,2,3.36
0,22,162,8263,1,1,2,1,2,200,0,0,8,1,2,3.15
0,19,171,7976,1,1,1,3,2,243,0,2,0,1,5,2.73
0,25,164,10200,1,1,3,3,2,103,0,0,12,1,4,3.79
1,21,163,10502,1,1,2,3,2,148,0,0,0,1,2,3.95
1,24,182,12002,1,1,2,3,2,273,0,1,44,1,3,3.62
1,18,171,5100,0,1,2,4,2,100,0,2,60,1,0,1.74
0,21,172,13357,1,1,3,3,2,148,0,1,55,1,4,4.51
1,17,170,8500,1,1,2,3,2,200,0,2,60,1,5,2.94
0,26,166,11192,1,1,3,3,2,263,0,0,12,1,4,4.06
1,18,173,5159,1,1,2,3,2,166,0,0,60,1,0,1.72
0,21,160,5150,1,0,3,3,1,100,1,3,0,1,1,2.01
1,25,176,12042,1,1,2,3,2,286,0,1,15,1,3,3.89
1,24,186,9074,1,1,2,1,2,277,0,1,26,1,6,2.62
1,19,187,6600,1,1,3,3,1,200,0,3,0,1,1,1.89
1,18,170,6500,0,1,2,3,1,200,0,1,60,2,1,2.25
0,23,155,4800,1,1,2,3,2,200,0,0,0,1,1,2.0
0,26,165,11194,1,1,3,3,2,278,0,0,4,1,4,4.11
1,40,176,10991,1,1,2,1,2,101,0,1,12,2,3,3.55
0,18,163,4900,0,1,3,3,2,100,0,2,60,2,0,1.84
0,26,163,11191,1,1,3,3,2,262,0,0,19,1,4,4.21
0,26,163,11100,1,1,3,3,2,261,0,0,19,1,4,4.18
0,25,175,10504,1,1,3,3,2,209,0,0,35,1,4,3.43
1,22,175,7500,1,1,3,3,1,200,0,1,0,2,1,2.45
0,26,162,11186,1,1,3,3,2,269,0,0,27,1,4,4.26
0,23,180,9136,1,1,1,1,2,185,0,0,60,2,2,2.82
0,25,161,10200,1,1,3,3,2,102,0,0,60,1,4,3.94
0,18,167,5108,1,1,1,3,2,100,0,0,100,1,0,1.83
1,25,181,12099,1,1,2,3,2,200,0,1,55,1,3,3.69
0,21,160,6600,1,1,3,3,1,300,0,1,60,1,5,2.58
0,18,170,5000,0,1,1,3,2,185,0,0,42,1,0,1.73
0,28,175,11228,1,1,1,3,2,200,0,0,41,1,3,3.67
1,25,176,12087,1,1,2,3,2,286,0,1,53,1,3,3.9
1,30,184,11818,1,1,2,3,2,230,0,1,0,1,3,3.49
0,40,155,7703,1,1,2,3,2,171,0,0,0,1,2,3.21
1,18,170,8472,1,1,2,3,2,175,0,1,27,1,6,2.93
0,20,160,4500,0,0,3,3,1,100,1,0,0,1,0,1.76
0,38,166,7967,1,1,2,1,2,188,0,0,32,1,5,2.89
0,18,170,5000,0,1,1,3,1,174,0,0,60,1,0,1.73
0,38,167,7966,1,1,2,3,2,100,0,0,0,1,5,2.86
0,25,165,10281,1,1,3,3,2,103,0,0,60,1,4,3.78
0,17,160,5600,0,1,3,3,2,100,0,1,60,2,1,2.19
1,24,150,8326,1,0,2,3,2,200,0,0,0,2,6,3.7
1,21,172,7500,0,1,2,3,2,300,0,1,120,1,5,2.54
1,21,165,7000,1,1,2,1,2,100,0,1,60,1,5,2.57
0,20,180,15247,1,1,3,3,2,237,0,1,55,1,4,4.71
1,27,182,12086,1,1,2,3,2,300,0,0,6,1,3,3.65
0,18,162,7000,1,0,2,1,2,100,0,1,0,2,6,2.67
1,21,174,9673,1,1,2,2,2,200,0,2,60,2,2,3.19
1,23,180,7000,0,1,2,4,2,200,0,1,0,2,1,2.16
1,23,167,7508,1,1,2,1,2,219,0,0,55,1,5,2.69
0,20,156,8074,1,0,2,2,2,114,0,0,60,1,6,3.32
0,20,152,6500,1,0,3,2,2,184,0,1,99,2,6,2.81
0,21,167,6700,1,1,2,3,1,200,0,1,0,1,1,2.4
1,18,174,5143,1,1,2,3,2,184,0,0,60,1,0,1.7
1,18,184,5200,1,1,3,3,2,300,1,1,100,1,0,1.54
1,18,178,6400,1,0,3,3,2,200,0,1,60,0,1,2.02
0,25,168,10477,1,1,3,3,2,167,0,0,32,1,4,3.71
0,21,174,14729,1,1,3,3,2,244,0,1,5,1,4,4.86
1,22,186,12128,1,1,2,2,2,273,0,1,0,1,3,3.51
0,21,168,7500,0,1,3,3,2,100,0,1,0,1,5,2.66
0,22,160,4800,0,1,2,3,2,100,0,2,0,1,1,1.87
1,20,180,6640,1,1,2,3,2,200,0,3,0,0,1,2.05
0,21,174,13357,1,1,3,3,2,287,0,1,49,1,4,4.41
1,29,170,7800,0,1,3,3,2,100,0,0,0,1,6,2.7
1,21,176,9630,1,1,1,2,2,200,0,2,118,2,6,3.11
1,22,174,9500,1,1,2,3,2,200,0,2,0,2,2,3.14
0,38,156,8000,1,1,2,3,2,100,0,0,0,2,2,3.29
0,20,150,4000,1,0,2,3,2,100,0,0,120,1,0,1.78
0,25,162,10499,1,1,3,3,2,144,0,0,24,1,4,4.0
0,22,162,8200,1,1,1,3,2,100,0,0,95,1,2,3.12
0,21,172,13133,1,1,3,3,2,172,0,1,53,1,4,4.44
1,24,160,10024,1,1,2,1,2,100,0,1,60,2,3,3.92
1,19,185,7500,0,1,2,3,1,200,0,2,60,0,5,2.19
0,21,162,6000,1,1,2,3,2,200,0,0,60,2,1,2.29
1,22,170,10543,1,1,2,1,2,222,0,1,0,1,2,3.65
0,21,157,7000,1,1,2,1,2,292,0,0,0,2,5,2.84
1,18,171,5537,1,1,2,3,2,200,0,2,0,1,0,1.89
1,39,174,9919,1,1,2,1,2,210,0,1,31,1,2,3.28
1,20,174,7200,1,1,3,3,2,200,0,1,0,1,1,2.38
1,25,184,11708,1,1,2,3,2,209,0,1,0,1,3,3.46
0,26,165,11194,1,1,3,3,2,269,0,0,7,1,4,4.11
0,20,163,6300,1,1,2,1,2,200,0,0,60,2,1,2.37
1,24,170,8398,1,1,2,2,2,243,0,0,0,1,6,2.91
0,21,164,7357,1,0,3,3,2,263,0,1,0,1,5,2.74
1,34,162,10426,1,1,2,1,2,200,0,0,96,2,2,3.97
1,22,181,12210,1,1,3,2,2,195,0,1,60,1,3,3.73
0,18,156,4500,1,1,3,3,2,100,0,2,0,1,1,1.85
0,22,174,13336,1,1,3,3,2,205,0,1,35,1,4,4.4
1,17,175,8500,1,1,2,3,1,200,0,3,60,1,5,2.78
1,22,165,8000,1,1,1,2,2,200,0,0,60,2,6,2.94
1,34,170,8472,1,1,2,3,2,192,0,2,0,1,6,2.93
0,25,164,10484,1,1,3,3,2,161,0,0,51,1,4,3.9
0,23,160,6500,1,0,2,3,1,100,0,0,120,2,5,2.54
1,18,176,5498,1,1,2,3,2,270,0,2,100,2,0,1.77
0,19,150,4200,0,1,2,1,2,100,0,0,60,1,1,1.87
0,26,162,11195,1,1,3,3,2,283,0,0,7,1,4,4.27
1,21,176,7500,0,1,2,3,2,200,0,0,120,1,5,2.42
1,20,175,8000,1,0,2,3,2,200,0,3,0,2,6,2.61
0,18,160,5600,1,1,3,3,0,200,0,1,0,1,1,2.19
1,25,172,11451,1,1,2,3,2,219,0,1,0,1,3,3.87
1,28,182,12034,1,1,2,3,2,200,0,1,0,1,3,3.63
1,31,193,9981,1,1,2,1,2,102,0,1,0,2,3,2.68
1,41,175,11500,1,0,2,3,2,200,0,1,0,0,3,3.76
1,21,183,6600,1,1,2,3,2,300,0,2,0,1,1,1.97
1,20,172,5200,0,1,1,3,1,100,0,3,60,1,0,1.76
0,21,169,13346,1,1,3,3,2,221,0,1,37,1,4,4.67
1,24,187,12128,1,1,3,2,2,235,0,0,97,1,3,3.47
0,21,174,13395,1,1,3,3,2,274,0,1,54,1,4,4.42
0,26,163,11081,1,1,3,3,2,270,0,0,23,1,4,4.17
0,18,170,5000,0,1,2,4,1,200,0,2,60,2,0,1.73
0,26,165,11191,1,1,3,3,2,288,0,0,5,1,4,4.11
0,17,160,4980,0,1,2,3,2,200,0,2,0,1,0,1.95
0,17,170,5000,0,0,2,3,1,200,0,3,60,1,0,1.73
1,33,172,8300,1,1,2,1,2,200,0,1,0,2,6,2.81
1,25,177,11210,1,1,1,3,2,200,0,1,1,1,3,3.58
0,21,150,4200,0,1,2,1,1,100,0,0,0,1,0,1.87
1,27,180,9900,1,1,2,3,2,200,0,1,60,1,6,3.06
0,24,175,11448,1,1,3,3,2,267,0,0,36,1,4,3.74
0,18,166,5800,1,1,3,3,1,100,0,1,60,1,1,2.1
1,55,165,8500,0,0,3,3,2,200,0,1,0,2,6,3.12
0,23,168,6700,0,1,3,3,1,200,0,0,60,2,1,2.37
0,26,165,11192,1,1,3,3,2,277,0,0,49,1,4,4.11
0,21,169,8800,1,1,2,1,2,283,0,0,0,2,2,3.08
1,19,180,8500,1,0,3,3,1,300,0,3,0,1,5,2.62
1,22,170,8300,1,1,2,3,2,200,0,1,60,2,6,2.87
1,21,180,8800,1,1,3,3,2,300,0,1,60,1,5,2.72
1,21,176,7500,1,1,3,3,2,200,0,3,0,2,1,2.42
1,30,184,12646,1,1,2,3,2,134,0,0,0,1,3,3.74
0,25,167,11448,1,1,3,3,2,236,0,0,42,1,4,4.1
0,29,160,6886,1,1,1,3,2,104,0,0,0,2,5,2.69
0,22,165,6000,1,1,3,3,1,200,0,3,0,2,1,2.2
1,19,180,8500,1,1,3,3,2,200,0,1,60,1,5,2.62
1,21,179,8900,1,1,1,3,2,200,0,2,0,1,5,2.78
0,23,167,7350,1,1,3,2,2,151,0,0,60,1,5,2.64
1,24,175,12009,1,1,2,3,2,253,0,1,18,1,3,3.92
1,23,162,5800,1,1,2,3,2,100,0,3,0,1,1,2.21
0,23,170,6500,1,1,3,3,1,300,0,2,0,1,1,2.25
1,20,180,8550,1,1,2,3,2,300,0,3,60,1,5,2.64
1,20,182,12106,1,1,2,2,2,200,0,0,60,1,3,3.65
0,22,166,8213,1,1,2,1,2,200,0,0,0,2,2,2.98
0,25,160,10470,1,1,3,3,2,269,0,0,37,1,4,4.09
0,22,174,5498,1,1,3,3,1,202,0,1,7,2,0,1.82
1,19,180,8500,1,0,3,4,2,200,0,2,0,1,5,2.62
0,18,160,8213,1,1,2,3,2,100,0,0,0,1,2,3.21
0,23,159,4800,1,0,2,1,2,200,0,1,0,2,1,1.9
0,26,164,11188,1,1,3,3,2,265,0,0,5,1,4,4.16
0,20,174,15314,1,1,3,3,2,235,0,1,39,1,4,5.06
0,20,169,12964,1,1,3,3,2,124,0,0,55,1,4,4.54
0,25,162,10998,1,1,3,3,2,133,0,0,28,1,4,4.19
1,21,170,10292,1,1,2,3,2,100,0,0,60,2,3,3.56
1,29,194,12372,1,1,2,3,2,227,0,0,0,1,3,3.29
1,17,179,5600,1,1,3,3,2,200,1,3,60,1,0,1.75
0,43,158,8171,1,1,2,1,2,192,0,0,0,2,2,3.27
0,25,169,10477,1,1,3,3,2,265,0,0,37,1,4,3.67
0,26,162,11194,1,1,3,3,2,267,0,0,9,1,4,4.27
1,26,181,12108,1,1,1,3,2,207,0,1,11,1,3,3.7
1,22,170,7000,0,1,2,3,2,200,0,3,0,1,1,2.42
1,23,184,9092,0,1,2,3,2,127,0,0,0,1,5,2.69
0,21,162,6885,1,1,1,3,2,136,0,0,27,1,5,2.62
1,21,185,8980,1,1,2,3,2,100,0,0,60,1,6,2.62
1,33,172,8300,1,1,2,3,2,300,0,2,0,2,6,2.81
0,26,165,11194,1,1,3,3,2,273,0,0,3,1,4,4.11
1,21,170,7500,1,1,2,3,2,270,0,1,3,1,5,2.6
0,21,169,5000,0,1,3,4,1,100,0,1,0,1,0,1.75
0,43,159,8000,1,1,2,3,2,280,0,0,0,2,2,3.16
1,23,181,12099,1,1,2,2,2,204,0,0,0,1,3,3.69
0,21,174,13390,1,1,3,3,2,286,0,1,43,1,4,4.42
1,23,179,10503,1,1,2,3,2,234,0,0,30,1,2,3.28
1,25,178,7800,0,0,3,3,2,200,0,3,60,1,1,2.46
0,25,162,10480,1,1,3,3,2,235,0,0,26,1,4,3.99
0,18,174,13380,1,1,3,3,2,283,0,1,56,1,4,4.42
0,18,160,6800,1,1,2,1,2,200,0,0,120,1,5,2.66
1,21,183,10512,1,1,2,3,2,300,0,1,0,1,2,3.14
1,33,173,8333,1,1,2,2,2,200,0,1,90,1,5,2.78
1,31,182,12000,1,1,2,3,2,215,0,1,0,1,3,3.62
1,22,170,8906,1,1,1,2,2,262,0,0,82,1,6,3.08
0,26,163,11007,1,1,3,3,2,255,0,0,16,1,4,4.14
0,21,156,4500,0,1,3,3,1,100,0,1,0,2,0,1.85
1,23,170,8300,1,1,2,3,2,200,0,2,60,1,6,2.87
1,21,162,7000,0,1,3,1,2,200,0,1,0,1,5,2.67
1,30,165,10258,1,1,2,3,2,100,0,1,22,2,3,3.77
0,25,162,10542,1,1,3,3,2,247,0,0,32,1,4,4.02
1,33,175,8727,1,0,2,1,2,245,0,1,0,2,6,2.85
1,28,170,10148,1,1,2,3,2,100,0,1,0,1,3,3.51
1,19,162,6900,0,1,3,3,2,200,0,1,120,1,5,2.63
1,30,176,12054,1,1,2,3,2,228,0,1,0,1,3,3.89
1,22,182,9758,1,1,2,3,2,200,0,1,81,2,2,2.95
0,55,167,8000,1,0,2,1,2,100,0,1,0,2,6,2.87
1,25,177,11448,1,1,1,3,2,200,0,1,0,1,3,3.65
0,19,154,4500,0,1,3,3,1,200,0,1,60,1,1,1.9
0,26,164,11191,1,1,3,3,2,281,0,0,6,1,4,4.16
0,18,171,5086,0,1,1,3,2,200,0,2,60,1,0,1.74
1,19,180,8500,0,1,2,3,1,100,0,1,0,2,5,2.62
1,25,176,11553,1,1,2,3,2,216,0,1,52,1,3,3.73
1,23,168,7500,1,1,2,3,2,200,0,1,60,0,5,2.66
1,18,175,5113,1,1,1,3,2,187,0,1,60,1,0,1.67
0,23,168,8053,1,1,2,2,2,200,0,0,120,2,6,2.85
1,33,162,6200,1,1,2,3,2,200,0,0,0,2,1,2.36
0,26,163,11191,1,1,3,3,2,273,0,0,10,1,4,4.21
0,26,162,10990,1,1,3,3,2,127,0,0,16,1,4,4.19
1,17,187,5832,1,1,2,4,2,200,0,2,0,1,0,1.67
0,19,157,4500,0,1,2,3,1,100,0,1,60,1,0,1.83
0,23,160,4500,1,1,2,3,2,200,0,2,120,2,0,1.76
1,18,183,7100,0,1,3,3,2,200,0,0,60,2,1,2.12
0,18,152,4139,0,1,1,1,2,116,0,0,0,1,0,1.79
1,19,170,7200,1,1,2,3,1,200,0,0,60,1,1,2.49
0,38,168,7726,1,1,3,3,2,100,0,0,0,2,6,2.74
0,25,173,10200,1,1,3,3,2,148,0,0,55,1,4,3.41
1,21,160,8000,1,0,2,1,2,200,0,0,76,2,6,3.12
1,30,175,11228,1,1,1,3,2,215,0,0,6,1,3,3.67
0,19,170,6000,1,1,3,3,2,100,0,1,0,2,1,2.08
1,21,165,7000,0,1,2,1,3,200,0,1,0,1,5,2.57
1,19,160,6100,0,1,3,4,0,100,0,2,60,1,1,2.38
0,41,158,8000,1,1,2,3,2,100,0,0,0,1,2,3.2
0,18,169,13301,1,1,3,3,2,283,0,1,54,1,4,4.66
1,34,170,8300,1,1,3,3,2,300,0,3,0,2,6,2.87
0,19,164,4500,0,0,3,3,1,281,0,1,0,1,0,1.67
0,20,173,7805,1,1,3,3,2,288,0,3,35,1,5,2.61
0,19,176,4200,0,1,3,1,2,200,1,0,33,1,0,1.36
0,20,155,5700,1,1,2,3,2,200,0,0,60,1,0,2.37
0,40,153,8000,1,1,2,3,2,170,0,0,0,1,2,3.42
1,27,187,6800,0,1,2,3,2,200,0,1,0,1,1,1.94
0,22,159,4500,1,0,3,1,2,200,0,1,0,1,0,1.78
1,25,178,10504,1,1,2,3,2,211,0,0,42,1,2,3.32
0,18,174,13367,1,1,3,3,2,286,0,1,46,1,4,4.42
1,30,175,12000,1,0,2,3,2,300,0,1,0,1,3,3.92
1,30,175,11201,1,1,2,3,2,200,0,0,0,1,3,3.66
1,21,170,8000,1,1,2,3,2,191,0,1,60,1,6,2.77
1,20,170,9800,1,1,2,3,0,200,0,3,60,1,2,3.39
0,39,158,6233,1,1,2,2,2,102,0,2,0,1,5,2.5
1,32,182,12080,1,1,2,3,2,229,0,1,16,1,3,3.65
0,25,162,10459,1,1,3,3,2,156,0,0,31,1,4,3.99
0,26,162,10503,1,1,3,3,2,265,0,0,32,1,4,4.0
1,20,184,10497,1,1,2,3,2,187,0,0,46,1,2,3.1
0,20,175,13280,1,1,3,3,2,295,0,1,46,1,4,4.34
1,17,170,8500,1,1,2,3,2,282,0,1,60,2,6,2.94
1,27,188,9900,1,1,2,1,2,200,0,1,0,1,6,2.8
1,22,184,12128,1,1,2,2,2,182,0,0,0,1,3,3.58
1,26,181,11508,1,1,2,3,2,235,0,1,115,1,3,3.51
0,25,158,6300,1,1,2,1,2,300,0,1,60,1,5,2.52
1,30,177,12000,1,1,2,3,2,217,0,0,71,1,3,3.83
1,30,180,12015,1,1,2,2,2,154,0,1,31,1,3,3.71
1,21,162,7000,1,1,2,1,2,200,0,1,60,1,2,2.67
0,22,161,8790,1,1,2,1,2,297,0,2,72,2,2,3.39
0,21,164,4606,0,1,3,3,1,162,0,0,0,2,0,1.71
1,17,181,9718,1,1,2,3,2,200,0,1,39,2,2,2.97
1,23,182,12114,1,1,2,2,2,198,0,1,0,1,3,3.66
0,25,156,4500,0,1,2,3,1,200,0,2,0,1,1,1.85
1,27,182,12098,1,0,2,3,2,218,0,0,71,1,3,3.65
1,17,170,8500,1,0,2,3,2,200,0,1,60,1,6,2.94
1,17,171,9986,1,1,2,1,2,200,0,0,80,2,2,3.42
1,22,165,8984,1,1,3,3,2,195,0,0,84,1,2,3.3
1,30,178,12099,1,1,2,3,2,235,0,1,33,1,3,3.82
0,21,174,13390,1,1,3,3,2,193,0,1,49,1,4,4.42
1,40,174,10830,1,1,2,2,2,100,0,1,0,1,3,3.58
1,21,170,7500,1,1,2,3,2,200,1,3,120,1,5,2.6
0,18,173,8000,1,1,2,1,2,188,0,0,42,2,5,2.67
1,31,175,12079,1,1,2,2,2,292,0,1,26,1,3,3.94
0,19,176,13390,1,1,3,3,2,286,0,1,26,1,4,4.32
1,23,169,12124,1,1,2,2,2,100,0,1,0,1,3,4.24
1,21,174,7800,1,1,3,1,2,300,0,1,0,0,5,2.58
0,23,170,6600,1,1,3,3,0,200,0,1,120,2,1,2.28
0,32,165,7364,1,1,3,1,2,200,0,2,0,1,5,2.7
1,33,170,8300,1,0,3,3,2,200,0,1,0,0,6,2.87
0,25,164,10496,1,1,3,3,2,148,0,0,55,1,4,3.9
0,25,162,10483,1,1,3,3,2,265,0,0,41,1,4,3.99
0,21,174,13390,1,1,3,3,2,284,0,1,51,1,4,4.42
1,23,177,11616,1,1,1,3,2,200,0,1,37,1,3,3.71
1,33,172,8300,1,1,2,3,2,100,0,1,60,2,6,2.81
1,30,178,12069,1,1,2,3,2,229,0,1,44,1,3,3.81
1,21,172,7200,1,0,3,3,1,300,0,1,60,1,1,2.43
1,20,162,7000,0,0,2,3,2,200,0,2,0,2,6,2.67
1,31,175,11920,1,1,2,2,2,253,0,0,64,1,3,3.89
1,18,160,7000,0,1,2,3,2,200,0,1,60,1,5,2.73
0,25,162,11007,1,1,3,3,2,261,0,0,26,1,4,4.19
1,23,175,9500,1,0,3,3,2,300,0,3,60,2,2,3.1
1,18,174,6400,1,1,3,3,1,200,0,1,60,2,1,2.11
0,19,152,4200,0,1,3,1,1,159,0,0,33,1,0,1.82
0,20,172,13104,1,1,3,3,2,183,0,1,55,1,4,4.43
1,18,165,8000,1,1,2,3,2,200,0,2,60,2,6,2.94
1,39,170,8500,1,1,2,3,2,200,0,2,0,0,6,2.94
1,25,176,10430,1,1,2,2,2,100,0,1,0,2,3,3.37
1,23,183,12124,1,1,3,2,2,262,0,0,0,1,3,3.62
1,33,175,12000,1,0,3,3,2,300,0,1,0,1,3,3.92
1,21,175,8000,1,1,2,3,2,200,0,2,120,2,5,2.61
1,20,181,10227,1,1,2,3,2,100,0,1,0,2,2,3.12
0,17,168,5850,1,1,2,3,2,100,0,0,60,1,1,2.07
0,19,153,4200,0,1,3,1,1,152,0,0,33,2,0,1.79
1,30,188,12034,1,1,2,3,2,219,0,0,93,1,3,3.4
0,26,164,11191,1,1,3,3,2,281,0,0,6,1,4,4.16
1,33,170,8341,1,1,2,3,2,207,0,0,0,1,6,2.89
0,23,155,7899,1,1,2,1,2,200,0,0,0,2,2,3.29
1,24,179,10652,1,1,2,2,2,241,0,0,21,2,2,3.32
1,30,177,11239,1,1,1,2,2,261,0,0,75,1,3,3.59
1,30,175,11842,1,1,2,3,2,232,0,0,58,1,3,3.87
1,23,169,7000,0,1,2,1,3,300,0,1,60,1,5,2.45
0,25,160,8200,1,1,3,1,2,200,0,0,0,2,2,3.2
1,23,170,9532,1,1,2,3,2,300,0,3,120,2,2,3.3
0,23,165,8472,1,1,2,1,2,200,0,1,0,2,2,3.11
0,39,156,7665,1,1,2,3,2,144,0,0,0,1,2,3.15
0,25,164,10998,1,1,3,3,2,265,0,0,33,1,4,4.09
0,22,163,8200,1,1,2,1,2,100,0,1,60,2,2,3.09
0,22,165,5800,1,1,3,3,2,200,0,0,120,1,0,2.13
1,18,175,5000,1,1,1,3,1,200,0,2,60,2,0,1.63
0,25,164,10880,1,1,3,3,2,269,0,0,15,1,4,4.05
0,23,156,5100,1,1,2,1,2,200,0,0,60,1,1,2.1
1,23,161,9854,1,1,2,2,2,200,0,1,0,2,2,3.8
0,21,150,6200,1,0,3,1,2,100,0,0,0,2,5,2.76
1,38,175,11813,1,1,2,3,2,211,0,0,41,1,3,3.86
0,21,164,6000,0,1,2,1,2,100,0,1,60,2,1,2.23
0,29,165,7300,1,0,2,3,2,200,0,0,0,1,5,2.68
1,27,176,11200,1,1,2,3,2,200,0,0,60,2,3,3.62
0,20,156,4139,0,1,2,1,1,100,0,0,103,2,0,1.7
0,25,168,10498,1,1,3,3,2,148,0,0,37,1,4,3.72
1,25,176,11545,1,1,2,3,2,216,0,2,71,1,3,3.73
1,23,172,7500,1,1,3,3,2,300,0,1,120,1,5,2.54
0,21,152,5600,1,1,2,3,0,100,0,0,0,1,1,2.42
0,17,166,8475,1,1,2,3,2,200,0,1,0,2,6,3.08
1,34,181,8860,1,1,2,3,2,200,0,3,0,1,6,2.7
1,22,184,12186,1,1,2,2,2,197,0,1,0,1,3,3.6
1,29,190,12987,1,1,2,3,2,111,0,0,0,1,3,3.6
0,40,158,8000,1,1,2,1,2,200,0,1,0,1,2,3.2
0,18,166,8200,1,1,2,1,2,101,0,0,82,2,2,2.98
1,19,181,8500,1,1,2,3,2,163,0,1,0,1,5,2.59
1,31,175,7300,1,0,2,3,2,200,0,3,0,1,5,2.38
1,30,174,11228,1,1,2,3,2,211,0,0,19,1,3,3.71
1,17,165,7000,0,1,3,3,2,100,0,0,0,1,1,2.57
1,22,187,12042,1,1,2,2,2,285,0,1,0,1,3,3.44
0,17,160,5000,0,1,3,4,1,200,0,2,0,1,0,1.95
1,17,178,5800,0,0,2,3,2,200,0,1,60,2,1,1.83
1,21,170,6100,1,1,2,3,2,200,0,1,0,1,1,2.11
0,19,160,4500,0,0,3,3,2,282,0,1,0,1,0,1.76
0,20,152,4200,0,0,3,1,1,100,1,0,0,2,0,1.82
1,21,165,6500,1,1,2,3,2,200,0,3,0,2,1,2.39
1,21,170,6200,0,0,2,4,1,200,0,2,0,2,1,2.15
0,26,162,11188,1,1,3,3,2,260,0,0,25,1,4,4.26
0,19,157,6126,0,1,2,2,2,282,1,0,55,1,5,2.49
1,17,170,6500,1,1,2,3,2,200,0,1,60,2,5,2.25
1,30,184,12000,1,1,2,3,2,256,0,1,19,1,3,3.54
1,23,171,5000,0,1,2,4,0,200,0,0,0,2,1,1.71
1,21,179,10505,1,1,2,3,2,217,0,0,0,1,2,3.28
1,21,177,8980,1,1,2,1,2,297,0,0,0,1,2,2.87
0,21,163,5500,1,1,3,3,2,200,0,1,120,1,1,2.07
0,25,160,10503,1,1,3,3,2,241,0,0,35,1,4,4.1
1,22,182,12124,1,1,2,2,2,284,0,1,0,1,3,3.66
0,30,158,10500,1,1,2,3,2,100,0,1,0,1,2,4.21
0,29,152,6552,1,1,2,2,2,197,0,0,0,2,6,2.84
0,26,164,11181,1,1,3,3,2,255,0,0,36,1,4,4.16
0,22,162,8200,1,1,1,1,2,200,0,0,96,2,2,3.12
1,19,181,8674,1,1,2,3,2,216,0,2,8,1,5,2.65
0,39,158,7900,1,1,3,1,2,200,0,0,0,2,2,3.16
0,17,168,7872,1,0,2,1,2,200,0,0,0,2,6,2.79
1,22,165,9500,0,1,2,3,2,300,0,2,60,2,2,3.49
1,27,170,7200,1,0,2,3,0,300,0,1,0,1,1,2.49
1,24,175,11840,1,1,1,3,2,201,0,0,100,1,3,3.87
0,18,175,5587,0,1,2,3,2,162,0,2,78,1,0,1.82
1,23,175,9500,1,1,2,3,2,300,0,3,120,1,2,3.1
1,21,172,8213,1,1,2,2,2,200,0,1,40,1,6,2.78
1,19,181,8500,1,1,2,3,2,242,0,0,9,1,5,2.59
0,19,168,5100,1,1,2,3,1,100,0,0,120,1,0,1.81
0,22,163,8200,1,1,1,1,2,163,0,0,4,2,2,3.09
1,16,167,6400,0,1,3,3,2,100,1,1,60,1,1,2.29
1,21,178,7500,0,1,3,3,2,200,0,3,60,1,5,2.37
0,40,158,6200,1,1,2,1,1,100,0,0,0,1,1,2.48
0,25,161,10484,1,1,3,3,2,123,0,0,26,1,4,4.04
0,37,154,8000,1,1,2,1,2,200,0,2,0,1,2,3.37
0,18,163,5500,1,1,3,4,0,100,0,2,0,2,1,2.07
1,21,185,6600,1,1,3,3,2,200,0,1,0,2,1,1.93
0,18,159,4900,1,1,3,1,2,200,0,2,60,1,1,1.94
0,18,160,8200,1,1,2,1,2,200,0,0,91,2,2,3.2
0,26,165,11195,1,1,3,3,2,255,0,0,9,1,4,4.11
0,19,170,7805,1,0,2,3,2,243,0,1,48,1,6,2.7
0,25,168,10494,1,1,3,3,2,148,0,0,55,1,4,3.72
1,21,170,6500,0,1,2,3,2,200,0,1,60,2,1,2.25
1,26,180,7500,1,0,3,3,0,200,0,3,60,0,5,2.31
0,34,168,7800,0,1,3,1,2,100,0,0,60,2,6,2.76
0,26,164,11186,1,1,3,3,2,263,0,0,5,1,4,4.16
1,23,183,8300,0,1,2,1,2,200,0,0,60,1,1,2.48
0,26,162,11077,1,1,3,3,2,261,0,0,22,1,4,4.22
1,19,162,7000,0,0,2,1,3,300,0,1,0,1,5,2.67
0,18,173,5000,0,1,3,3,2,122,0,0,60,1,0,1.67
1,18,167,7000,0,1,3,3,1,200,0,1,0,1,1,2.51
1,19,180,8700,0,0,2,3,2,300,0,3,60,2,5,2.69
0,26,167,11193,1,1,3,3,2,277,0,0,14,1,4,4.01
1,22,180,7200,1,1,3,3,3,300,0,2,60,1,1,2.22
0,18,165,8000,1,1,2,1,2,243,0,2,73,2,5,2.94
1,30,176,12090,1,1,2,3,2,211,0,1,27,1,3,3.9
0,21,161,6810,0,1,2,3,2,256,0,1,60,1,5,2.63
1,23,166,5600,1,1,2,3,2,100,0,3,60,1,1,2.03
0,20,172,13569,1,1,3,3,2,286,0,1,43,1,4,4.59
0,21,172,13192,1,1,3,3,2,141,0,1,54,1,4,4.46
1,19,175,7500,1,1,3,4,1,200,0,2,0,1,5,2.45
1,34,176,8500,1,1,2,1,2,297,0,2,58,2,6,2.74
1,22,163,7000,1,1,2,1,3,226,0,0,0,1,2,2.63
1,33,172,8300,1,0,2,3,2,100,0,1,60,1,6,2.81
1,19,172,8500,0,0,2,3,2,300,0,1,60,1,6,2.87
1,27,184,11902,1,1,2,3,2,200,0,0,1,1,3,3.52
0,21,174,13374,1,1,3,3,2,286,0,1,42,1,4,4.42
1,22,170,8000,1,1,3,3,1,200,0,1,60,1,6,2.77
1,39,167,8949,1,1,2,3,2,296,0,1,0,1,2,3.21
0,21,154,6300,0,1,3,1,2,200,0,0,0,1,5,2.66
1,21,174,9694,1,1,2,3,2,213,0,2,103,1,2,3.2
0,21,162,4500,0,1,3,3,1,200,0,2,0,2,0,1.71
0,26,163,11194,1,1,3,3,2,286,0,0,31,1,4,4.21
1,34,176,8000,1,1,2,3,2,297,0,1,55,2,6,2.58
0,18,170,6800,1,1,2,3,2,200,0,2,60,2,1,2.35
1,23,179,10503,1,1,2,3,2,201,0,0,30,1,2,3.28
1,21,174,7500,0,1,2,3,1,300,0,1,60,1,5,2.48
1,41,175,11800,1,1,2,3,2,200,0,1,0,0,3,3.85
1,21,175,7000,0,1,2,3,2,200,0,1,60,1,1,2.29
1,18,170,5206,0,1,1,3,2,200,0,0,60,1,0,1.8
1,21,177,10505,1,1,2,3,2,300,0,1,90,1,2,3.35
1,21,179,10503,1,1,2,3,2,255,0,0,18,1,2,3.28
0,25,166,10476,1,1,3,3,2,148,0,0,54,1,4,3.8
1,22,174,9630,1,1,2,2,2,200,0,1,109,2,2,3.18
0,29,163,7000,0,0,3,3,2,200,1,3,0,2,5,2.63
1,33,185,9000,1,1,2,3,2,200,0,1,0,1,6,2.63
0,20,152,4200,1,1,3,1,1,132,0,0,0,1,0,1.82
0,22,155,5500,1,1,2,1,1,100,0,1,60,2,1,2.29
0,21,163,6800,1,1,2,3,2,200,0,3,60,1,1,2.56
1,23,185,11616,1,1,1,3,2,200,0,1,60,1,3,3.39
1,18,170,7000,0,1,3,3,1,200,0,1,0,1,1,2.42
1,29,178,10287,1,1,2,3,2,182,0,0,106,1,2,3.25
0,26,162,10721,1,1,3,3,2,256,0,0,27,1,4,4.09
0,23,159,4391,0,0,2,1,1,279,0,0,0,2,0,1.74
1,18,170,5200,1,1,2,3,1,100,0,2,60,1,1,1.8
0,26,163,10998,1,1,3,3,2,262,0,0,8,1,4,4.14
0,19,165,6500,1,1,3,3,2,300,0,1,60,1,1,2.39
1,26,187,11502,1,1,2,3,2,204,0,0,95,1,3,3.29
1,23,172,8000,1,1,1,3,2,200,0,0,120,1,5,2.7
1,21,180,12500,1,1,2,3,2,100,0,1,60,1,2,3.86
1,19,187,5858,1,1,2,3,2,211,0,2,15,2,0,1.68
1,22,173,8477,1,1,2,1,2,200,0,2,0,2,6,2.83
0,20,168,12188,1,1,3,3,2,175,0,1,14,1,4,4.32
0,17,170,5000,0,1,1,4,1,100,1,0,60,1,0,1.73
1,23,172,7549,1,1,2,3,2,200,0,0,7,1,5,2.55
0,20,151,6365,1,1,2,1,2,184,0,1,91,2,6,2.79
0,18,180,13803,1,1,3,3,2,269,0,1,44,1,4,4.26
1,21,175,7500,1,1,3,4,1,200,1,2,0,2,1,2.45
0,19,166,4966,0,1,2,3,2,100,0,2,60,1,0,1.8
0,23,172,5200,1,1,3,3,1,200,0,0,120,1,0,1.76
1,31,185,12500,1,1,2,3,2,200,0,0,60,1,3,3.65
1,19,180,8500,1,1,3,1,2,200,0,3,60,2,5,2.62
1,35,177,6500,0,1,2,3,2,100,0,1,0,2,1,2.07
1,21,175,7000,1,1,2,3,3,300,0,1,0,1,5,2.29
1,21,183,8700,1,0,2,3,0,200,0,2,120,1,1,2.6
1,31,190,12967,1,1,2,3,2,159,0,1,1,1,3,3.59
1,25,182,12080,1,1,2,3,2,211,0,0,0,1,3,3.65
1,18,185,8600,1,1,2,3,1,200,0,1,60,0,6,2.51
1,26,184,12000,1,1,2,3,2,204,0,1,34,1,3,3.54
0,33,163,7500,1,0,3,3,1,300,0,1,0,1,5,2.82
1,21,171,8000,1,1,2,3,2,200,0,2,116,2,6,2.74
1,22,180,12200,1,1,2,1,2,200,0,1,60,1,3,3.77
1,25,177,10513,1,1,1,3,2,261,0,1,24,1,2,3.36
0,26,163,11186,1,1,3,3,2,258,0,0,14,1,4,4.21
0,39,156,8000,1,1,2,1,2,144,0,1,0,2,2,3.29
1,17,173,9818,1,1,2,2,2,200,0,2,120,2,2,3.28
0,21,171,13395,1,1,3,3,2,192,0,1,55,1,4,4.58
0,18,172,5251,1,1,2,3,1,200,0,0,113,2,0,1.77
1,26,181,8710,1,1,2,3,2,297,0,2,28,1,5,2.66
1,30,177,11243,1,1,2,3,2,204,0,0,10,1,3,3.59
1,23,177,9735,1,1,2,1,2,200,0,0,96,1,2,3.11
0,22,167,5000,0,1,2,4,2,100,0,1,60,2,0,1.79
0,34,167,7735,1,1,2,2,2,187,0,0,0,2,6,2.77
1,27,160,10064,1,1,2,1,2,100,0,0,100,2,3,3.93
0,20,174,13387,1,1,3,3,2,284,0,1,54,1,4,4.42
0,19,151,4200,0,1,2,3,1,100,0,1,0,1,0,1.84
0,22,170,4500,1,0,3,3,1,300,0,2,0,2,0,1.56
1,23,178,12092,1,1,2,2,2,206,0,1,37,1,3,3.82
1,22,170,7000,1,1,2,3,2,100,0,1,60,1,1,2.42
0,18,160,8203,1,1,2,3,2,100,0,0,92,1,2,3.2
0,18,156,5200,0,1,3,3,2,100,0,1,0,2,1,2.14
0,19,174,5499,1,1,3,3,1,294,0,0,5,1,0,1.82
0,26,165,10492,1,1,3,3,2,257,0,0,35,1,4,3.85
0,26,166,11195,1,1,3,3,2,278,0,0,4,1,4,4.06
0,33,166,7488,1,1,3,1,2,120,0,0,53,1,5,2.72
0,18,156,4500,0,1,2,3,0,200,0,0,60,2,1,1.85
0,18,173,13385,1,1,3,3,2,285,0,1,53,1,4,4.47
1,21,174,7200,1,1,3,3,0,200,0,0,0,1,1,2.38
0,19,166,4986,0,0,3,3,1,296,0,2,60,1,0,1.81
0,18,150,5500,0,1,2,1,2,100,1,0,0,1,5,2.44
0,18,166,6000,0,1,1,3,0,200,0,0,60,2,1,2.18
1,30,175,11811,1,1,2,3,2,200,0,0,86,1,3,3.86
1,17,170,6500,1,1,2,3,1,200,0,2,60,1,1,2.25
1,17,183,9500,1,1,2,3,2,200,0,1,9,1,6,2.84
1,18,183,10874,1,1,2,3,2,192,0,1,118,2,2,3.25
0,18,165,8500,1,1,2,3,2,100,0,1,60,2,2,3.12
1,18,175,7967,1,0,2,2,2,100,0,0,0,2,6,2.6
1,18,179,10824,1,1,2,1,2,234,0,2,84,2,2,3.38
1,26,164,11689,1,1,1,3,2,100,0,0,37,1,3,4.35
0,42,155,6233,1,1,2,3,2,200,0,1,0,2,6,2.59
0,18,156,6997,0,1,1,3,2,200,0,0,106,2,5,2.88
0,23,156,6000,1,0,3,3,2,200,0,0,0,2,0,2.47
1,17,179,5961,1,1,2,3,2,200,0,2,43,2,0,1.86
1,26,167,8331,0,1,2,3,2,200,0,0,0,2,6,2.99
0,26,162,11188,1,1,3,3,2,272,0,0,7,1,4,4.26
0,26,163,11194,1,1,3,3,2,273,0,0,5,1,4,4.21
0,19,175,4969,0,1,1,3,2,282,0,2,60,1,0,1.62
0,21,162,5300,1,1,3,3,2,100,0,1,0,1,1,2.02
1,31,167,7800,0,1,2,3,2,100,0,0,60,2,6,2.8
0,19,173,5000,0,1,1,3,2,114,0,0,0,1,0,1.67
0,19,174,12976,1,1,3,3,2,289,0,1,54,1,4,4.29
0,22,166,5800,1,0,3,3,2,200,0,0,0,2,1,2.1
0,18,163,8400,1,1,3,3,2,200,0,0,60,2,2,3.16
1,30,175,12500,1,1,3,3,1,300,0,1,0,2,3,4.08
1,23,168,9067,1,1,2,3,2,199,0,0,60,2,2,3.21
0,25,162,10498,1,1,3,3,2,107,0,0,27,1,4,4.0
0,21,156,5800,0,1,2,1,2,200,0,0,0,2,1,2.38
1,25,177,11323,1,1,1,3,2,200,0,0,60,1,3,3.61
0,25,167,10484,1,1,3,3,2,134,0,0,9,1,4,3.76
0,26,161,11199,1,1,3,3,2,286,0,0,0,1,4,4.32
0,18,160,8200,1,1,1,1,2,200,0,0,120,1,2,3.2
0,25,166,10476,1,1,3,3,2,286,0,0,35,1,4,3.8
1,33,175,10650,1,1,2,3,2,240,0,1,49,2,3,3.48
1,21,170,5251,0,1,2,1,2,200,0,0,0,1,0,1.82
0,24,163,11327,1,1,3,3,2,283,0,0,37,1,4,4.26
0,34,167,7855,1,1,2,3,2,200,0,0,0,2,6,2.82
0,23,160,8200,1,1,3,3,2,100,0,0,60,1,2,3.2
1,33,169,10384,1,1,2,3,2,100,0,1,0,1,3,3.64
1,20,180,12500,1,1,2,3,2,200,0,2,60,1,3,3.86
0,21,174,13355,1,1,3,3,2,283,0,1,43,1,4,4.41
1,23,175,7500,1,1,2,3,2,200,0,2,60,2,1,2.45
0,21,161,6877,0,1,1,1,2,237,0,1,47,2,5,2.65
0,26,162,11092,1,1,3,3,2,260,0,0,27,1,4,4.23
1,18,176,9500,1,1,2,3,2,300,0,3,120,0,2,3.07
1,23,175,11807,1,1,2,2,2,209,0,0,0,1,3,3.86
1,33,172,8300,1,1,2,1,2,200,0,1,0,2,6,2.81
1,19,180,8500,1,0,3,3,2,300,0,3,0,1,5,2.62
1,24,170,6200,1,0,2,3,1,200,0,0,60,1,1,2.15
0,21,156,5000,0,1,2,3,2,100,0,0,60,2,1,2.05
1,21,172,6600,0,1,2,3,2,200,0,1,60,2,1,2.23
0,19,153,4200,0,1,2,3,1,100,0,2,0,1,0,1.79
1,18,170,5000,0,1,2,3,1,200,0,1,120,1,0,1.73
1,18,176,5552,1,1,2,3,2,196,1,0,93,1,0,1.79
0,19,168,4966,0,1,1,3,2,100,0,2,60,1,0,1.76
1,22,180,8522,1,1,2,2,2,245,0,0,0,1,5,2.63
1,39,177,7967,1,1,2,1,2,220,0,0,0,0,6,2.54
0,19,177,13785,1,1,3,3,2,200,0,1,48,1,4,4.4
0,21,169,7500,1,1,2,3,2,200,0,1,111,1,5,2.63
1,22,173,8200,1,1,2,2,2,183,0,0,0,1,6,2.74
1,30,177,12086,1,1,2,3,2,214,0,0,6,1,3,3.86
0,18,167,6500,0,1,2,3,2,200,0,1,60,2,1,2.33
0,17,172,5000,0,1,1,4,1,100,0,2,19,1,0,1.69
0,38,155,7800,1,1,1,3,2,100,0,0,0,1,2,3.25
0,25,168,10476,1,1,3,3,2,144,0,0,53,1,4,3.71
1,19,181,8766,1,1,2,2,2,219,0,2,9,1,5,2.68
0,38,155,7943,1,1,1,1,2,114,0,0,0,2,6,3.31
1,27,170,8204,1,1,2,1,2,187,0,0,104,1,6,2.84
0,22,165,8200,1,1,3,3,2,200,0,0,60,1,2,3.01
0,25,168,10480,1,1,3,3,2,142,0,0,36,1,4,3.71
1,24,176,10064,1,1,2,1,2,117,0,1,55,2,3,3.25
0,20,156,4500,1,1,2,3,2,200,0,1,60,1,1,1.85
0,21,172,13140,1,1,3,3,2,192,0,1,55,1,4,4.44
0,19,166,6000,1,1,1,3,2,100,1,0,60,1,5,2.18
0,21,178,13776,1,1,3,3,2,283,0,1,55,1,4,4.35
1,18,175,5300,1,1,2,3,2,200,0,1,120,2,0,1.73
0,25,164,10479,1,1,3,3,2,143,0,0,41,1,4,3.9
0,18,170,5000,0,0,2,4,1,100,0,1,60,1,0,1.73
1,45,170,8600,0,1,3,3,1,300,0,3,120,2,6,2.98
1,18,174,6400,1,1,3,3,2,100,0,1,60,1,1,2.11
1,31,183,9206,1,1,2,1,2,150,0,0,58,1,6,2.75
0,22,163,8200,1,1,1,1,2,200,0,0,120,2,2,3.09
1,23,175,11739,1,1,2,3,2,242,0,1,58,1,3,3.83
0,24,166,11228,1,1,3,3,2,273,0,0,23,1,4,4.07
1,23,170,7500,1,1,2,3,2,200,0,2,60,1,5,2.6
0,25,160,4500,0,1,3,3,1,200,0,0,0,1,1,1.76
0,24,172,8000,1,1,3,3,2,200,0,2,6,1,6,2.7
1,29,183,8400,1,0,2,3,1,200,0,1,0,1,5,2.51
1,18,179,10500,1,1,2,3,2,300,0,1,0,1,2,3.28
0,18,165,6000,1,1,3,3,1,200,0,2,0,1,1,2.2
0,17,162,5800,0,1,1,1,2,100,0,0,60,2,5,2.21
1,30,176,12034,1,1,2,3,2,253,0,0,95,1,3,3.88
0,18,160,6640,1,1,2,3,2,240,1,0,55,1,5,2.59
0,22,165,8500,1,1,2,1,3,300,0,1,0,1,2,3.12
0,22,164,9418,1,1,2,3,2,261,0,0,0,1,2,3.5
0,17,170,5000,1,1,2,4,1,200,0,2,60,1,0,1.73
0,23,169,5149,1,1,2,3,1,161,0,0,0,2,0,1.8
1,23,172,8378,1,1,2,1,2,200,0,1,0,1,6,2.83
0,24,177,11308,1,1,3,3,2,208,0,0,5,1,4,3.61
0,18,162,5300,0,1,2,3,2,100,0,0,120,1,1,2.02
1,22,186,10642,1,1,2,3,2,182,0,1,60,2,3,3.08
1,21,170,8099,1,1,2,3,2,200,0,2,52,1,6,2.8
0,21,155,6287,1,1,2,2,2,263,0,0,33,1,5,2.62
1,27,175,11874,1,1,2,3,2,200,0,0,21,1,3,3.88
0,21,172,13316,1,1,3,3,2,285,0,1,56,1,4,4.5
1,18,167,6500,0,1,3,3,1,100,0,2,60,1,1,2.33
0,26,165,7000,1,0,3,1,2,300,0,1,0,1,5,2.57
1,30,175,12500,1,0,3,3,2,200,0,1,0,1,3,4.08
1,26,165,10106,1,1,2,2,2,199,0,1,0,2,3,3.71
0,21,175,7800,1,1,2,1,2,200,0,2,0,0,5,2.55
1,24,170,8000,1,1,2,3,2,200,0,1,60,1,6,2.77
1,33,183,9782,1,1,2,3,2,219,0,1,0,1,6,2.92
1,25,175,11234,1,1,2,3,2,216,0,1,60,1,3,3.67
0,20,160,4500,0,0,3,3,2,200,0,1,0,2,0,1.76
0,26,164,11181,1,1,3,3,2,263,0,0,55,1,4,4.16
1,31,186,12470,1,1,2,3,2,166,0,0,14,1,3,3.6
0,21,173,13311,1,1,3,3,2,286,0,1,49,1,4,4.45
0,18,174,12811,1,1,3,3,2,238,0,1,37,1,4,4.23
0,23,154,8000,1,0,2,3,2,100,0,2,0,2,2,3.37
0,20,156,5100,1,1,2,3,1,300,0,0,60,2,1,2.1
0,38,155,7800,1,1,3,1,2,200,0,0,0,1,2,3.25
0,37,150,7548,1,1,2,3,2,100,0,0,0,1,2,3.35
0,18,170,8000,1,1,2,3,2,100,0,1,60,2,5,2.77
1,30,184,12407,1,1,2,3,2,220,0,0,42,1,3,3.66
0,23,158,4900,0,1,2,3,2,200,0,3,60,1,1,1.96
1,22,175,7500,1,1,3,3,1,200,0,0,60,1,5,2.45
0,19,159,4206,0,1,3,1,1,282,0,1,5,1,0,1.66
1,26,181,11974,1,1,2,3,2,253,0,1,1,1,3,3.65
1,23,172,5160,0,0,2,3,1,183,0,1,0,2,0,1.74
0,25,164,10494,1,1,3,3,2,102,0,0,35,1,4,3.9
0,38,150,7800,1,1,1,3,2,200,0,0,0,0,2,3.47
1,27,178,11293,1,1,1,3,2,202,0,1,0,1,3,3.56
1,18,172,6900,0,0,2,3,2,200,0,3,60,1,5,2.33
1,21,175,5000,0,0,3,3,2,200,0,0,0,1,0,1.63
1,20,172,8300,1,1,3,3,2,200,0,1,0,1,6,2.81
1,41,178,9673,1,1,2,2,2,217,0,1,66,1,2,3.05
1,19,186,11995,1,1,2,2,2,206,0,0,31,1,3,3.47
1,30,191,11311,1,1,2,3,2,217,0,0,60,1,3,3.1
0,20,170,5208,1,1,2,3,1,115,0,0,71,1,0,1.8
1,20,185,11500,1,1,2,3,2,300,0,0,120,1,2,3.36
0,25,169,10481,1,1,3,3,2,148,0,0,13,1,4,3.67
1,24,167,9954,1,1,2,3,2,100,0,0,92,2,3,3.57
0,21,162,6885,1,1,1,3,2,270,0,0,22,1,5,2.62
0,21,166,6881,0,1,1,3,3,200,0,1,0,1,5,2.5
0,21,166,6400,1,1,2,3,1,100,1,0,60,1,1,2.32
1,17,183,5924,1,1,2,4,2,200,0,2,60,2,0,1.77
0,26,165,11193,1,1,3,3,2,252,0,0,17,1,4,4.11
0,23,165,8000,1,1,2,1,2,200,0,1,120,2,2,2.94
1,21,173,9844,1,1,2,3,2,200,0,2,120,2,2,3.29
1,29,169,8000,1,1,2,3,2,170,0,1,0,1,6,2.8
1,34,168,7795,1,1,3,1,2,200,0,0,0,1,2,2.76
1,24,175,11763,1,1,2,3,2,200,0,1,37,1,3,3.84
1,18,162,7000,1,1,2,1,2,200,0,1,0,2,2,2.67
1,21,178,10500,1,1,2,3,2,300,0,1,60,1,2,3.31
0,18,171,5000,0,1,3,3,1,200,0,1,0,2,0,1.71
1,18,170,5500,0,1,2,3,1,100,0,2,60,1,1,1.9
0,26,161,11193,1,1,3,3,2,260,0,0,8,1,4,4.32
0,21,162,7000,1,1,2,1,3,300,0,2,60,1,5,2.67
1,26,176,11272,1,1,1,3,2,207,0,0,0,1,3,3.64
1,25,176,11323,1,1,1,3,2,215,0,1,52,1,3,3.66
0,25,168,10493,1,1,3,3,2,129,0,0,56,1,4,3.72
1,22,170,9500,1,1,2,3,2,200,0,0,60,1,2,3.29
0,17,170,8300,1,0,3,4,1,200,0,1,60,1,6,2.87
1,18,185,6500,1,1,3,3,2,200,0,1,60,1,1,1.9
0,19,162,4500,0,1,3,4,1,100,0,1,60,2,0,1.71
1,35,173,8445,1,1,2,3,2,200,0,2,0,2,6,2.82
1,30,182,12086,1,1,2,3,2,229,0,1,40,1,3,3.65
0,22,165,7000,0,0,2,1,2,100,0,1,0,2,6,2.57
1,18,177,5570,1,1,2,3,2,200,0,0,106,1,5,1.78
1,24,187,12114,1,1,2,3,2,247,0,1,40,1,3,3.46
1,33,183,9702,1,1,2,1,2,300,0,1,0,1,6,2.9
1,19,178,8998,1,1,1,3,2,300,0,2,28,1,5,2.84
0,26,170,7805,1,1,3,3,2,200,0,0,0,0,6,2.7
1,24,179,12099,1,1,2,3,2,300,0,1,14,1,3,3.78
0,24,173,13384,1,1,3,3,2,281,0,1,33,1,4,4.47
0,20,175,7600,1,1,3,3,0,100,0,1,0,2,5,2.48
0,19,162,5300,0,1,3,1,2,200,0,1,60,1,1,2.02
0,21,160,7800,0,1,2,1,1,200,0,2,0,0,2,3.05
0,26,164,11160,1,1,3,3,2,255,0,0,55,1,4,4.15
0,21,150,5000,1,1,3,3,2,100,0,0,60,2,1,2.22
1,17,170,9900,1,1,2,3,1,100,0,1,60,2,3,3.43
1,30,176,12015,1,1,2,3,2,211,0,1,94,1,3,3.88
0,21,169,13569,1,1,3,3,2,148,0,1,43,1,4,4.75
1,29,176,7900,1,0,2,4,1,100,0,1,0,1,5,2.55
0,26,159,11077,1,1,3,3,2,263,0,0,22,1,4,4.38
0,22,171,6900,0,1,2,1,3,100,0,1,0,1,5,2.36
0,25,161,10483,1,1,3,3,2,107,0,0,33,1,4,4.04
0,29,162,8900,1,1,2,3,2,100,0,0,60,1,2,3.39
0,26,162,6890,1,1,3,3,2,273,0,0,7,1,5,2.63
0,42,158,8191,1,1,2,2,2,100,0,0,0,2,2,3.28
0,22,162,8262,1,1,2,2,2,237,0,1,51,1,5,3.15
1,22,178,8999,1,1,1,1,2,200,0,0,60,1,2,2.84
1,23,171,7808,1,1,1,3,2,200,0,0,64,1,5,2.67
1,45,179,9694,1,1,2,3,2,300,0,2,0,2,2,3.03
1,30,190,12946,1,1,2,3,2,152,0,1,2,1,3,3.59
0,22,176,5115,1,1,2,3,1,187,0,2,60,2,0,1.65
0,26,163,10502,1,1,3,3,2,237,0,0,32,1,4,3.95
1,29,183,11239,1,1,2,3,2,200,0,0,86,1,3,3.36
1,30,175,11908,1,1,2,2,2,211,0,1,0,2,3,3.89
0,21,161,8419,1,1,2,3,2,298,0,1,0,1,2,3.25
0,21,175,13361,1,1,3,3,2,288,0,1,48,1,4,4.36
0,22,159,4405,0,0,3,3,1,200,0,0,0,1,0,1.74
0,23,162,8000,1,1,2,1,2,200,0,1,0,2,2,3.05
0,37,156,8000,1,1,2,2,2,156,0,0,0,1,2,3.29
1,38,175,5700,1,1,3,3,1,200,0,2,0,1,0,1.86
1,27,175,11920,1,1,2,3,2,263,0,0,12,1,3,3.89
0,21,174,13373,1,1,3,3,2,172,0,1,39,1,4,4.42
1,21,180,7200,1,1,2,3,2,200,0,1,60,2,1,2.22
0,20,154,4900,0,1,3,3,2,100,0,1,60,1,1,2.07
0,21,165,11193,1,1,3,3,2,163,0,0,54,1,4,4.11
1,21,175,7500,0,1,3,3,1,200,0,2,0,2,1,2.45
1,30,177,12000,1,1,2,3,2,217,0,1,38,1,3,3.83
1,27,175,11943,1,1,2,3,2,200,0,0,104,1,3,3.9
0,16,156,6400,1,1,2,3,1,200,0,0,60,2,1,2.63
1,18,169,9700,1,1,2,3,2,300,0,0,120,2,2,3.4
1,21,176,9797,1,1,2,1,2,300,0,1,116,2,2,3.16
1,21,172,8200,1,1,2,4,1,300,0,2,60,2,2,2.77
1,17,180,6500,1,1,2,3,2,200,0,0,120,1,1,2.01
0,19,161,6816,1,1,3,1,2,232,0,0,60,1,5,2.63
0,21,173,15256,1,1,3,3,2,274,0,1,53,1,4,5.1
0,21,172,13187,1,1,3,3,2,142,0,1,40,1,4,4.46
1,21,171,8241,1,1,1,3,2,200,0,0,75,2,6,2.82
0,26,164,11193,1,1,3,3,2,247,0,0,39,1,4,4.16
0,40,158,8000,1,1,2,3,2,300,0,0,0,1,2,3.2
0,25,166,11255,1,1,3,3,2,270,0,0,26,1,4,4.08
0,19,158,6000,0,0,2,1,2,200,0,1,60,2,5,2.4
0,20,156,4433,0,0,3,2,1,140,1,0,0,1,0,1.82
1,19,172,8600,0,1,2,3,0,200,0,2,60,1,5,2.91
1,20,180,7200,1,0,3,3,2,200,0,1,0,1,1,2.22
0,33,168,7756,1,1,3,3,2,217,0,0,1,1,6,2.75
1,22,187,12114,1,1,3,2,2,196,0,0,0,1,3,3.46
1,23,180,6500,0,0,2,3,2,300,0,2,0,1,1,2.01
1,21,169,7500,1,1,3,3,2,100,0,1,60,1,5,2.63
1,22,181,12156,1,1,2,2,2,283,0,1,0,1,3,3.71
0,20,156,4193,0,1,2,1,1,100,0,0,27,1,0,1.72
1,24,167,6200,0,1,3,3,1,200,0,1,0,2,1,2.22
1,33,170,8300,0,1,2,3,3,300,0,1,0,1,5,2.87
1,31,175,11962,1,1,2,3,2,216,0,0,0,1,3,3.91
0,26,165,11185,1,1,3,3,2,281,0,0,16,1,4,4.11
1,27,181,12081,1,1,2,3,2,249,0,0,71,1,3,3.69
0,18,173,13374,1,1,3,3,2,261,0,1,42,1,4,4.47
1,25,180,10600,1,1,2,3,2,300,0,2,60,1,2,3.27
1,18,180,5000,0,1,2,3,2,100,0,1,60,1,0,1.54
0,21,162,6800,0,1,3,1,3,200,0,1,0,1,5,2.59
1,31,182,12092,1,1,2,3,2,231,0,1,0,1,3,3.65
1,17,176,8727,1,0,1,3,2,183,0,1,38,2,6,2.82
0,19,160,6400,0,0,3,3,2,200,0,2,60,2,6,2.5
1,20,185,5157,1,1,3,3,2,191,0,0,31,1,0,1.51
0,21,173,7597,1,1,2,3,2,155,0,0,0,1,5,2.54
1,31,183,12882,1,1,2,3,2,247,0,0,0,1,3,3.85
0,21,163,6000,0,1,3,3,2,100,0,1,0,1,1,2.26
0,23,165,6000,1,1,2,3,0,100,0,0,0,2,1,2.2
1,18,178,10900,1,1,2,3,2,200,0,1,60,2,2,3.44
0,21,166,4903,1,1,2,3,1,200,0,2,60,2,0,1.78
1,23,165,10054,1,1,2,2,2,101,0,0,39,2,2,3.69
0,21,173,13367,1,1,3,3,2,282,0,1,37,1,4,4.47
0,21,174,13316,1,1,3,3,2,265,0,1,55,1,4,4.4
0,18,168,14029,1,1,3,3,2,283,0,1,55,1,4,4.97
1,19,178,7200,1,1,3,3,2,200,0,1,60,2,1,2.27
0,26,162,11193,1,1,3,3,2,264,0,0,8,1,4,4.26
0,26,164,11187,1,1,3,3,2,263,0,0,5,1,4,4.16
0,26,164,11120,1,1,3,3,2,277,0,0,0,1,4,4.13
0,37,168,8328,1,1,2,2,2,200,0,1,0,2,6,2.95
1,19,175,7300,0,0,1,3,2,200,0,1,0,0,1,2.38
1,18,175,7500,0,1,2,3,1,100,0,1,60,2,1,2.45
1,24,177,12009,1,1,2,2,2,200,0,0,23,1,3,3.83
0,38,156,8000,1,1,3,1,2,100,0,0,0,1,2,3.29
0,18,173,6938,1,0,3,3,2,200,0,0,0,1,5,2.32
0,20,156,4139,0,1,2,1,2,100,0,0,0,1,0,1.7
1,21,165,8000,1,1,2,1,2,200,0,0,116,1,5,2.94
0,19,169,4983,0,1,1,3,1,200,0,0,116,1,0,1.74
0,26,162,11080,1,1,3,3,2,270,0,0,16,1,4,4.22
1,18,171,5513,1,1,2,3,2,214,0,0,50,2,0,1.89
1,17,170,8301,1,0,2,1,2,200,0,0,96,2,6,2.87
1,21,170,7000,1,1,2,3,2,100,0,1,0,2,1,2.42
1,24,176,11793,1,1,2,2,2,243,0,0,42,1,3,3.81
0,17,161,5300,1,1,3,3,2,200,0,1,120,2,1,2.04
1,19,179,7900,1,0,3,3,2,200,0,0,60,2,6,2.47
0,19,160,4900,0,1,2,3,2,200,0,2,0,2,0,1.91
1,32,169,8398,1,1,2,2,2,245,0,1,23,2,6,2.94
1,30,175,12064,1,1,2,3,2,204,0,1,28,1,3,3.94
1,25,180,7100,1,1,3,3,2,200,0,3,0,1,1,2.19
1,24,176,11789,1,1,2,2,2,209,0,1,0,1,3,3.81
0,21,160,5800,0,1,2,3,2,300,0,1,60,2,1,2.27
1,33,185,9000,1,1,2,3,2,200,0,2,0,1,6,2.63
1,18,173,5145,1,1,1,3,2,195,0,0,113,1,0,1.72
1,33,173,8475,1,1,2,2,2,175,0,0,2,1,5,2.83
1,22,171,8241,1,1,3,1,2,200,0,1,19,1,6,2.82
0,26,163,11191,1,1,3,3,2,263,0,0,14,1,4,4.21
1,18,179,10824,1,1,2,3,2,104,0,1,44,2,2,3.38
1,31,191,12999,1,1,2,3,2,101,0,0,8,1,3,3.56
0,23,170,7889,1,1,2,3,2,300,1,0,120,0,6,2.73
0,21,162,5800,0,1,3,3,2,200,0,0,0,2,1,2.21
0,22,160,8200,1,1,2,1,2,200,0,0,120,1,2,3.2
0,21,172,13104,1,1,3,3,2,165,0,1,54,1,4,4.43
1,18,173,10824,1,1,2,3,2,287,0,1,6,1,2,3.62
1,22,183,6600,0,1,3,3,2,200,0,2,60,1,1,1.97
1,18,166,6500,1,0,2,3,2,200,0,2,60,1,1,2.36
1,21,170,6800,0,1,3,3,2,200,0,3,120,1,1,2.35
0,23,156,8000,1,1,2,3,2,200,0,1,0,2,2,3.29
1,23,178,12131,1,1,2,1,2,235,0,0,0,1,3,3.83
0,25,160,10268,1,1,3,3,2,100,0,0,34,1,4,4.01
1,32,167,9000,1,1,2,3,2,100,0,0,60,1,6,3.23
0,18,158,4500,0,1,3,3,2,200,0,1,0,1,0,1.8
0,34,169,8000,1,1,2,3,2,200,0,0,0,2,6,2.8
0,18,160,8201,1,1,2,3,2,100,0,0,23,1,2,3.2
1,21,180,7500,1,1,3,3,2,200,0,2,0,1,1,2.31
1,25,175,11315,1,1,1,3,2,209,0,1,0,1,3,3.69
0,26,148,6300,0,1,3,3,2,200,0,0,60,1,5,2.88
0,30,167,7943,1,1,2,3,2,160,0,0,90,2,6,2.85
0,16,160,6500,1,1,3,3,1,200,0,0,60,1,5,2.54
0,23,163,8200,1,1,2,1,2,200,0,0,120,1,2,3.09
0,25,164,10480,1,1,3,3,2,169,0,0,55,1,4,3.9
1,21,181,10687,1,1,2,3,2,273,0,0,27,1,2,3.26
1,32,170,10268,1,1,2,3,2,100,0,1,0,1,3,3.55
0,22,162,8200,1,1,2,1,2,200,0,0,120,1,2,3.12
0,40,156,8000,1,1,2,3,2,200,0,2,0,1,2,3.29
0,21,174,13387,1,1,3,3,2,172,0,1,53,1,4,4.42
1,18,183,10755,1,1,2,2,2,214,0,2,64,1,2,3.21
1,37,177,10799,1,1,2,2,2,274,0,2,0,1,2,3.45
0,23,165,8000,1,1,2,1,2,200,0,0,60,2,2,2.94
1,18,174,6400,0,1,3,3,2,200,0,2,0,1,1,2.11
1,30,174,11837,1,1,2,3,2,215,0,1,23,1,3,3.91
0,19,164,4500,0,1,3,3,2,194,0,0,48,1,0,1.67
0,17,160,4800,0,1,2,3,2,200,0,2,0,2,1,1.87
1,17,171,5727,1,1,3,3,1,200,0,2,60,2,0,1.96
1,18,175,5209,1,1,2,2,2,215,0,1,95,1,0,1.7
1,24,181,12015,1,1,2,3,2,283,0,1,0,1,3,3.67
1,19,182,8530,1,1,2,3,2,229,0,2,10,1,5,2.58
0,26,163,11191,1,1,3,3,2,262,0,0,5,1,4,4.21
0,21,174,13395,1,1,3,3,2,283,0,1,38,1,4,4.42
0,26,158,10505,1,1,3,3,2,256,0,0,32,1,4,4.21
0,21,176,5171,1,1,2,3,1,124,0,0,95,1,0,1.67
0,38,167,6287,1,1,3,2,2,200,0,0,0,2,6,2.25
1,16,182,7100,1,1,3,3,0,200,0,3,60,2,1,2.14
0,26,164,11193,1,1,3,3,2,263,0,0,9,1,4,4.16
1,26,176,11827,1,1,2,3,2,297,0,0,23,1,3,3.82
1,24,181,11615,1,1,1,2,2,200,0,0,81,1,3,3.55
1,19,170,7500,1,1,3,3,1,200,0,3,0,1,5,2.6
1,18,175,8505,1,1,2,3,2,287,0,1,2,1,6,2.78
1,30,181,11842,1,1,2,3,2,217,0,0,62,1,3,3.61
0,21,165,8802,1,1,2,1,2,300,0,1,60,2,2,3.23
1,26,165,9000,1,1,2,3,0,300,0,1,60,1,2,3.31
1,33,165,10327,1,1,2,2,2,100,0,1,0,2,3,3.79
0,19,160,4500,0,0,3,3,1,197,1,1,0,1,0,1.76
0,18,170,5000,0,1,2,1,2,197,0,1,60,1,0,1.73
0,25,164,11091,1,1,3,3,2,231,0,0,41,1,4,4.12
1,18,174,9600,0,1,2,1,2,200,0,2,60,1,2,3.17
0,26,162,10513,1,1,3,3,2,258,0,0,10,1,4,4.01
1,23,182,10565,1,1,2,3,2,285,0,1,0,1,2,3.19
0,25,166,10496,1,1,3,3,2,148,0,0,26,1,4,3.81
0,19,159,4500,0,1,3,3,1,297,1,1,60,1,0,1.78
1,21,171,7500,1,1,2,3,2,200,0,2,96,1,5,2.56
0,22,160,8204,1,1,2,1,2,200,0,0,96,2,2,3.2
0,26,162,11081,1,1,3,3,2,270,0,0,20,1,4,4.22
1,18,178,9400,1,1,3,4,1,200,0,2,60,0,2,2.97
1,23,176,12075,1,1,2,3,2,183,0,0,0,1,3,3.9
0,21,165,8000,1,1,2,1,2,200,0,1,120,0,6,2.94
1,37,175,11856,1,1,2,2,2,189,0,0,0,1,3,3.87
1,20,180,10542,1,1,2,3,2,148,0,0,51,1,2,3.25
1,17,175,8500,1,0,2,2,2,200,0,1,9,1,6,2.78
0,26,164,11194,1,1,3,3,2,261,0,0,9,1,4,4.16
1,23,165,6600,1,0,2,3,0,300,0,3,60,2,1,2.42
1,24,160,4500,0,0,3,3,2,300,1,1,0,1,1,1.76
1,21,171,7500,1,1,2,3,1,200,0,1,60,1,5,2.56
0,26,164,11172,1,1,3,3,2,289,0,0,10,1,4,4.15
1,33,176,10300,1,0,2,3,2,100,0,1,0,1,3,3.33
1,25,177,11323,1,1,1,3,2,200,0,1,0,1,3,3.61
0,25,164,10483,1,1,3,3,2,249,0,0,55,1,4,3.9
0,22,172,8200,1,1,1,3,2,200,0,1,60,2,2,2.77
1,25,175,11413,1,1,2,3,2,210,0,1,0,1,3,3.73
0,20,160,5300,0,1,3,3,2,200,0,2,120,1,1,2.07
0,23,156,8000,1,1,2,1,0,200,0,0,120,2,2,3.29
1,26,182,11944,1,1,2,3,2,209,0,0,0,1,3,3.61
1,22,183,10503,1,1,2,2,2,237,0,2,28,1,2,3.14
0,25,162,10492,1,1,3,3,2,181,0,0,48,1,4,4.0
1,18,173,7500,1,1,2,3,1,200,0,3,60,1,5,2.51
0,18,170,5000,0,1,1,3,1,200,0,1,60,2,0,1.73
1,23,165,5800,0,1,1,3,1,200,0,3,0,1,1,2.13
0,18,166,8213,1,1,2,3,2,100,0,0,60,2,2,2.98
0,26,163,11193,1,1,3,3,2,263,0,0,9,1,4,4.21
0,18,165,9000,1,1,2,1,2,200,0,0,60,2,2,3.31
1,19,170,7900,0,1,3,3,2,200,0,2,60,1,5,2.73
0,19,163,6100,0,1,3,3,2,200,0,1,0,1,1,2.3
1,18,175,5000,0,1,3,3,1,200,0,2,60,1,0,1.63
0,20,175,15461,1,1,3,3,2,230,0,0,24,1,4,5.05
1,18,182,10825,1,1,2,2,2,245,0,1,0,2,2,3.27
1,30,183,12507,1,1,2,3,2,198,0,0,12,1,3,3.73
0,26,162,11172,1,1,3,3,2,260,0,0,10,1,4,4.26
1,17,170,8500,0,1,2,3,2,200,0,2,60,2,6,2.94
1,21,173,7505,1,1,2,3,2,269,0,0,120,1,5,2.51
1,26,186,12123,1,1,2,3,2,215,0,1,0,1,3,3.5
1,23,170,8000,0,1,2,3,2,200,0,2,120,2,6,2.77
1,17,179,5569,1,1,2,4,2,277,0,2,22,2,0,1.74
0,23,158,8000,1,1,2,1,2,200,0,1,0,1,2,3.2
1,23,177,9758,1,1,2,3,2,300,0,2,75,2,2,3.11
1,27,182,12086,1,1,2,3,2,300,0,0,84,1,3,3.65
0,23,163,8201,1,1,1,2,2,200,0,0,0,1,2,3.09
1,21,166,7000,0,1,2,1,2,300,0,1,0,1,5,2.54
0,21,173,13347,1,1,3,3,2,286,0,1,24,1,4,4.46
1,23,165,9500,1,1,2,3,2,300,0,0,60,1,2,3.49
0,18,160,6000,1,1,3,3,2,100,0,2,60,1,1,2.34
1,18,179,10896,1,1,2,2,2,227,0,1,96,2,2,3.4
1,18,171,5155,1,1,2,3,2,200,0,2,115,1,0,1.76
0,21,150,6500,1,0,2,3,2,200,0,1,0,2,6,2.89
0,23,165,8400,1,1,2,3,2,200,0,3,0,2,2,3.09
1,19,177,7900,0,1,3,3,2,200,0,1,60,0,5,2.52
1,20,168,7500,1,1,3,3,2,200,0,1,0,1,1,2.66
1,27,175,7800,1,0,2,1,2,200,0,2,0,1,5,2.55
0,26,169,10492,1,1,3,3,2,283,0,0,33,1,4,3.67
0,19,152,4200,0,1,2,1,1,100,0,1,35,1,0,1.82
0,18,162,7800,1,1,2,3,2,242,0,0,60,0,2,2.97
1,31,183,12163,1,1,2,3,2,274,0,0,0,1,3,3.63
1,30,175,11283,1,1,2,3,2,282,0,0,28,1,3,3.68
1,25,177,11510,1,1,1,3,2,200,0,1,23,1,3,3.67
0,20,160,7200,0,1,3,3,2,300,0,2,0,2,6,2.81
0,26,163,11193,1,1,3,3,2,243,0,0,14,1,4,4.21
0,21,174,7800,1,1,2,1,2,200,0,1,0,1,5,2.58
0,21,160,7000,0,1,2,1,3,300,0,1,0,0,5,2.73
1,18,174,5000,0,1,1,3,2,100,0,2,93,1,0,1.65
0,20,173,13334,1,1,3,3,2,282,0,1,53,1,4,4.46
0,20,178,13778,1,1,3,3,2,277,0,1,50,1,4,4.35
1,26,176,11919,1,1,1,3,2,215,0,0,40,1,3,3.85
1,21,169,7500,1,1,2,3,1,300,0,2,60,2,5,2.63
1,25,176,11447,1,1,1,3,2,242,0,0,43,1,3,3.7
1,21,170,7500,1,1,2,3,2,300,0,3,0,1,5,2.6
0,21,177,13395,1,1,3,3,2,182,0,1,55,1,4,4.28
1,24,177,11616,1,1,2,3,2,200,0,1,55,1,3,3.71
1,22,170,7530,1,1,2,3,2,107,0,0,44,1,5,2.61
0,30,166,8472,1,1,3,2,2,195,0,0,16,2,6,3.07
1,21,171,8000,1,1,2,3,2,300,0,2,116,2,6,2.74
0,26,162,11080,1,1,3,3,2,270,0,0,35,1,4,4.22
1,23,172,6800,1,0,2,3,1,200,0,0,60,2,1,2.3
0,20,152,4200,0,1,3,1,1,107,0,0,13,1,0,1.82
1,34,171,9825,1,1,2,3,2,180,0,1,0,0,6,3.36
1,38,177,11837,1,1,2,2,2,198,0,0,0,1,3,3.78
0,19,156,4193,0,1,2,3,1,100,0,1,0,1,0,1.72
1,18,175,5200,0,1,2,3,2,200,0,1,120,1,0,1.7
1,18,178,10291,1,1,2,1,2,213,0,1,32,2,2,3.25
0,26,162,10483,1,1,3,3,2,245,0,0,32,1,4,3.99
0,20,174,13366,1,1,3,3,2,124,0,1,34,1,4,4.41
1,24,170,8500,1,1,2,3,2,200,0,1,120,1,6,2.94
1,37,175,11784,1,1,2,2,2,235,0,0,19,1,3,3.85
0,21,161,6708,1,1,1,3,2,201,0,0,113,1,5,2.59
1,18,180,5000,0,1,2,3,2,200,0,2,60,1,0,1.54
1,19,170,6500,0,0,2,3,2,200,0,1,60,1,1,2.25
0,17,160,6000,1,1,2,3,2,200,0,3,0,2,1,2.34
1,21,180,8500,1,1,2,3,2,300,0,3,60,1,5,2.62
0,22,164,8200,1,1,1,1,2,200,0,0,81,1,2,3.05
0,19,165,4974,0,0,3,3,1,163,0,2,60,1,0,1.83
0,21,174,13314,1,1,3,3,2,169,0,1,53,1,4,4.4
1,21,170,6650,1,1,2,3,0,200,0,3,0,2,1,2.3
1,30,176,11820,1,1,2,3,2,216,0,0,38,1,3,3.82
1,18,170,5000,0,1,2,3,2,200,0,0,60,1,0,1.73
1,21,170,7500,1,1,2,3,2,204,0,1,55,1,5,2.6
1,26,181,8674,1,1,2,3,2,283,0,0,0,1,5,2.65
0,25,162,10479,1,1,3,3,2,255,0,0,26,1,4,3.99
1,19,180,7200,1,1,2,3,2,100,0,1,0,2,1,2.22
1,23,170,6700,1,1,3,3,2,200,0,3,0,2,1,2.32
1,27,184,12058,1,1,2,3,2,287,0,0,0,1,3,3.56
1,21,175,6877,0,1,1,3,3,200,0,1,0,1,5,2.25
0,21,163,6300,1,1,3,4,2,200,1,2,0,1,1,2.37
1,20,178,10500,1,1,2,3,2,300,0,1,0,1,2,3.31
0,19,168,4966,0,0,2,3,1,125,1,0,0,1,0,1.76
1,24,177,12002,1,1,2,3,2,217,0,1,21,1,3,3.83
0,21,174,13187,1,1,3,3,2,141,0,1,55,1,4,4.36
0,23,160,8400,1,1,2,3,2,200,0,2,0,1,2,3.28
0,21,169,7500,1,1,3,3,2,200,0,1,0,1,5,2.63
0,21,174,13387,1,1,3,3,2,248,0,1,43,1,4,4.42
1,23,184,12124,1,1,2,2,2,204,0,0,45,1,3,3.58
0,21,171,7597,1,1,3,3,2,271,0,0,5,1,5,2.6
0,18,160,6000,1,1,2,3,2,200,0,1,60,2,1,2.34
0,18,160,8200,1,1,2,3,2,100,0,1,60,1,2,3.2
1,22,169,7548,1,1,2,3,2,200,0,0,9,1,5,2.64
0,25,164,10475,1,1,3,3,2,284,0,0,7,1,4,3.89
0,25,162,10474,1,1,3,3,2,256,0,0,19,1,4,3.99
1,24,182,12098,1,1,2,3,2,215,0,1,0,1,3,3.65
1,25,177,11409,1,1,2,3,2,207,0,1,51,1,3,3.64
0,21,169,13127,1,1,3,3,2,191,0,1,44,1,4,4.6
1,21,172,9479,1,1,2,1,2,270,0,2,0,0,2,3.2
1,21,181,8000,1,1,2,3,2,300,0,1,60,1,1,2.44
1,21,170,7500,1,1,2,1,2,272,0,1,69,1,5,2.6
1,25,177,11413,1,1,2,3,2,215,0,1,44,1,3,3.64
1,18,180,5500,1,1,3,3,1,200,0,2,60,2,1,1.7
0,19,160,5300,1,1,2,3,2,100,0,1,0,2,1,2.07
1,32,169,10281,1,1,2,2,2,100,0,1,0,2,3,3.6
0,25,173,10498,1,1,3,3,2,103,0,0,46,1,4,3.51
0,19,165,9000,1,1,3,3,2,300,0,2,60,2,2,3.31
1,17,185,8500,1,1,2,3,2,300,1,2,60,1,5,2.48
0,21,174,13395,1,1,3,3,2,284,0,1,55,1,4,4.42
0,21,174,13348,1,1,3,3,2,283,0,1,37,1,4,4.41
1,18,170,5143,1,1,2,3,2,144,0,0,100,2,0,1.78
1,22,170,8000,1,1,1,3,2,200,0,0,120,2,6,2.77
0,18,170,5000,0,0,3,3,2,100,0,2,60,1,0,1.73
0,20,173,13779,1,1,3,3,2,238,0,1,55,1,4,4.6
0,21,174,7855,1,1,2,1,2,200,0,0,0,1,6,2.59
1,36,179,9000,1,1,2,2,2,277,0,0,19,1,2,2.81
1,18,176,6800,0,1,2,4,1,200,1,2,60,1,1,2.2
1,25,180,7200,1,0,2,3,0,200,0,0,0,1,1,2.22
1,24,184,12098,1,1,2,3,2,211,0,1,55,1,3,3.57
1,23,175,11779,1,1,2,2,2,208,0,1,0,1,3,3.85
0,18,155,5600,0,1,3,3,2,100,0,1,0,2,1,2.33
1,18,185,5725,1,1,2,3,2,200,0,1,94,2,0,1.67
0,19,152,4200,0,1,3,1,1,167,0,0,0,1,0,1.82
0,26,162,10542,1,1,3,3,2,247,0,0,32,1,4,4.02
1,33,170,8400,0,0,3,3,1,300,0,2,60,0,6,2.91
0,19,165,4971,0,1,2,3,1,167,0,2,60,1,0,1.83
0,21,165,8000,0,1,2,4,1,200,0,2,60,0,6,2.94
1,21,165,8000,1,1,2,1,2,200,0,2,120,2,5,2.94
0,26,163,7391,1,1,3,3,2,113,1,0,0,1,5,2.78
1,28,176,11377,1,1,1,3,2,206,0,1,0,1,3,3.67
1,22,167,9400,1,1,2,3,2,300,0,3,0,2,2,3.37
1,38,170,10154,1,1,2,2,2,100,0,1,0,1,3,3.51
0,27,170,7505,1,1,2,3,2,127,0,0,0,1,5,2.6
1,28,170,9825,1,1,2,2,2,119,0,1,60,1,6,3.4
1,17,184,5929,1,1,2,4,2,200,0,2,60,1,0,1.75
0,18,159,5500,1,1,3,3,1,200,0,3,0,1,1,2.18
0,18,173,5000,0,1,2,3,2,109,0,1,77,1,0,1.67
1,31,167,9000,1,1,2,1,2,133,0,1,0,1,2,3.23
0,21,180,14993,1,1,3,3,2,241,0,1,45,1,4,4.63
1,23,174,6400,1,0,2,3,1,200,0,0,0,2,1,2.11
0,22,155,4200,0,1,2,1,1,100,1,0,0,1,0,1.75
0,21,175,13385,1,1,3,3,2,295,0,1,40,1,4,4.37
1,21,175,7600,1,1,2,3,1,200,0,1,60,1,1,2.48
1,28,169,5300,1,0,2,3,1,200,0,3,60,1,1,1.86
0,23,165,6000,0,1,2,4,2,200,0,2,0,2,1,2.2
0,21,172,13396,1,1,3,3,2,282,0,1,54,1,4,4.53
0,25,163,10477,1,1,3,3,2,253,0,0,47,1,4,3.94
0,31,158,7274,1,1,3,1,2,100,1,0,80,1,5,2.91
0,26,166,7842,1,1,2,3,2,109,1,0,57,1,5,2.85
1,17,185,5779,1,1,2,3,2,200,0,2,60,2,0,1.69
1,26,182,11234,1,1,1,3,2,214,0,1,0,2,3,3.39
0,21,163,6800,1,1,2,4,2,100,0,1,0,2,1,2.56
0,26,162,11093,1,1,3,3,2,268,0,0,9,1,4,4.23
0,26,162,11081,1,1,3,3,2,270,0,0,43,1,4,4.22
1,23,186,12131,1,1,2,3,2,210,0,0,0,1,3,3.51
0,21,154,4200,0,1,2,1,1,100,0,1,0,1,0,1.77
0,18,160,5000,0,1,2,3,2,200,0,1,0,1,1,1.95
1,18,178,10801,1,1,2,1,2,214,0,1,92,2,2,3.41
1,25,187,12123,1,1,2,3,2,273,0,1,9,1,3,3.47
0,21,173,13348,1,1,3,3,2,142,0,1,45,1,4,4.46
1,24,160,10062,1,1,2,2,2,100,0,0,60,2,3,3.93
0,18,167,6000,1,1,3,1,2,200,0,2,0,1,1,2.15
1,19,189,6000,1,0,3,4,2,100,0,2,60,1,0,1.68
1,24,171,12092,1,1,2,3,2,201,0,1,12,1,3,4.14
1,30,175,11239,1,1,1,3,2,210,0,0,60,1,3,3.67
1,25,176,11413,1,1,1,3,2,207,0,1,41,1,3,3.68
0,26,162,11192,1,1,3,3,2,262,0,0,27,1,4,4.26
1,18,179,10804,1,1,2,1,2,200,0,1,47,1,2,3.37
0,16,164,4960,1,1,2,3,2,200,0,0,60,2,0,1.84
1,26,175,11911,1,1,2,3,2,200,0,0,0,1,3,3.89
0,18,170,8000,0,1,2,3,2,200,0,2,60,1,6,2.77
1,20,182,6000,1,0,3,3,2,300,0,1,0,2,0,1.81
1,17,185,5727,1,1,2,3,2,277,0,2,25,2,0,1.67
0,25,162,10483,1,1,3,3,2,255,0,0,34,1,4,3.99
1,18,179,10810,1,1,2,2,2,229,0,1,24,2,2,3.37
1,18,178,10815,1,1,2,2,2,216,0,1,84,2,2,3.41
0,19,156,4200,0,1,3,3,1,127,0,0,0,1,0,1.73
1,30,177,11833,1,1,2,3,2,286,0,0,80,1,3,3.78
0,26,165,11191,1,1,3,3,2,271,0,0,12,1,4,4.11
1,32,169,9857,1,1,2,2,2,100,0,1,0,2,3,3.45
0,26,164,11186,1,1,3,3,2,270,0,0,7,1,4,4.16
1,22,184,12120,1,1,2,2,2,149,0,0,0,1,3,3.58
0,40,158,7946,1,1,2,3,2,200,0,2,0,2,2,3.18
0,16,166,6000,1,1,2,3,0,200,0,2,0,1,1,2.18
0,38,169,7562,1,1,3,3,2,180,0,0,0,1,5,2.65
0,25,162,10457,1,1,3,3,2,143,0,0,42,1,4,3.98
0,24,169,11414,1,1,3,3,2,241,0,0,23,1,4,4.0
1,30,165,10258,1,1,2,3,2,100,0,0,0,1,3,3.77
0,29,156,4500,1,0,2,3,2,300,0,3,0,2,1,1.85
1,34,185,8500,1,1,2,3,2,300,0,1,0,2,6,2.48
1,33,173,8385,1,1,2,2,2,215,0,0,50,2,6,2.8
1,18,170,8500,1,1,3,3,2,200,0,1,60,2,6,2.94
0,25,162,8200,1,1,2,1,2,162,0,0,19,1,2,3.12
0,17,170,5016,0,1,2,4,2,200,0,0,97,1,0,1.74
0,21,172,13152,1,1,3,3,2,114,0,0,54,1,4,4.45
1,20,181,10500,1,1,2,3,2,231,0,1,96,1,2,3.21
1,17,170,9800,1,1,2,2,2,200,0,0,60,1,2,3.39
0,18,175,5416,1,1,2,3,1,200,0,2,60,2,0,1.77
0,18,157,4139,0,1,2,1,2,100,0,0,60,1,0,1.68
0,26,161,10544,1,1,3,3,2,103,0,0,22,1,4,4.07
0,25,164,10568,1,1,3,3,2,293,0,0,56,1,4,3.93
1,25,175,12100,1,1,3,3,2,100,0,1,0,1,3,3.95
0,19,153,4200,0,1,3,1,1,200,0,1,0,1,0,1.79
0,18,162,5500,0,1,2,1,1,200,0,1,0,1,1,2.1
0,18,158,4020,0,1,2,1,2,100,0,0,92,1,0,1.61
1,24,171,8193,1,1,1,2,2,100,0,0,116,1,6,2.8
0,33,156,7495,1,1,2,2,2,107,0,1,0,1,5,3.08
0,19,156,5100,0,0,2,3,2,200,0,0,60,1,1,2.1
1,23,165,9000,1,1,2,3,2,300,0,0,120,1,2,3.31
1,19,182,6141,1,1,2,3,2,245,0,2,52,1,0,1.85
0,25,160,10503,1,1,3,3,2,256,0,0,32,1,4,4.1
0,18,157,5569,1,1,2,3,2,200,0,0,80,1,5,2.26
1,18,172,9500,1,1,2,3,2,300,0,2,0,2,2,3.21
1,22,185,12186,1,1,3,2,2,163,0,1,0,1,3,3.56
1,21,172,7000,1,1,2,3,1,200,0,1,0,2,1,2.37
1,25,175,11512,1,1,2,3,2,214,0,1,0,1,3,3.76
0,26,163,11007,1,1,3,3,2,277,0,0,43,1,4,4.14
0,22,165,6700,1,1,2,3,2,200,1,2,60,1,5,2.46
1,18,179,10889,1,1,2,2,2,218,0,1,11,2,2,3.4
0,34,168,7764,1,1,2,1,2,271,0,0,0,2,6,2.75
1,17,181,5832,1,1,2,4,2,231,0,2,22,2,0,1.78
1,21,165,8000,1,1,2,3,2,200,0,1,60,1,6,2.94
1,20,162,7000,0,1,2,1,2,300,0,1,0,1,5,2.67
0,18,169,9074,1,1,2,3,2,200,0,1,57,2,2,3.18
0,26,162,10494,1,1,3,3,2,257,0,0,22,1,4,4.0
1,18,180,10800,1,1,2,1,2,300,0,2,60,2,2,3.33
1,21,187,8980,1,1,2,1,2,200,0,0,5,1,6,2.57
1,20,170,7000,0,1,2,3,2,200,0,1,60,1,1,2.42
0,24,150,6500,1,0,2,3,2,100,0,0,0,2,6,2.89
0,25,166,10476,1,1,3,3,2,143,0,0,38,1,4,3.8
1,18,170,5300,1,1,2,4,1,100,0,2,60,2,0,1.83
0,19,174,12750,1,1,3,3,2,286,0,0,40,1,4,4.21
1,30,175,11201,1,1,2,3,2,237,0,0,77,1,3,3.66
1,22,175,7500,1,1,2,3,2,200,0,1,120,1,1,2.45
0,25,162,10991,1,1,3,3,2,265,0,0,4,1,4,4.19
0,26,163,11191,1,1,3,3,2,261,0,0,9,1,4,4.21
1,26,181,11208,1,1,1,3,2,200,0,0,8,1,3,3.42
1,26,185,11995,1,1,2,3,2,217,0,0,8,1,3,3.5
1,24,170,6000,1,1,2,3,2,200,0,0,60,1,1,2.08
0,22,162,8200,1,1,1,1,2,200,0,0,78,2,2,3.12
1,17,173,9758,1,1,2,2,2,200,0,1,0,2,2,3.26
0,21,160,6300,1,0,2,3,2,300,0,2,0,2,5,2.46
1,19,170,7000,0,1,3,3,2,100,0,0,0,2,1,2.42
0,21,161,6881,0,1,1,1,3,200,0,0,0,1,5,2.65
0,26,162,11194,1,1,3,3,2,273,0,0,10,1,4,4.27
1,19,190,8000,1,1,2,1,0,200,0,2,0,1,1,2.22
0,23,166,8200,1,1,1,1,2,277,0,0,16,2,2,2.98
0,19,156,5000,1,0,1,3,2,200,0,1,60,1,1,2.05
0,19,161,6400,0,1,2,3,2,200,0,2,0,1,5,2.47
1,32,170,9869,1,1,2,2,2,100,0,0,0,2,3,3.41
0,21,160,10480,1,1,3,3,2,134,0,0,0,1,4,4.09
0,20,157,5500,1,1,2,1,2,200,0,3,60,2,1,2.23
0,21,160,4649,0,0,3,3,1,149,0,0,50,2,0,1.82
0,22,165,8200,1,1,2,3,2,300,0,2,60,1,2,3.01
0,19,163,8241,1,1,3,3,2,162,0,0,0,1,2,3.1
1,23,175,7800,1,1,2,3,2,200,0,0,60,2,5,2.55
0,25,164,10481,1,1,3,3,2,162,0,0,26,1,4,3.9
0,26,164,11172,1,1,3,3,2,261,0,0,8,1,4,4.15
1,23,177,9556,1,1,2,3,2,226,0,3,120,0,2,3.05
0,32,162,7495,1,1,3,1,2,129,0,0,0,1,5,2.86
1,25,175,11534,1,1,1,3,2,204,0,0,40,1,3,3.77
1,30,167,10148,1,1,2,3,2,100,0,1,0,2,3,3.64
0,25,161,10496,1,1,3,3,2,166,0,0,25,1,4,4.05
0,22,173,8734,1,1,2,1,2,104,0,0,78,2,2,2.92
1,22,176,9673,1,1,1,3,2,200,0,2,109,2,2,3.12
0,26,163,11195,1,1,3,3,2,271,0,0,16,1,4,4.21
0,25,166,10487,1,1,3,3,2,261,0,0,56,1,4,3.81
1,22,179,7100,0,1,3,3,2,200,0,1,0,2,1,2.22
1,27,182,12039,1,1,2,3,2,253,0,1,55,1,3,3.63
0,18,159,4034,0,1,2,3,2,100,0,0,81,1,0,1.6
1,30,183,11837,1,1,2,3,2,217,0,0,81,1,3,3.53
0,21,173,13290,1,1,3,3,2,191,0,1,55,1,4,4.44
0,25,162,10255,1,1,3,3,2,106,0,0,32,1,4,3.91
0,18,160,5800,0,1,2,3,0,200,0,2,0,2,1,2.27
1,25,178,10303,1,1,2,1,2,100,0,1,60,2,3,3.25
0,25,173,10475,1,1,3,3,2,244,0,0,26,1,4,3.5
0,32,164,7481,1,1,3,3,2,100,0,0,0,1,5,2.78
0,25,162,10458,1,1,3,3,2,265,0,0,32,1,4,3.98
0,21,162,7000,0,1,2,1,3,300,0,1,0,1,5,2.67
1,25,177,11451,1,1,1,3,2,204,0,1,24,1,3,3.66
1,23,176,5100,0,1,1,3,1,200,0,2,120,1,0,1.65
1,29,177,11239,1,1,1,3,2,203,0,0,104,1,3,3.59
0,25,166,10482,1,1,3,3,2,129,0,0,32,1,4,3.8
0,21,171,5114,1,1,2,3,1,109,0,0,100,2,0,1.75
1,33,170,8301,1,1,2,2,2,100,0,0,0,2,6,2.87
1,25,177,11477,1,1,2,3,2,208,0,1,4,1,3,3.66
0,19,162,4500,0,1,3,3,2,300,1,1,0,1,0,1.71
1,23,175,11763,1,1,1,3,2,200,0,1,4,1,3,3.84
1,22,178,8999,1,1,1,1,2,219,0,0,100,1,2,2.84
1,20,172,7000,0,1,1,4,1,200,0,2,60,0,1,2.37
1,25,175,11765,1,1,2,3,2,200,0,1,60,1,3,3.84
1,31,167,8999,1,1,1,3,2,211,0,0,0,1,2,3.23
0,26,163,11194,1,1,3,3,2,261,0,0,9,1,4,4.21
0,25,162,10531,1,1,3,3,2,123,0,0,49,1,4,4.01
1,18,175,8656,1,1,2,2,2,252,0,0,0,1,5,2.83
0,26,164,11160,1,1,3,3,2,250,0,0,43,1,4,4.15
0,26,162,10495,1,1,3,3,2,265,0,0,33,1,4,4.0
0,19,174,13387,1,1,3,3,2,283,0,1,50,1,4,4.42
0,16,161,6500,1,1,2,1,2,200,0,1,0,1,5,2.51
1,33,185,8500,1,1,2,3,2,200,0,3,0,1,1,2.48
0,41,154,8000,1,1,2,1,0,100,0,1,0,1,2,3.37
1,25,178,11508,1,1,1,3,2,200,0,1,7,1,3,3.63
1,17,176,8556,1,1,2,3,2,288,0,2,33,1,6,2.76
0,25,164,10481,1,1,3,3,2,106,0,0,54,1,4,3.9
0,23,165,8000,1,1,2,3,2,200,0,2,0,2,2,2.94
0,28,173,8431,1,1,2,3,2,173,0,2,0,0,6,2.82
1,23,170,8531,1,1,2,2,2,215,0,1,8,1,6,2.95
0,19,165,7357,1,0,2,3,2,100,1,0,7,1,5,2.7
0,35,170,8300,1,1,3,3,1,200,0,2,0,0,6,2.87
0,22,173,5042,1,1,3,3,1,100,0,0,25,2,0,1.68
1,25,191,11425,1,1,1,3,2,201,0,1,75,1,3,3.13
0,18,165,8000,1,1,2,1,2,200,0,0,67,1,5,2.94
0,24,158,4900,0,1,2,1,2,200,0,1,0,2,1,1.96
0,26,163,11194,1,1,3,3,2,273,0,0,14,1,4,4.21
1,33,175,10800,1,0,2,3,2,200,0,1,60,2,3,3.53
1,21,178,8032,1,1,2,3,2,200,0,2,111,2,6,2.54
0,26,163,11199,1,1,3,3,2,289,0,0,14,1,4,4.22
1,30,183,12061,1,1,2,3,2,216,0,0,69,1,3,3.6
0,25,161,10287,1,1,3,3,2,102,0,0,60,1,4,3.97
0,21,173,7514,1,1,2,3,2,200,0,1,60,1,5,2.51
1,32,165,10200,1,1,2,1,2,100,0,1,0,2,3,3.75
0,37,161,8000,1,1,2,2,2,163,0,1,0,1,2,3.09
1,29,169,10378,1,1,2,3,2,196,0,0,0,1,3,3.63
1,20,172,10178,1,1,2,1,2,149,0,1,0,2,3,3.44
0,23,166,9500,1,1,2,3,0,300,0,3,120,1,2,3.45
0,25,173,11447,1,1,3,3,2,260,0,0,28,1,4,3.82
1,25,173,11345,1,1,2,3,2,204,0,0,17,1,3,3.79
0,25,173,10493,1,1,3,3,2,261,0,0,49,1,4,3.51
1,25,176,11414,1,1,3,3,2,237,0,1,0,1,3,3.68
0,18,178,13778,1,1,3,3,2,284,0,1,26,1,4,4.35
1,30,170,8220,1,1,2,2,2,161,0,0,0,2,6,2.84
0,32,154,7271,1,1,2,3,2,200,0,1,0,1,6,3.07
1,21,175,8853,0,1,2,3,2,300,0,1,42,1,5,2.89
0,23,164,4466,0,0,3,2,1,216,1,0,0,2,0,1.66
1,17,172,5800,0,1,3,3,0,100,0,2,0,1,1,1.96
0,25,162,10481,1,1,3,3,2,265,0,0,37,1,4,3.99
1,23,175,9532,1,1,2,3,2,300,0,0,120,2,2,3.11
0,19,154,4200,0,1,2,1,1,133,0,0,4,2,0,1.77
1,19,178,10900,1,1,2,3,2,200,0,1,120,2,2,3.44
1,20,170,7500,1,0,2,3,2,252,0,2,60,2,6,2.6
0,45,157,7713,1,1,2,1,2,127,0,1,0,2,6,3.13
1,17,175,5600,0,1,3,3,2,200,0,3,60,1,0,1.83
1,18,170,8500,0,0,2,3,2,200,0,1,60,1,6,2.94
0,19,174,13366,1,1,3,3,2,270,0,1,51,1,4,4.41
1,23,178,11666,1,1,1,3,2,200,0,1,43,1,3,3.68
1,22,170,7000,1,1,2,3,2,200,0,2,60,1,1,2.42
1,18,174,7000,0,1,2,3,2,100,0,1,60,1,1,2.31
1,27,185,12183,1,1,2,2,2,254,0,0,0,1,3,3.56
1,18,178,7800,1,1,2,3,2,200,0,1,60,0,5,2.46
1,18,174,6800,1,1,3,3,2,200,0,3,120,1,1,2.25
0,21,174,13393,1,1,3,3,2,286,0,1,55,1,4,4.42
1,24,174,8000,1,1,1,3,2,200,0,2,0,1,5,2.64
1,20,185,6500,1,1,2,3,1,200,0,1,60,1,1,1.9
0,40,158,8053,1,1,2,3,2,217,0,1,0,2,2,3.23
1,55,170,8000,1,0,2,3,0,200,0,0,120,2,6,2.77
1,19,181,8790,1,1,2,3,2,271,0,2,8,2,5,2.68
1,17,169,5960,1,1,2,3,2,285,0,2,113,1,0,2.09
1,21,177,7600,1,1,2,3,2,300,1,1,60,2,1,2.43
1,18,172,8513,1,1,2,3,2,100,0,0,53,1,6,2.88
1,25,178,11323,1,1,1,3,2,215,0,1,0,1,3,3.57
0,26,163,11155,1,1,3,3,2,256,0,0,3,1,4,4.2
0,26,164,11186,1,1,3,3,2,262,0,0,15,1,4,4.16
0,25,163,10481,1,1,3,3,2,162,0,0,53,1,4,3.94
0,42,156,8419,1,1,2,3,2,195,0,0,0,2,2,3.46
0,39,156,7720,1,1,2,3,2,209,0,0,0,1,2,3.17
0,26,162,11100,1,1,3,3,2,270,0,0,14,1,4,4.23
0,16,174,5000,0,1,2,3,2,100,1,0,60,1,0,1.65
0,18,164,5800,1,1,2,3,2,100,0,1,60,1,1,2.16
1,23,180,8500,1,0,2,3,0,200,0,2,60,0,5,2.62
0,17,160,5500,0,1,2,1,2,100,1,1,60,2,5,2.15
0,26,163,5500,0,1,3,3,2,200,0,3,0,2,1,2.07
0,18,165,5800,1,1,2,3,2,200,0,1,60,2,1,2.13
0,17,160,5600,1,1,2,3,2,200,0,1,60,2,1,2.19
0,18,159,8000,1,1,2,1,2,100,0,0,65,2,2,3.16
0,26,168,11191,1,1,3,3,2,270,0,0,14,1,4,3.97
0,25,161,10200,1,1,3,3,2,103,0,0,39,1,4,3.94
0,18,163,8200,1,1,2,2,2,196,0,0,16,2,2,3.09
0,21,160,4500,0,1,3,3,1,200,0,1,0,2,0,1.76
0,26,162,11080,1,1,3,3,2,255,0,0,24,1,4,4.22
1,18,176,5700,0,1,2,4,2,100,0,2,0,1,0,1.84
0,39,151,7984,1,1,2,3,2,213,0,0,0,1,2,3.5
0,19,181,8674,1,1,2,3,2,242,0,0,120,2,2,2.65
1,30,168,10255,1,1,2,1,2,122,0,1,0,2,3,3.63
0,22,172,8241,1,1,2,3,2,213,0,1,10,1,2,2.79
1,30,176,11838,1,1,2,2,2,198,0,0,0,1,3,3.82
0,21,156,5000,1,1,2,3,2,200,0,1,0,1,1,2.05
1,25,176,11508,1,1,1,3,2,211,0,1,1,1,3,3.72
0,38,155,4500,1,1,3,3,2,100,0,1,0,1,1,1.87
1,25,176,11418,1,1,1,3,2,214,0,1,4,1,3,3.69
1,30,178,12000,1,1,2,3,2,292,0,0,80,1,3,3.79
0,23,170,5000,1,1,2,3,1,200,0,0,120,1,0,1.73
1,23,170,8300,1,1,2,3,2,300,0,0,60,2,6,2.87
0,19,172,5000,1,1,2,3,1,109,0,0,120,1,0,1.69
0,26,164,11194,1,1,3,3,2,277,0,0,9,1,4,4.16
0,16,183,4353,0,1,2,3,2,238,0,2,81,1,0,1.3
1,27,184,12064,1,1,2,3,2,254,0,0,40,1,3,3.56
1,21,169,6500,1,1,2,3,1,300,0,1,0,1,1,2.28
1,32,170,10209,1,1,2,2,2,100,0,1,0,2,3,3.53
0,19,158,4400,0,1,3,3,1,100,0,0,60,1,0,1.76
0,26,162,11182,1,1,3,3,2,247,0,0,9,1,4,4.26
0,43,155,7739,1,1,2,3,2,299,0,0,0,1,2,3.22
1,40,176,11784,1,1,2,2,2,196,0,1,0,1,3,3.8
0,21,174,13367,1,1,3,3,2,281,0,1,50,1,4,4.42
0,18,171,5000,0,1,1,3,2,117,0,0,52,1,0,1.71
1,26,177,11816,1,1,1,3,2,281,0,0,0,1,3,3.77
0,26,163,11187,1,1,3,3,2,262,0,0,9,1,4,4.21
1,22,165,6000,0,1,2,4,1,200,0,1,0,1,1,2.2
0,23,165,8300,1,1,2,1,2,300,0,1,0,2,2,3.05
1,33,184,9350,1,1,2,1,2,200,0,1,0,1,6,2.76
1,31,191,12967,1,1,2,3,2,197,0,1,0,1,3,3.55
1,23,167,9057,1,1,2,1,2,199,0,0,12,2,2,3.25
0,21,173,13373,1,1,3,3,2,231,0,1,42,1,4,4.47
0,20,174,13368,1,1,3,3,2,283,0,1,33,1,4,4.42
1,17,189,5925,0,1,2,4,2,200,0,2,60,2,0,1.66
0,26,162,11080,1,1,3,3,2,260,0,0,30,1,4,4.22
1,21,173,7505,1,1,1,3,2,184,0,0,0,1,5,2.51
0,28,165,6000,1,1,3,3,2,100,1,0,0,1,1,2.2
0,21,171,13294,1,1,3,3,2,161,0,1,54,1,4,4.55
0,22,161,5350,1,0,3,3,2,200,0,2,60,1,1,2.06
1,21,162,7000,1,1,2,1,3,100,0,0,0,1,5,2.67
1,24,178,12097,1,1,2,3,2,201,0,1,59,1,3,3.82
0,22,162,6800,0,1,2,1,2,200,0,1,0,1,5,2.59
0,33,165,8400,1,0,3,3,2,200,0,0,120,1,2,3.09
1,25,175,11228,1,1,1,3,2,200,0,0,0,1,3,3.67
0,23,164,8200,1,1,3,3,2,100,0,0,0,2,2,3.05
1,18,170,7500,1,1,2,3,2,100,0,0,82,1,5,2.6
0,18,174,10494,1,1,2,3,2,100,0,0,0,2,2,3.47
1,21,178,10549,1,1,2,3,2,300,0,2,0,1,2,3.33
0,23,170,5000,0,1,2,4,1,200,0,2,0,1,0,1.73
0,25,160,10259,1,1,3,3,2,102,0,0,60,1,4,4.01
0,27,170,7800,1,1,3,3,1,300,1,0,0,1,6,2.7
0,18,158,4454,1,1,2,3,2,279,0,1,115,1,0,1.78
0,26,164,11195,1,1,3,3,2,289,0,0,9,1,4,4.16
0,18,173,13364,1,1,3,3,2,284,0,1,41,1,4,4.47
1,23,177,9781,1,1,2,3,2,200,0,0,120,2,2,3.12
0,19,170,7966,0,1,2,3,2,216,0,2,0,1,5,2.76
1,21,165,8800,1,1,2,1,2,300,0,1,120,2,2,3.23
1,20,170,6500,1,0,2,3,2,200,0,1,60,2,6,2.25
0,23,163,9000,1,1,2,3,2,200,1,3,0,1,2,3.39
0,17,166,5800,1,1,2,3,2,100,0,1,0,2,0,2.1
0,19,170,6000,1,0,3,3,2,200,0,2,60,1,1,2.08
0,25,162,10721,1,1,3,3,2,284,0,0,34,1,4,4.09
1,27,180,12087,1,1,2,3,2,214,0,0,0,1,3,3.73
1,27,182,12043,1,1,2,3,2,271,0,1,36,1,3,3.64
1,21,170,7500,1,1,2,3,2,195,0,0,7,1,5,2.6
1,30,175,11240,1,1,1,3,2,206,0,0,103,2,3,3.67
1,28,176,7984,0,1,2,1,2,145,1,0,60,2,5,2.58
0,22,175,5208,1,1,3,3,1,200,0,1,57,2,0,1.7
0,25,160,10494,1,1,3,3,2,165,0,0,39,1,4,4.1
0,25,162,11350,1,1,3,3,2,269,0,0,8,1,4,4.32
0,19,163,7800,1,0,3,3,2,300,0,3,60,2,6,2.94
1,22,170,7000,0,1,2,1,2,200,0,3,60,1,5,2.42
0,22,165,8000,1,1,2,3,2,214,0,1,95,2,2,2.94
0,21,165,6000,0,1,2,1,2,200,0,0,60,1,1,2.2
1,34,178,8038,1,1,2,2,2,220,0,2,93,2,6,2.54
1,32,176,9920,1,1,2,3,2,100,0,0,80,2,3,3.2
1,22,162,9400,1,0,2,1,3,300,0,3,0,1,2,3.58
0,20,165,6941,1,1,2,1,2,177,0,0,60,1,5,2.55
0,20,172,7896,1,1,2,3,2,200,0,1,76,0,6,2.67
0,21,174,13394,1,1,3,3,2,283,0,1,37,1,4,4.42
0,25,161,10493,1,1,3,3,2,169,0,0,32,1,4,4.05
0,26,160,10489,1,1,3,3,2,265,0,0,32,1,4,4.1
1,25,176,11512,1,1,1,3,2,196,0,1,0,2,3,3.72
0,21,161,6400,1,1,3,3,2,200,0,1,0,2,1,2.47
1,26,181,12058,1,1,2,3,2,231,0,0,11,1,3,3.68
0,25,164,10495,1,1,3,3,2,165,0,0,42,1,4,3.9
1,23,175,8400,1,1,3,3,2,200,0,1,0,2,6,2.74
0,26,164,11182,1,1,3,3,2,267,0,0,34,1,4,4.16
0,19,175,5900,1,1,3,3,2,200,0,1,60,2,1,1.93
0,26,162,10483,1,1,3,3,2,265,0,0,16,1,4,3.99
1,20,170,7000,1,1,2,3,2,200,0,0,60,2,1,2.42
1,24,170,10062,1,1,2,1,2,100,0,1,0,2,3,3.48
1,18,175,7000,1,1,2,1,2,200,0,2,27,1,5,2.29
1,53,175,12128,1,1,2,2,2,200,0,0,19,1,3,3.96
1,24,183,11746,1,1,2,2,2,200,0,1,95,1,3,3.51
0,19,159,4900,0,1,2,1,1,200,0,2,60,1,0,1.94
0,25,163,10287,1,1,3,3,2,103,0,0,35,1,4,3.87
0,18,157,4034,0,1,2,2,2,100,0,0,0,1,0,1.64
1,21,183,9671,1,1,2,2,2,200,0,0,60,1,6,2.89
0,25,160,10255,1,1,3,3,2,103,0,0,32,1,4,4.01
1,20,161,5300,1,1,2,3,1,200,0,3,120,2,1,2.04
0,40,165,8000,1,1,3,3,2,100,0,0,0,2,6,2.94
0,39,156,8000,1,1,3,1,2,300,0,2,0,2,2,3.29
0,19,160,6500,0,1,2,3,2,100,0,3,60,1,5,2.54
1,20,177,6000,1,1,2,3,2,100,0,1,60,1,1,1.92
0,24,166,11377,1,1,3,3,2,196,0,0,32,1,4,4.13
1,23,170,7500,1,1,2,3,2,200,0,0,105,1,5,2.6
1,23,169,9000,1,1,2,3,2,300,0,0,90,2,2,3.15
0,21,166,5800,0,0,1,3,2,100,0,0,0,2,1,2.1
1,17,179,9844,1,1,2,2,2,200,0,2,7,2,2,3.07
0,23,168,6300,1,1,2,3,0,200,0,1,60,1,1,2.23
0,25,163,10483,1,1,3,3,2,238,0,0,33,1,4,3.95
0,25,160,7800,1,0,2,3,1,200,0,3,0,2,6,3.05
0,25,162,10483,1,1,3,3,2,265,0,0,44,1,4,3.99
0,23,159,5000,1,1,3,3,1,200,0,1,60,2,1,1.98
0,25,164,10483,1,1,3,3,2,232,0,0,55,1,4,3.9
1,21,162,7000,1,1,2,1,3,288,0,0,0,1,5,2.67
0,25,160,10203,1,1,3,3,2,103,0,0,0,1,4,3.99
0,21,170,8000,1,1,3,3,1,200,0,0,120,2,6,2.77
1,22,170,9500,1,1,2,3,2,300,1,3,60,2,2,3.29
0,17,156,4500,0,1,3,3,2,100,1,1,60,2,1,1.85
0,25,162,10998,1,1,3,3,2,151,0,0,27,1,4,4.19
0,22,171,5000,1,1,3,3,1,100,0,1,47,2,0,1.71
0,18,157,4139,0,1,2,1,2,100,0,0,98,1,0,1.68
0,28,170,7855,1,1,3,3,2,218,0,0,54,0,6,2.72
0,21,172,5100,1,1,3,3,1,100,0,2,0,1,0,1.72
1,21,174,10000,1,1,2,3,2,300,0,3,120,2,2,3.3
1,31,188,11811,1,1,2,3,2,265,0,0,120,1,2,3.34
0,21,174,13347,1,1,3,3,2,283,0,1,50,1,4,4.41
0,20,171,5000,0,1,1,3,2,178,0,2,22,1,0,1.71
0,21,150,6300,1,1,2,1,2,200,0,1,0,1,5,2.8
0,21,165,5300,0,1,3,4,0,200,0,3,120,1,1,1.95
1,30,178,12054,1,1,2,3,2,204,0,0,23,1,3,3.8
0,26,162,11181,1,1,3,3,2,270,0,0,8,1,4,4.26
1,17,172,5145,0,1,1,3,2,200,0,2,51,1,0,1.74
1,18,172,5200,1,1,1,3,2,200,0,0,60,1,1,1.76
0,19,174,7815,1,0,3,2,2,282,0,0,86,1,6,2.58
0,25,166,10484,1,1,3,3,2,145,0,0,38,1,4,3.8
1,18,173,7000,1,0,3,3,2,100,0,0,0,1,1,2.34
1,23,177,9500,1,1,3,3,2,300,0,3,120,2,2,3.03
1,17,172,9950,1,1,2,3,0,200,0,0,120,2,2,3.36
1,18,170,9000,0,1,2,3,0,200,0,0,60,1,2,3.11
0,22,175,5145,1,1,3,2,1,143,0,1,75,2,0,1.68
0,21,161,6839,1,1,1,3,2,200,0,0,56,1,5,2.64
0,21,172,13092,1,1,3,3,2,166,0,0,45,1,4,4.43
0,18,171,5028,1,1,2,3,2,109,0,0,120,1,0,1.72
0,18,161,6800,0,1,3,3,2,200,1,1,60,1,5,2.62
0,23,160,5300,1,1,3,3,2,200,0,3,0,2,1,2.07
0,18,173,5027,0,1,2,3,2,200,0,0,7,1,0,1.68
0,18,162,4900,0,1,3,1,1,100,0,1,60,1,0,1.87
1,18,167,5196,1,1,2,3,2,265,0,0,113,2,0,1.86
0,22,167,8000,1,0,2,2,2,100,0,0,88,2,6,2.87
1,24,173,8568,1,1,2,2,2,200,0,0,63,1,6,2.86
1,27,182,7200,1,1,2,3,2,200,0,3,0,1,1,2.17
1,23,171,9606,1,1,2,3,2,132,0,0,0,1,2,3.29
1,26,176,11820,1,1,2,2,2,189,0,0,65,1,3,3.82
0,26,162,11188,1,1,3,3,2,263,0,0,7,1,4,4.26
1,21,185,10604,1,1,2,3,2,227,0,2,0,1,2,3.1
0,30,155,7700,1,1,2,3,2,100,0,0,60,1,2,3.2
1,23,165,9479,1,1,2,3,2,149,0,0,60,2,2,3.48
1,30,168,7986,1,1,2,3,2,100,0,1,55,2,6,2.83
0,21,166,5800,0,1,3,3,2,100,0,1,0,1,1,2.1
0,19,167,7500,1,1,3,3,1,100,1,1,0,1,5,2.69
0,18,156,5150,0,1,2,1,1,100,0,1,0,1,1,2.12
0,21,170,13388,1,1,3,3,2,165,0,1,41,1,4,4.63
0,19,166,4983,0,1,2,3,2,200,0,2,60,1,0,1.81
1,28,175,11201,1,1,1,3,2,200,0,0,56,2,3,3.66
1,33,166,9943,1,1,2,1,2,101,0,0,60,2,6,3.61
0,19,154,4200,0,1,3,3,2,278,0,1,55,1,0,1.77
0,19,152,4200,0,0,3,3,2,162,0,0,0,2,0,1.82
0,26,164,11172,1,1,3,3,2,273,0,0,33,1,4,4.15
0,26,163,11193,1,1,3,3,2,262,0,0,9,1,4,4.21
1,29,175,8707,0,1,2,2,2,127,0,1,0,2,2,2.84
1,18,171,5092,0,1,2,3,2,154,0,0,76,1,0,1.74
1,37,175,11800,1,1,2,3,2,200,0,2,0,2,3,3.85
1,18,179,6000,1,0,2,3,2,200,0,0,60,1,1,1.87
1,21,173,10645,1,1,2,3,2,211,0,0,86,1,2,3.56
0,18,170,5000,0,1,1,3,1,100,0,1,60,1,0,1.73
1,30,179,11937,1,1,2,3,2,274,0,1,1,1,3,3.73
0,40,150,7900,1,1,2,3,2,200,0,0,0,1,2,3.51
1,23,184,12120,1,1,2,2,2,254,0,0,0,1,3,3.58
0,22,163,8200,1,1,1,1,2,199,0,0,82,1,2,3.09
0,16,166,6600,0,1,2,1,2,200,0,0,60,2,1,2.4
0,19,163,12764,1,1,3,3,2,143,0,1,41,1,4,4.8
1,23,170,8000,1,1,2,3,2,200,0,0,120,1,6,2.77
1,26,186,12183,1,1,3,3,2,281,0,1,0,1,3,3.52
1,19,170,8000,0,1,2,3,2,200,0,1,60,1,6,2.77
0,18,174,13367,1,1,3,3,2,286,0,1,54,1,4,4.42
0,21,174,13361,1,1,3,3,2,289,0,1,16,1,4,4.41
1,29,179,10801,1,1,2,1,2,213,0,1,92,2,2,3.37
1,18,171,5092,1,1,2,3,2,131,0,0,95,2,0,1.74
0,19,150,6481,0,1,1,3,2,200,1,0,8,1,5,2.88
0,18,159,5300,1,1,2,3,2,100,0,0,60,1,1,2.1
1,21,182,11856,1,1,2,3,2,200,0,0,23,1,3,3.58
0,25,165,10498,1,1,3,3,2,161,0,0,13,1,4,3.86
0,26,162,11160,1,1,3,3,2,260,0,0,7,1,4,4.25
1,22,184,12145,1,1,2,2,2,197,0,1,0,1,3,3.59
1,31,182,9179,1,1,2,3,2,213,0,0,43,1,6,2.77
1,17,183,5727,1,1,2,3,2,200,0,2,60,2,0,1.71
1,30,186,12089,1,1,2,3,2,216,0,0,28,1,3,3.49
0,19,160,8500,1,1,2,3,2,138,0,1,57,1,2,3.32
1,18,186,10800,1,1,2,1,2,200,0,1,60,2,2,3.12
1,19,174,9700,1,1,2,3,2,200,0,0,120,2,2,3.2
1,26,184,11843,1,1,2,3,2,200,0,0,7,1,3,3.5
1,17,181,5727,1,0,3,3,2,200,0,2,76,2,0,1.75
0,25,161,11079,1,1,3,3,2,170,0,0,32,1,4,4.27
0,21,164,6600,1,1,2,1,2,200,1,1,0,1,5,2.45
1,26,184,12183,1,1,2,3,2,286,0,1,0,1,3,3.6
1,21,170,6000,1,1,3,3,1,200,0,2,0,1,1,2.08
0,26,164,4900,0,1,3,3,2,100,0,0,60,2,1,1.82
0,38,153,7800,1,1,2,3,2,100,0,0,0,0,2,3.33
0,18,166,5800,1,1,3,3,2,200,0,1,0,1,1,2.1
1,22,171,8204,1,1,1,1,2,200,0,0,120,1,6,2.81
1,22,183,5885,1,1,3,3,2,200,0,0,60,2,0,1.76
0,19,160,13257,1,1,3,3,2,195,0,1,77,1,4,5.18
1,30,160,10200,1,1,2,3,2,100,0,1,0,2,3,3.98
1,20,183,4900,1,1,2,3,2,200,0,3,60,2,1,1.46
0,18,162,5300,1,0,3,3,2,200,0,1,0,1,1,2.02
0,26,164,11160,1,1,3,3,2,282,0,0,16,1,4,4.15
1,34,170,8000,1,1,3,1,2,300,0,1,0,2,6,2.77
1,24,166,10054,1,1,1,1,2,100,0,1,65,2,3,3.65
0,19,152,4200,0,1,3,1,1,100,0,0,60,1,0,1.82
1,24,176,8608,1,1,1,3,2,200,0,0,0,2,6,2.78
0,19,173,13334,1,1,3,3,2,282,0,1,55,1,4,4.46
0,18,156,8042,1,1,2,3,2,238,0,2,56,2,2,3.3
1,31,177,11222,1,1,2,3,2,211,0,0,32,1,3,3.58
1,31,191,12507,1,1,2,3,2,161,0,0,13,1,3,3.43
0,26,164,11196,1,1,3,3,2,277,0,0,27,1,4,4.16
0,23,171,5000,1,1,3,3,1,200,1,0,60,1,0,1.71
0,21,152,4284,0,0,3,3,1,183,0,0,0,1,0,1.85
0,26,164,10669,1,1,3,3,2,232,0,0,41,1,4,3.97
0,26,161,11064,1,1,3,3,2,123,0,0,12,1,4,4.27
1,20,165,8000,1,1,2,3,2,200,0,2,60,2,6,2.94
1,18,163,9000,1,1,2,3,2,179,0,1,0,1,2,3.39
0,16,165,5800,1,1,3,1,0,100,0,0,0,1,1,2.13
1,17,181,8556,1,1,2,3,2,200,1,1,57,2,5,2.61
0,21,153,4200,1,1,3,3,1,249,0,0,0,1,0,1.79
1,23,160,4500,1,0,2,3,3,200,0,3,0,2,0,1.76
0,21,174,13384,1,1,3,3,2,286,0,1,49,1,4,4.42
1,21,176,10632,1,1,2,3,2,203,0,0,103,2,2,3.43
1,22,176,5570,1,1,2,3,1,213,0,0,100,2,0,1.8
0,18,164,5000,1,1,3,3,2,199,0,1,52,1,0,1.86
0,20,152,4200,0,0,3,1,1,100,0,2,0,2,0,1.82
1,22,165,8000,0,1,3,3,2,200,0,1,60,2,6,2.94
1,18,170,5016,1,1,1,3,2,200,0,0,92,1,0,1.74
0,20,155,6300,0,1,2,3,2,200,0,1,0,1,5,2.62
1,30,191,12916,1,1,2,2,2,138,0,1,4,1,3,3.54
0,22,170,5016,1,1,2,3,1,297,0,0,78,2,0,1.74
1,18,177,7600,0,1,3,3,1,100,1,1,0,2,1,2.43
0,26,164,11168,1,1,3,3,2,262,0,0,14,1,4,4.15
1,17,184,5929,1,1,2,3,2,200,0,2,0,2,0,1.75
1,27,175,8434,1,1,2,3,2,279,0,0,0,1,6,2.75
1,40,176,11000,1,1,2,1,2,100,0,1,0,1,3,3.55
0,38,150,7664,1,1,2,3,2,200,0,0,60,1,6,3.41
0,19,152,4200,0,1,3,1,2,100,0,0,60,1,0,1.82
1,31,175,12061,1,1,2,3,2,229,0,0,0,1,3,3.94
0,14,165,8400,1,1,2,3,2,300,1,1,120,2,2,3.09
1,18,183,6700,1,1,2,3,0,200,0,2,60,1,1,2.0
0,37,158,7726,1,1,2,1,2,209,0,0,0,2,2,3.09
1,18,176,5000,1,1,1,3,2,212,0,1,0,1,0,1.61
0,25,162,10596,1,1,3,3,2,163,0,0,31,1,4,4.04
0,26,165,11194,1,1,3,3,2,278,0,0,5,1,4,4.11
1,25,178,11225,1,1,1,3,2,200,0,1,0,1,3,3.54
1,18,175,5155,1,1,2,3,2,100,0,1,0,2,0,1.68
0,21,167,7500,1,1,3,3,3,100,0,1,0,1,5,2.69
1,20,179,10642,1,1,3,3,2,262,0,1,28,1,2,3.32
1,18,181,10889,1,1,1,3,2,108,0,1,60,1,2,3.32
1,22,175,7000,0,1,2,4,1,200,0,2,0,1,1,2.29
0,26,162,10687,1,1,3,3,2,268,0,0,15,1,4,4.07
1,23,179,9000,1,1,2,1,2,300,0,1,0,1,6,2.81
1,24,160,10062,1,1,2,1,2,100,0,1,0,2,3,3.93
1,30,177,11253,1,1,1,3,2,200,0,0,0,1,3,3.59
0,25,160,10494,1,1,3,3,2,100,0,0,41,1,4,4.1
1,33,170,8300,0,0,2,3,2,200,0,3,0,2,6,2.87
1,22,170,8041,1,1,2,2,2,200,0,2,93,2,6,2.78
0,18,156,5000,0,1,2,4,1,200,0,2,60,1,0,2.05
1,20,170,8000,1,1,2,3,2,200,0,0,30,2,6,2.77
0,19,167,4500,0,1,3,3,1,100,1,1,0,1,0,1.61
1,23,180,9500,1,0,3,3,2,300,0,2,60,0,6,2.93
1,22,183,12043,1,1,2,2,2,296,0,1,37,1,3,3.6
0,19,156,4200,0,0,2,1,1,100,1,0,0,1,0,1.73
0,23,170,8000,1,1,2,3,1,200,0,2,60,1,6,2.77
0,25,166,11416,1,1,3,3,2,295,0,1,33,1,4,4.14
1,19,162,6400,1,1,2,3,0,200,0,1,60,1,1,2.44
0,21,174,13214,1,1,3,3,2,165,0,1,56,1,4,4.36
1,21,160,7000,1,1,2,1,0,200,0,1,0,1,5,2.73
1,17,184,5867,1,1,2,3,2,200,0,2,21,2,0,1.73
0,19,152,4139,0,1,2,1,1,153,1,1,0,2,0,1.79
0,18,178,10800,1,1,3,3,2,200,0,1,60,1,4,3.41
1,38,181,8696,0,1,2,3,2,127,0,2,0,1,5,2.65
0,25,164,8807,1,1,3,3,2,264,0,0,40,1,2,3.27
0,24,174,12814,1,1,3,3,2,240,0,0,34,1,4,4.23
0,17,182,5993,1,1,2,4,2,200,0,2,0,2,0,1.81
1,22,171,8099,1,1,2,3,2,200,0,1,120,1,6,2.77
1,21,178,10544,1,1,2,3,2,172,0,0,60,1,2,3.33
1,19,178,7900,0,1,2,3,2,100,0,1,60,0,5,2.49
1,20,172,5300,0,1,2,3,2,200,0,2,120,0,0,1.79
1,35,170,9854,1,1,2,3,2,217,0,2,0,2,2,3.41
1,40,173,10988,1,1,2,2,2,195,0,0,0,2,3,3.67
0,24,176,11208,1,1,3,3,2,255,0,0,16,1,4,3.62
0,20,184,12233,1,1,3,3,2,132,0,1,0,1,4,3.61
1,19,180,6000,1,1,2,3,2,200,0,0,60,1,1,1.85
1,22,178,9829,1,1,2,2,2,256,0,2,0,1,2,3.1
0,18,168,8315,1,1,2,1,2,200,0,0,120,2,2,2.95
1,35,167,10959,1,1,2,2,2,203,0,1,0,1,3,3.93
1,21,170,7200,1,1,2,3,2,100,0,0,60,1,1,2.49
0,26,174,10995,1,1,3,3,2,282,0,0,55,1,4,3.63
0,21,168,6200,0,1,3,3,1,200,0,1,0,1,1,2.2
0,21,162,7000,0,1,2,3,3,200,1,1,0,1,5,2.67
1,23,172,8300,1,1,2,1,2,200,0,1,60,0,6,2.81
0,26,162,11080,1,1,3,3,2,265,0,0,16,1,4,4.22
1,17,170,8300,1,1,2,3,2,200,0,2,120,1,6,2.87
0,23,171,8341,1,1,2,2,2,282,0,1,0,2,2,2.85
1,34,171,8472,1,1,2,3,2,300,0,2,60,1,6,2.9
1,21,170,7000,0,1,2,3,2,200,0,1,0,1,1,2.42
0,43,156,7943,1,1,2,3,2,122,0,1,0,1,2,3.26
1,29,175,11209,1,1,2,3,2,204,0,0,37,1,3,3.66
1,22,187,12173,1,1,2,2,2,184,0,0,0,1,3,3.48
0,22,162,8200,1,1,2,1,2,300,0,1,0,2,2,3.12
0,18,156,8000,1,1,2,3,2,200,0,1,120,1,2,3.29
0,18,160,4500,0,1,3,4,1,200,0,2,0,1,0,1.76
1,35,180,9000,1,1,3,3,2,200,0,1,60,1,5,2.78
0,25,162,10503,1,1,3,3,2,260,0,0,27,1,2,4.0
1,26,166,8507,1,1,2,3,2,280,0,0,40,1,6,3.09
0,21,170,7500,1,1,3,3,2,100,0,1,0,1,5,2.6
0,20,170,7100,1,1,3,3,2,200,0,2,0,1,1,2.46
0,26,164,11160,1,1,3,3,2,267,0,0,30,1,4,4.15
1,22,180,8574,1,1,2,3,2,274,0,2,120,1,2,2.65
1,25,172,8200,1,1,1,3,2,211,0,1,113,1,5,2.77
1,23,175,12500,1,0,2,3,2,200,1,1,0,2,2,4.08
1,19,180,7900,0,1,3,1,2,300,0,3,0,0,5,2.44
0,21,163,6400,1,1,3,3,2,100,0,0,120,1,1,2.41
1,20,175,7500,1,0,2,3,2,100,0,2,0,1,1,2.45
0,20,160,7800,1,0,2,3,2,200,0,1,0,2,2,3.05
0,38,153,7800,1,1,2,3,2,100,0,0,0,1,2,3.33
1,33,179,9000,1,1,2,1,2,297,0,2,0,1,6,2.81
1,30,190,12996,1,1,2,3,2,198,0,0,0,1,3,3.6
1,30,165,10162,1,1,2,2,2,100,0,1,0,2,3,3.73
0,26,162,10997,1,1,3,3,2,268,0,0,6,1,4,4.19
1,18,180,8700,0,1,3,4,1,200,0,2,60,2,5,2.69
1,23,170,8300,1,1,2,2,2,200,0,2,0,2,6,2.87
0,23,170,7300,1,0,3,3,2,200,0,2,60,1,5,2.53
1,21,171,9607,1,1,2,3,2,200,0,0,114,2,2,3.29
1,30,178,12020,1,1,2,3,2,235,0,1,33,1,3,3.79
1,18,176,5500,0,1,2,4,2,200,0,2,60,1,0,1.78
0,21,174,13395,1,1,3,3,2,281,0,1,53,1,4,4.42
0,26,162,10997,1,1,3,3,2,268,0,0,24,1,4,4.19
1,18,180,8637,1,0,2,3,2,199,0,1,27,1,6,2.67
0,21,175,5100,1,1,2,3,1,100,0,1,60,1,0,1.67
1,21,185,5024,1,1,3,3,1,273,0,0,7,2,0,1.47
0,16,154,5300,1,1,2,3,2,200,0,0,0,1,1,2.23
0,18,160,5600,0,1,2,3,2,100,0,2,60,1,1,2.19
0,38,158,7393,1,1,3,3,2,100,0,1,0,1,5,2.96
1,26,183,11984,1,1,1,3,2,200,0,0,61,1,3,3.58
0,21,176,13390,1,1,3,3,2,283,0,1,49,1,4,4.32
1,21,171,5113,1,1,2,3,1,116,0,0,67,2,0,1.75
1,30,177,11253,1,1,2,3,2,204,0,0,36,1,3,3.59
0,38,160,6221,1,1,2,3,2,272,0,1,0,1,5,2.43
1,22,173,9342,1,1,1,1,2,124,0,0,116,2,2,3.12
0,21,173,13190,1,1,3,3,2,141,0,1,55,1,4,4.41
0,26,163,11195,1,1,3,3,2,274,0,0,39,1,4,4.21
0,19,160,4500,0,1,3,4,1,200,1,2,60,1,0,1.76
1,21,162,5200,0,1,3,3,2,200,0,3,60,2,1,1.98
1,29,168,9057,1,1,2,3,2,247,0,1,4,1,2,3.21
1,28,176,11390,1,1,2,3,2,204,0,0,32,1,3,3.68
0,22,166,6718,1,1,1,3,3,200,0,1,81,1,5,2.44
0,18,165,6000,1,1,2,3,2,100,0,1,60,1,1,2.2
0,26,160,10200,1,1,3,3,2,122,0,0,43,1,4,3.98
0,18,163,5800,0,1,3,3,2,200,0,1,60,2,1,2.18
0,17,160,4466,0,0,3,2,1,100,1,0,0,1,0,1.74
1,40,170,10900,1,1,2,1,2,100,0,1,0,2,3,3.77
1,22,178,7000,0,1,2,3,1,200,0,1,0,1,1,2.21
0,26,164,11155,1,1,3,3,2,273,0,0,9,1,4,4.15
0,26,162,10547,1,1,3,3,2,262,0,0,32,1,4,4.02
0,28,170,6800,0,0,2,3,2,100,0,1,60,1,1,2.35
0,26,160,4500,1,0,3,3,2,100,0,1,0,2,1,1.76
0,21,173,13211,1,1,3,3,2,185,0,1,32,1,4,4.41
0,21,162,6800,1,1,2,1,3,100,0,1,0,1,5,2.59
0,21,174,13334,1,1,3,3,2,282,0,1,43,1,4,4.4
0,20,168,15272,1,1,3,3,2,215,0,1,55,1,4,5.41
1,26,182,11786,1,1,2,3,2,200,0,0,8,1,3,3.56
0,18,173,12886,1,1,3,3,2,286,0,1,53,1,4,4.31
0,24,150,7600,1,1,3,3,1,100,0,0,60,1,2,3.38
0,26,164,11184,1,1,3,3,2,263,0,0,9,1,4,4.16
1,22,171,12120,1,1,2,2,2,179,0,1,0,1,3,4.14
1,37,166,7735,1,1,2,3,2,100,0,0,0,1,3,2.81
1,25,183,12079,1,1,2,3,2,201,0,1,43,1,3,3.61
1,21,165,8000,1,0,2,1,2,200,0,2,60,2,6,2.94
1,30,190,12901,1,1,2,3,2,142,0,0,0,1,3,3.57
1,19,176,7000,0,1,2,3,2,200,0,2,60,1,1,2.26
0,26,162,11160,1,1,3,3,2,247,0,0,27,1,4,4.25
0,23,165,6300,1,0,3,3,2,200,0,3,120,1,1,2.31
0,26,164,11186,1,1,3,3,2,270,0,0,37,1,4,4.16
0,20,162,6000,1,1,3,1,0,200,0,0,0,2,1,2.29
0,26,164,11120,1,1,3,3,2,260,0,0,14,1,4,4.13
0,16,158,6400,1,1,2,1,2,100,0,1,0,2,1,2.56
1,27,177,12008,1,1,2,3,2,214,0,1,0,1,3,3.83
1,21,171,7527,1,1,2,3,2,163,0,1,0,1,5,2.57
1,17,180,6000,1,0,3,4,1,200,0,2,0,2,0,1.85
1,23,165,8000,1,1,2,1,2,100,0,1,58,1,6,2.94
1,22,172,9479,1,1,2,3,2,200,0,0,77,2,2,3.2
1,22,174,8200,1,1,2,3,2,300,0,2,60,2,2,2.71
0,19,164,13377,1,1,3,3,2,284,0,1,57,1,4,4.97
0,23,155,8000,1,1,2,2,2,200,0,1,0,2,2,3.33
0,19,158,7700,0,0,2,3,1,200,0,1,60,1,6,3.08
1,38,170,8000,0,1,3,3,1,200,0,2,0,2,6,2.77
0,22,171,5100,1,1,3,3,1,200,0,1,0,2,0,1.74
1,21,183,10650,1,1,2,3,2,243,0,0,23,1,2,3.18
0,18,174,5000,0,1,1,3,2,200,0,1,60,1,0,1.65
0,25,160,10477,1,1,3,3,2,152,0,0,43,1,4,4.09
1,18,178,5086,1,1,1,3,2,195,0,2,60,1,0,1.61
0,26,162,11195,1,1,3,3,2,250,0,0,32,1,4,4.27
1,27,183,9962,1,1,2,1,2,108,0,1,29,1,6,2.97
0,34,168,7764,1,1,2,2,2,208,0,0,50,1,6,2.75
1,17,177,8500,0,1,2,3,2,200,0,2,60,1,5,2.71
0,26,163,11186,1,1,3,3,2,261,0,0,15,1,4,4.21
0,40,156,8000,1,1,2,3,2,146,0,0,0,1,2,3.29
1,20,189,10200,1,1,2,1,0,300,0,1,0,2,2,2.86
0,26,162,11081,1,1,3,3,2,155,0,0,34,1,4,4.22
1,30,170,10975,1,1,2,3,2,100,0,1,0,1,3,3.8
1,26,187,12106,1,1,3,3,2,290,0,1,25,1,3,3.46
1,23,165,7500,1,1,2,3,2,200,0,1,60,1,5,2.75
0,18,172,5152,1,1,2,3,1,200,0,1,60,2,0,1.74
0,18,160,5150,1,1,2,3,2,200,0,3,120,2,1,2.01
1,25,176,11502,1,1,1,3,2,200,0,0,60,1,3,3.71
0,18,175,4145,0,1,2,1,2,201,0,1,100,1,0,1.35
0,26,163,11153,1,1,3,3,2,262,0,0,9,1,4,4.2
1,19,170,7500,1,1,2,3,2,300,0,1,84,1,6,2.6
1,18,175,8608,1,1,2,3,2,245,0,1,53,1,6,2.81
1,35,183,9047,1,1,2,3,2,300,0,2,0,1,6,2.7
0,25,163,10498,1,1,3,3,2,123,0,0,33,1,4,3.95
1,30,183,8300,1,1,3,4,1,200,1,2,0,1,5,2.48
1,23,170,9844,1,1,2,2,2,261,0,2,75,2,2,3.41
1,30,178,12000,1,1,1,2,2,210,0,0,21,1,3,3.79
1,18,180,5800,1,1,2,3,1,200,0,1,60,2,0,1.79
0,34,165,7393,1,1,2,3,2,288,0,1,0,1,5,2.72
0,18,160,5600,1,1,3,3,2,100,0,0,0,1,1,2.19
0,19,156,4200,0,0,3,3,1,100,0,1,0,1,0,1.73
0,23,164,8400,1,1,2,1,2,300,0,1,0,2,2,3.12
1,17,170,5000,1,1,2,4,1,200,0,2,60,2,0,1.73
0,18,165,8200,1,1,2,3,2,100,0,1,60,2,2,3.01
1,25,176,11512,1,1,1,3,2,211,0,0,8,1,3,3.72
1,17,177,5570,1,1,2,4,2,117,0,2,26,2,0,1.78
1,30,175,11880,1,1,2,3,2,229,0,1,83,1,3,3.88
1,25,181,11409,1,1,2,3,2,235,0,1,40,1,3,3.48
1,20,167,7000,1,1,2,3,2,200,0,2,60,1,1,2.51
1,25,171,11451,1,1,3,3,2,214,0,0,31,1,3,3.92
0,21,178,13776,1,1,3,3,2,247,0,1,43,1,4,4.35
1,32,176,10303,1,1,2,3,2,149,0,0,0,1,3,3.33
0,34,168,7705,1,1,2,1,2,144,0,0,0,2,6,2.73
1,26,175,8000,1,1,2,3,2,264,0,0,0,1,5,2.61
1,17,165,8500,1,1,2,3,2,200,0,1,60,1,6,3.12
0,21,162,5500,1,1,2,3,2,100,0,1,0,1,1,2.1
1,20,185,12188,1,1,3,2,2,127,0,1,0,1,3,3.56
0,26,165,11193,1,1,3,3,2,277,0,0,5,1,4,4.11
1,27,182,12054,1,1,2,3,2,204,0,0,40,1,3,3.64
0,21,156,6200,0,1,2,3,2,300,0,1,0,1,5,2.55
1,21,171,7500,1,1,3,1,2,200,0,3,0,1,5,2.56
1,33,173,8395,1,1,2,1,2,216,0,1,0,2,6,2.8
0,18,170,5000,0,1,2,3,1,200,0,2,60,1,0,1.73
1,34,174,8400,1,0,3,3,2,300,0,0,60,2,6,2.77
1,21,178,10547,1,1,3,1,2,248,0,1,60,1,2,3.33
0,25,166,10278,1,1,3,3,2,123,0,0,32,1,4,3.73
1,23,170,7500,0,1,2,3,2,200,0,2,60,1,5,2.6
1,25,176,11414,1,1,3,3,2,210,0,1,16,1,3,3.68
1,28,175,11321,1,1,2,3,2,200,0,0,0,1,3,3.7
1,23,184,8800,1,1,2,1,2,200,0,2,0,1,6,2.6
0,22,176,12186,1,1,3,3,2,205,0,1,26,1,4,3.93
0,25,166,10488,1,1,3,3,2,132,0,0,32,1,4,3.81
1,23,169,8000,1,1,2,1,2,200,0,0,120,2,2,2.8
0,19,153,4200,0,1,3,1,1,159,0,0,38,1,0,1.79
0,21,160,8800,1,1,2,3,2,300,0,1,60,1,2,3.44
0,17,165,5600,1,1,2,3,2,200,0,1,60,1,1,2.06
0,25,160,10470,1,1,3,3,2,117,0,0,53,1,4,4.09
0,19,152,4200,0,1,3,3,1,100,0,1,0,1,0,1.82
1,22,185,5145,1,1,3,3,2,100,0,0,0,1,0,1.5
1,23,169,10318,1,1,2,2,2,100,0,1,0,2,3,3.61
0,27,166,7910,1,1,3,3,2,300,0,2,0,2,2,2.87
0,41,168,7500,1,0,3,3,0,200,1,3,0,1,5,2.66
0,26,162,10503,1,1,3,3,2,260,0,0,30,1,4,4.0
1,19,172,7500,1,1,2,3,1,200,0,1,60,1,5,2.54
0,27,170,7800,0,1,2,3,2,200,0,2,0,0,6,2.7
0,17,160,5800,0,1,3,4,1,200,0,1,60,2,1,2.27
1,25,179,11582,1,1,2,3,2,217,0,1,13,1,3,3.61
1,23,172,6800,0,1,3,3,2,200,0,1,60,1,1,2.3
0,20,172,13192,1,1,3,3,2,170,0,1,56,1,4,4.46
0,21,174,13387,1,1,3,3,2,191,0,1,43,1,4,4.42
1,24,172,6600,0,1,3,3,2,300,0,1,60,1,1,2.23
1,19,178,5000,0,1,2,3,2,255,0,1,0,1,0,1.58
0,25,161,11092,1,1,3,3,2,152,0,0,26,1,4,4.28
0,25,160,6800,1,1,2,3,2,264,0,0,80,1,5,2.66
1,30,176,12034,1,1,2,3,2,159,0,0,93,1,3,3.88
1,21,161,9857,1,1,2,2,2,200,0,0,43,2,2,3.8
1,20,172,7000,1,1,3,3,2,100,0,3,60,2,1,2.37
1,17,180,6000,0,1,2,4,0,200,0,2,60,1,1,1.85
0,23,158,4400,0,0,3,1,3,200,0,3,60,2,0,1.76
1,22,181,12168,1,1,3,1,2,218,0,1,0,1,3,3.71
1,31,183,12716,1,1,2,3,2,235,0,1,0,1,3,3.8
0,18,156,5000,0,1,2,4,2,100,0,1,60,2,1,2.05
1,17,171,5000,0,1,1,3,1,200,0,0,60,2,0,1.71
0,22,160,8200,1,1,1,1,2,200,0,0,120,2,2,3.2
0,25,160,10494,1,1,3,3,2,245,0,0,33,1,4,4.1
0,45,165,7722,1,1,2,3,2,200,0,0,0,2,6,2.84
0,25,162,10483,1,1,3,3,2,285,0,0,33,1,4,3.99
0,20,169,13098,1,1,3,3,2,195,0,1,57,1,4,4.59
0,26,164,11188,1,1,3,3,2,263,0,0,5,1,4,4.16
0,39,155,7726,1,1,2,1,2,168,0,1,0,1,2,3.22
1,40,176,10919,1,1,2,1,2,100,0,1,0,2,2,3.52
1,19,180,11300,1,1,2,3,0,300,0,1,60,0,3,3.49
1,23,171,8166,1,1,2,2,2,181,0,0,28,1,6,2.79
1,22,179,8986,1,1,1,1,2,183,0,0,2,1,6,2.8
0,21,168,7500,1,1,1,3,2,200,0,1,0,1,5,2.66
1,21,171,6898,1,1,2,3,2,161,0,1,21,1,5,2.36
1,21,172,8000,1,1,2,3,1,300,0,2,60,2,6,2.7
1,25,177,11616,1,1,1,3,2,222,0,1,16,1,3,3.71
1,22,181,6110,1,1,2,3,2,264,0,0,60,1,0,1.87
1,40,176,11866,1,1,2,3,2,171,0,0,0,1,3,3.83
1,22,171,9500,1,1,2,3,2,200,0,0,81,0,6,3.25
1,22,194,11689,1,1,2,3,2,200,0,0,60,1,3,3.11
0,26,162,11054,1,1,3,3,2,255,0,0,25,1,4,4.21
0,33,163,6100,1,1,3,3,2,200,0,2,0,1,1,2.3
1,21,184,12260,1,1,3,1,2,111,0,0,0,1,3,3.62
1,21,167,6000,1,0,3,4,0,200,0,2,0,1,1,2.15
1,20,192,12500,1,0,3,1,2,100,0,1,0,1,3,3.39
0,34,167,7739,1,1,2,1,2,177,0,0,42,2,6,2.77
1,30,180,12109,1,1,2,3,2,200,0,0,0,1,3,3.74
1,19,174,8550,1,0,2,2,2,285,0,2,0,1,6,2.82
0,22,172,13336,1,1,3,3,2,179,0,1,43,1,4,4.51
0,22,174,12165,1,1,3,3,2,286,0,0,15,1,4,4.02
0,22,166,8201,1,1,2,1,2,285,0,0,85,2,2,2.98
1,33,177,8707,0,1,2,3,2,270,0,2,0,1,5,2.78
0,19,158,7855,1,1,2,3,2,200,0,1,0,2,2,3.15
0,20,156,4200,0,1,3,3,1,100,1,0,5,1,0,1.73
1,18,178,10800,0,1,2,3,2,100,0,1,60,1,2,3.41
0,25,162,10999,1,1,3,3,2,100,0,0,27,1,4,4.19
1,21,180,6800,0,1,3,3,0,200,0,1,0,2,1,2.1
1,17,180,6500,1,0,2,3,2,200,0,0,60,2,1,2.01
1,31,191,9979,1,1,2,2,2,187,0,1,0,1,6,2.74
0,25,164,10496,1,1,3,3,2,155,0,0,40,1,4,3.9
1,31,183,9844,1,1,2,2,2,151,0,1,0,1,6,2.94
0,26,162,11080,1,1,3,3,2,269,0,0,25,1,4,4.22
1,31,176,11833,1,1,2,3,2,253,0,0,20,1,3,3.82
0,19,159,4200,0,1,3,3,1,100,0,2,0,1,0,1.66
0,25,155,10258,1,1,3,3,2,263,0,0,32,1,4,4.27
1,34,182,9900,1,1,2,1,2,200,0,2,0,1,6,2.99
1,24,191,11765,1,1,1,2,2,213,0,1,50,1,3,3.22
0,18,170,5000,1,1,2,3,1,200,0,2,60,2,0,1.73
0,37,156,7608,1,1,2,3,2,162,0,0,0,2,2,3.13
1,31,182,12080,1,1,2,3,2,283,0,0,15,1,3,3.65
1,29,178,7800,0,1,2,1,2,300,0,1,0,0,5,2.46
1,23,184,12099,1,1,2,3,2,200,0,0,71,1,3,3.57
1,18,171,8500,1,1,2,3,2,213,0,0,92,1,6,2.91
1,23,170,7500,1,1,2,3,2,200,0,2,103,1,5,2.6
1,22,183,10513,1,1,2,3,2,200,0,2,80,2,2,3.14
1,21,178,10500,1,1,2,3,2,271,0,1,0,1,2,3.31
1,21,167,6000,0,1,2,1,2,100,0,0,60,1,1,2.15
0,25,161,6200,0,1,2,3,1,200,0,1,0,1,1,2.39
0,25,165,10493,1,1,3,3,2,165,0,0,36,1,4,3.85
1,33,172,8000,1,1,2,1,2,200,0,2,60,1,6,2.7
0,23,158,7855,1,1,2,3,2,200,0,0,95,2,2,3.15
0,21,182,15227,1,1,3,3,2,237,0,1,46,1,4,4.6
0,21,172,5089,1,0,2,3,1,165,0,1,4,2,0,1.72
1,21,169,9866,1,1,2,2,2,210,0,2,72,2,2,3.45
0,22,170,8500,1,1,3,3,2,200,0,2,60,2,6,2.94
0,26,163,11185,1,1,3,3,2,272,0,0,5,1,4,4.21
1,31,175,11827,1,1,2,3,2,208,0,0,60,1,3,3.86
1,27,167,7800,1,0,3,1,2,300,0,0,60,1,6,2.8
1,30,182,11836,1,1,2,3,2,170,0,0,23,1,3,3.57
1,19,175,5551,0,1,2,3,1,127,0,0,120,2,0,1.81
0,19,164,7391,1,0,3,3,2,262,1,0,47,1,5,2.75
0,20,165,7966,1,0,2,3,2,100,0,1,0,2,6,2.93
1,23,175,9500,1,1,2,3,2,300,0,2,0,2,2,3.1
1,21,180,7200,1,1,3,3,2,200,0,1,0,1,5,2.22
0,19,157,3985,0,0,2,3,2,106,0,2,60,1,0,1.62
0,21,184,16505,1,1,3,3,2,283,0,0,28,1,4,4.88
1,22,187,11631,1,1,1,2,2,200,0,1,23,1,3,3.33
1,19,171,8727,1,1,3,3,2,269,0,2,60,1,6,2.98
0,18,176,13779,1,1,3,3,2,270,0,1,44,1,4,4.45
1,20,170,8500,1,1,2,3,2,200,0,1,47,2,6,2.94
1,19,170,7800,1,0,3,2,2,200,0,0,101,1,6,2.7
0,18,174,13346,1,1,3,3,2,284,0,1,37,1,4,4.41
0,16,177,5000,0,1,3,1,2,100,0,2,60,1,0,1.6
0,25,162,10481,1,1,3,3,2,124,0,0,16,1,4,3.99
0,24,170,5000,0,1,2,3,1,200,0,2,0,1,0,1.73
0,23,166,7500,1,1,2,3,2,122,1,0,41,1,5,2.72
1,21,182,7300,1,1,1,3,1,200,0,2,0,1,1,2.2
0,26,164,11182,1,1,3,3,2,285,0,0,34,1,4,4.16
1,18,170,5200,1,1,2,3,1,200,0,2,60,1,1,1.8
1,23,182,7200,1,1,3,3,2,200,0,2,60,1,1,2.17
1,30,176,12098,1,1,2,3,2,203,0,1,114,1,3,3.91
1,21,170,7500,1,1,2,3,1,200,0,1,60,1,5,2.6
0,18,174,13374,1,1,3,3,2,286,0,1,46,1,4,4.42
1,20,175,7000,1,0,2,3,2,200,0,2,60,1,1,2.29
1,21,168,8000,1,0,2,1,2,200,0,2,60,2,6,2.83
1,19,166,9000,1,1,2,1,2,100,0,0,85,2,2,3.27
0,18,171,5092,0,1,2,4,2,100,0,2,76,2,0,1.74
0,21,160,6100,0,1,3,3,1,200,0,1,60,2,1,2.38
0,22,162,8200,1,1,2,2,2,122,0,0,37,1,6,3.12
0,19,153,4200,0,1,3,1,1,292,0,0,0,1,0,1.79
0,19,165,7210,1,1,3,2,2,200,0,2,60,1,6,2.65
1,29,190,12901,1,1,2,3,2,300,0,0,60,1,3,3.57
0,18,160,5600,0,1,2,3,2,200,0,1,0,1,1,2.19
0,21,177,13779,1,1,3,3,2,242,0,1,53,1,4,4.4
0,21,182,13704,1,1,3,3,2,268,0,1,39,1,4,4.14
0,27,168,6200,0,1,2,3,2,100,0,1,0,1,5,2.2
1,23,176,12092,1,1,2,3,2,229,0,1,0,1,3,3.9
1,34,174,8400,1,0,3,3,2,300,0,1,60,0,6,2.77
1,21,170,7000,0,1,3,3,2,200,0,0,60,0,1,2.42
0,21,160,5800,1,1,3,3,2,200,0,0,0,1,1,2.27
0,18,170,8000,1,1,3,3,1,200,0,1,0,2,5,2.77
1,24,176,9960,1,1,2,1,2,101,0,0,16,2,3,3.22
0,26,163,11172,1,1,3,3,2,277,0,0,9,1,4,4.2
0,23,160,8326,1,1,2,2,2,200,0,0,0,2,2,3.25
0,26,164,11194,1,1,3,3,2,273,0,0,14,1,4,4.16
0,20,155,4900,1,1,2,3,2,200,0,0,0,2,1,2.04
0,18,166,8000,1,1,2,2,2,100,0,0,51,2,5,2.9
1,24,178,12033,1,1,2,3,2,283,0,1,44,1,3,3.8
1,23,178,11733,1,1,1,2,2,200,0,0,55,1,3,3.7
0,36,156,8000,1,1,2,2,2,197,0,2,0,2,2,3.29
0,20,160,6000,1,1,3,4,1,300,0,0,60,2,6,2.34
1,21,174,7200,1,1,2,3,2,200,0,2,0,2,1,2.38
1,39,178,10801,1,1,2,3,2,287,0,1,96,2,2,3.41
0,38,155,8000,1,1,2,3,2,265,0,0,0,1,2,3.33
0,19,162,6900,1,1,3,3,2,100,1,1,0,1,5,2.63
1,18,180,10995,1,1,2,2,2,263,0,1,27,2,3,3.39
0,25,168,11067,1,1,3,3,2,119,0,0,26,1,4,3.92
0,26,163,11097,1,1,3,3,2,264,0,0,27,1,4,4.18
0,18,180,14116,1,1,3,3,2,241,0,1,53,1,4,4.36
0,21,180,13366,1,1,3,3,2,284,0,1,41,1,4,4.13
1,20,169,6800,1,1,3,3,2,200,0,1,60,1,1,2.38
0,22,160,8000,0,0,2,3,2,200,0,1,60,2,6,3.12
1,20,178,8514,1,1,2,3,2,195,0,0,60,1,6,2.69
1,17,184,9200,1,1,2,4,2,200,0,1,60,1,6,2.72
1,25,177,11502,1,1,2,3,2,210,0,1,11,1,3,3.67
0,20,182,15141,1,1,3,3,2,122,0,0,34,1,4,4.57
1,22,179,11689,1,1,1,3,2,200,0,0,18,1,3,3.65
0,22,155,5700,1,1,2,3,2,200,0,1,0,1,1,2.37
0,18,160,5100,0,1,3,3,1,100,0,1,0,1,1,1.99
0,20,156,4132,0,1,2,1,1,100,0,0,44,1,0,1.7
0,26,163,11082,1,1,3,3,2,270,0,0,16,1,4,4.17
1,27,170,8331,1,1,2,2,2,200,0,0,0,1,6,2.88
1,30,173,8477,1,1,2,2,2,216,0,0,57,1,6,2.83
0,18,160,5500,1,1,2,3,2,200,0,1,60,1,1,2.15
1,18,171,9630,1,1,2,2,2,253,0,1,56,2,2,3.29
1,33,175,12000,1,0,2,3,2,200,0,1,0,1,3,3.92
0,24,173,13316,1,1,3,3,2,287,0,1,43,1,4,4.45
0,26,163,10504,1,1,3,3,2,255,0,0,34,1,4,3.95
0,21,174,13396,1,1,3,3,2,281,0,1,55,1,4,4.42
0,22,158,8200,1,1,2,1,2,200,0,0,116,1,2,3.28
1,21,168,8967,1,1,2,2,2,200,0,1,38,1,6,3.18
0,21,166,8451,1,1,2,3,2,100,0,1,56,2,2,3.07
1,20,174,9800,1,0,3,3,2,300,0,3,60,2,2,3.24
1,30,170,10213,1,1,2,2,2,199,0,0,74,2,3,3.53
0,23,165,6000,0,0,3,3,2,200,0,0,120,2,6,2.2
1,30,175,11842,1,1,2,3,2,211,0,0,1,1,3,3.87
0,18,155,5000,1,1,3,3,1,200,0,1,60,2,1,2.08
0,21,165,6700,1,1,3,3,2,300,0,1,60,1,1,2.46
0,18,160,4800,0,1,3,3,2,100,0,1,0,1,1,1.87
0,18,174,13377,1,1,3,3,2,270,0,1,48,1,4,4.42
0,18,158,5000,1,1,2,3,2,100,0,1,60,2,1,2.0
0,18,170,5000,0,1,1,4,1,100,0,2,60,2,0,1.73
0,33,175,7726,1,1,2,3,2,208,1,1,78,2,5,2.52
0,18,165,6000,0,0,2,1,2,200,0,1,0,1,1,2.2
1,28,170,7800,1,1,2,1,2,300,0,1,0,1,6,2.7
1,21,175,9600,1,1,2,3,2,200,0,2,0,2,2,3.13
0,22,168,9000,1,1,2,3,2,297,0,0,6,2,2,3.19
1,30,175,11227,1,1,1,3,2,201,0,0,0,1,3,3.67
0,21,174,13396,1,1,3,3,2,283,0,1,55,1,4,4.42
1,17,185,6000,0,1,2,3,2,300,1,3,120,1,0,1.75
1,23,175,5499,1,1,2,3,2,294,0,2,120,1,0,1.8
1,22,170,6500,1,1,3,3,2,200,0,1,60,1,1,2.25
1,24,191,12098,1,1,2,3,2,207,0,0,0,2,3,3.32
1,18,175,7000,1,1,2,3,2,200,0,3,120,2,1,2.29
1,22,172,8200,1,1,2,1,2,200,0,1,120,1,2,2.77
0,25,166,10479,1,1,3,3,2,148,0,0,49,1,4,3.8
0,21,165,8000,1,1,2,3,2,100,0,0,60,2,6,2.94
0,21,155,6300,0,1,2,3,2,100,1,1,0,1,5,2.62
1,18,165,6000,1,0,3,3,2,200,0,1,0,2,1,2.2
0,18,178,13778,1,1,3,3,2,286,0,0,47,1,4,4.35
1,33,172,8300,1,1,3,1,2,200,0,1,0,1,6,2.81
0,19,173,7802,1,0,1,2,2,297,0,0,52,1,6,2.61
1,21,182,7400,1,1,3,1,2,300,0,1,0,1,5,2.23
0,39,155,8000,1,1,3,3,2,152,0,0,0,1,2,3.33
0,22,165,5900,1,1,3,3,2,200,0,2,0,1,1,2.17
0,25,162,10493,1,1,3,3,2,265,0,0,33,1,4,4.0
0,25,165,10480,1,1,3,3,2,152,0,0,33,1,4,3.85
1,26,162,11067,1,1,2,3,2,270,0,0,24,1,2,4.22
1,19,175,7000,0,0,3,3,0,200,0,2,0,1,1,2.29
0,22,165,8980,1,1,2,3,2,200,0,0,120,1,2,3.3
1,24,164,10064,1,1,2,1,2,100,0,0,101,2,3,3.74
0,23,167,11448,1,1,3,3,2,247,0,0,45,1,4,4.1
0,24,166,6881,1,1,1,1,3,200,1,0,6,1,5,2.5
1,19,180,5800,1,1,2,3,2,200,0,2,0,1,1,1.79
1,19,182,8500,1,1,2,3,2,286,0,0,16,1,5,2.57
0,21,172,13346,1,1,3,3,2,167,0,1,53,1,4,4.51
0,38,160,6000,1,0,3,3,2,200,0,2,0,1,1,2.34
1,22,179,8925,1,1,1,3,2,200,0,0,81,1,2,2.79
1,25,181,11738,1,1,2,3,2,200,0,1,86,1,3,3.58
0,18,156,5200,1,1,1,3,2,100,0,1,60,1,1,2.14
1,34,165,9000,1,1,2,2,2,111,0,0,7,2,3,3.31
0,25,162,10236,1,1,3,3,2,103,0,0,27,1,4,3.9
1,18,183,6000,1,1,3,3,1,200,0,2,60,2,0,1.79
1,30,191,12923,1,1,2,3,2,128,0,1,0,1,3,3.54
1,21,187,7500,1,1,3,3,2,100,0,1,0,1,5,2.14
0,26,164,11160,1,1,3,3,2,255,0,0,37,1,4,4.15
1,25,185,12100,1,0,3,3,2,300,0,1,60,1,3,3.54
1,23,174,9869,1,1,2,2,2,232,0,0,95,2,2,3.26
1,19,178,8000,1,1,2,1,2,300,0,2,0,1,5,2.52
1,22,181,12213,1,1,3,2,2,105,0,1,0,1,3,3.73
0,19,175,4912,0,0,3,3,2,296,1,1,60,1,0,1.6
0,19,159,4500,0,1,2,3,2,231,1,1,0,1,0,1.78
0,26,162,11193,1,1,3,3,2,261,0,0,32,1,4,4.26
0,19,168,4983,0,1,2,3,2,104,0,0,60,1,0,1.77
1,23,176,12142,1,1,2,2,2,200,0,0,0,1,3,3.92
0,21,160,4800,1,1,3,3,1,200,0,2,0,2,1,1.87
1,26,182,11810,1,1,2,2,2,210,0,0,0,1,3,3.57
1,21,175,8000,1,0,2,3,2,200,0,1,60,1,6,2.61
1,18,171,9000,1,1,2,3,2,200,0,0,120,1,2,3.08
0,38,150,6389,1,1,2,3,2,163,0,0,52,1,5,2.84
0,25,162,10483,1,1,3,3,2,223,0,0,6,1,4,3.99
0,23,173,8027,1,1,2,3,2,204,0,2,60,2,6,2.68
0,21,156,5000,1,1,2,3,2,100,0,1,0,1,1,2.05
0,18,160,6800,1,1,2,1,2,100,0,1,0,1,5,2.66
1,16,166,6000,1,1,3,4,0,200,0,2,0,2,1,2.18
0,21,173,5000,1,1,3,3,1,284,0,0,4,2,0,1.67
1,29,176,7600,1,0,2,3,2,200,0,1,0,1,5,2.45
0,18,176,5000,0,1,1,4,1,100,0,1,120,1,0,1.61
1,36,175,9800,1,1,3,3,1,100,0,1,0,2,3,3.2
1,18,180,10824,1,1,2,3,2,218,0,0,60,1,2,3.34
0,18,174,5200,0,1,3,3,2,200,0,0,60,1,0,1.72
1,21,172,7500,1,1,1,3,2,169,0,0,0,1,5,2.54
0,21,150,4200,0,1,1,1,1,100,0,0,60,1,5,1.87
0,19,176,4966,0,1,2,3,2,170,0,2,60,1,0,1.6
0,26,165,11194,1,1,3,3,2,261,0,0,4,1,4,4.11
1,19,170,8191,1,0,2,1,2,170,0,1,53,1,6,2.83
0,19,162,8203,1,1,1,3,2,200,0,0,56,2,2,3.13
0,19,152,4200,0,0,3,1,1,100,0,0,4,2,0,1.82
0,18,160,6822,1,1,2,1,2,200,0,0,16,2,5,2.66
1,22,184,12124,1,1,2,2,2,199,0,1,0,1,3,3.58
0,18,160,5000,0,1,2,3,2,200,0,1,60,1,1,1.95
1,29,175,11272,1,1,2,3,2,200,0,0,116,1,3,3.68
1,25,178,11327,1,1,1,3,2,200,0,1,0,1,3,3.57
0,19,159,4500,0,1,3,3,1,100,1,0,120,1,0,1.78
1,31,186,12915,1,1,2,3,2,119,0,0,95,1,3,3.73
0,21,174,13387,1,1,3,3,2,148,0,1,54,1,4,4.42
1,26,184,9000,1,0,3,3,2,300,0,3,0,2,2,2.66
0,21,168,13133,1,1,3,3,2,150,0,1,38,1,4,4.65
1,26,185,12811,1,1,3,3,2,200,0,0,0,1,3,3.74
1,19,180,8500,1,1,2,3,2,200,0,0,36,1,5,2.62
0,18,160,5100,0,1,2,3,1,100,0,1,0,1,1,1.99
0,20,173,13395,1,1,3,3,2,175,0,1,55,1,4,4.48
1,21,162,10500,1,1,3,3,2,300,0,1,0,1,2,4.0
0,21,174,13294,1,1,3,3,2,165,0,1,43,1,4,4.39
1,23,174,10569,1,1,2,3,2,265,0,1,0,1,2,3.49
1,19,170,6900,0,0,2,3,1,200,0,1,0,1,1,2.39
0,20,160,6100,1,1,3,3,1,200,0,2,0,1,1,2.38
0,36,152,6469,1,1,2,1,2,100,0,0,0,1,5,2.8
1,36,175,11836,1,1,2,3,2,204,0,0,0,1,3,3.86
1,21,166,6000,1,1,2,1,2,100,0,0,0,1,1,2.18
0,18,163,5300,0,0,2,3,1,200,0,1,60,2,1,1.99
1,31,187,12152,1,1,2,2,2,113,0,0,0,1,3,3.48
1,23,173,8000,1,1,2,1,2,162,0,0,118,1,6,2.67
1,29,179,8999,1,1,1,3,2,211,0,0,0,1,6,2.81
0,21,178,13779,1,1,3,3,2,285,0,1,12,1,4,4.35
1,34,184,8400,1,1,3,3,2,200,0,3,60,2,5,2.48
0,16,161,6500,1,1,1,1,2,200,1,1,0,1,5,2.51
1,21,172,7500,1,1,2,3,2,200,1,2,4,1,5,2.54
1,25,176,11272,1,1,2,3,2,235,0,1,6,1,3,3.64
0,26,162,11193,1,1,3,3,2,269,0,0,24,1,4,4.26
0,18,154,5700,1,0,3,3,0,200,1,0,0,1,1,2.4
0,26,164,11182,1,1,3,3,2,261,0,0,17,1,4,4.16
0,25,160,10498,1,1,3,3,2,265,0,0,35,1,4,4.1
1,17,160,5000,1,1,2,3,0,200,0,0,120,2,0,1.95
0,21,164,6800,1,1,2,3,2,100,0,1,60,1,5,2.53
0,26,165,7300,1,1,3,3,2,200,0,0,0,1,5,2.68
1,30,177,11201,1,1,1,3,2,206,0,1,3,2,3,3.58
1,29,177,11222,1,1,2,3,2,207,0,0,6,1,3,3.58
0,26,162,10604,1,1,3,3,2,142,0,0,43,1,4,4.04
1,22,175,11689,1,1,1,3,2,200,0,0,33,1,2,3.82
0,17,165,6700,1,0,2,3,2,200,0,1,60,2,1,2.46
0,21,165,6500,1,1,2,3,2,100,0,1,60,1,1,2.39
1,18,185,7000,0,1,3,4,1,200,0,2,120,2,1,2.05
0,18,162,5200,0,1,3,3,2,100,0,0,60,1,1,1.98
1,21,179,10503,1,1,2,3,2,100,0,0,31,1,2,3.28
1,25,177,11542,1,1,2,3,2,200,0,1,73,1,3,3.68
1,25,171,11448,1,1,2,3,2,271,0,0,9,1,3,3.92
1,21,162,7000,0,1,2,1,3,100,0,1,0,1,5,2.67
1,31,170,8352,1,1,2,1,2,101,0,0,55,1,6,2.89
1,31,182,12070,1,1,2,3,2,249,0,0,60,1,3,3.64
0,26,162,11127,1,1,3,3,2,255,0,0,22,1,4,4.24
1,20,165,10200,1,1,2,3,2,100,0,0,60,2,3,3.75
1,18,173,5131,1,1,2,3,2,214,0,1,100,1,0,1.71
1,30,176,11200,1,1,2,3,2,200,0,0,60,0,3,3.62
0,21,174,13567,1,1,3,3,2,220,0,1,42,1,4,4.48
1,26,182,11886,1,1,2,3,2,222,0,0,82,1,3,3.59
0,24,177,11228,1,1,3,3,2,286,0,0,37,1,4,3.58
1,23,170,8197,1,1,3,2,2,181,0,0,94,1,6,2.84
0,26,164,10542,1,1,3,3,2,268,0,0,31,1,4,3.92
0,23,160,6000,0,1,3,3,2,200,0,0,60,1,1,2.34
1,21,175,7500,0,1,2,3,1,200,0,1,60,1,1,2.45
1,20,164,7000,0,1,2,3,2,193,0,0,0,1,5,2.6
0,26,158,11080,1,1,3,3,2,274,0,0,15,1,4,4.44
0,26,164,11184,1,1,3,3,2,261,0,0,12,1,4,4.16
0,24,177,11327,1,1,3,3,2,247,0,0,9,1,4,3.62
0,18,182,5200,1,1,2,3,1,200,0,3,60,2,0,1.57
1,17,170,8300,1,1,2,3,1,100,0,1,60,2,6,2.87
0,22,160,5600,1,0,2,3,0,200,0,0,120,2,1,2.19
0,18,171,5173,1,1,2,3,1,181,0,0,60,1,0,1.77
0,17,162,5800,0,1,1,3,2,200,0,1,60,1,1,2.21
0,25,166,11080,1,1,3,3,2,141,0,0,55,1,4,4.02
0,26,164,11157,1,1,3,3,2,254,0,0,12,1,4,4.15
0,18,163,6400,1,1,3,3,2,200,0,0,60,1,1,2.41
1,21,170,8000,1,1,2,3,2,300,0,1,60,2,6,2.77
1,18,181,8652,0,1,1,3,2,217,0,0,0,1,5,2.64
1,21,169,7000,1,1,2,3,2,300,0,1,0,1,5,2.45
1,21,170,9671,1,1,2,2,2,297,0,1,66,2,2,3.35
1,17,189,5989,1,1,2,3,2,200,0,2,33,2,0,1.68
1,17,174,9792,1,1,2,3,2,300,0,2,26,2,2,3.23
1,21,180,7500,1,1,2,3,2,200,0,2,60,1,5,2.31
0,23,170,5000,1,1,3,4,2,200,0,2,60,2,0,1.73
1,21,179,10504,1,1,2,3,2,232,0,0,0,1,2,3.28
1,26,177,11815,1,1,2,3,2,209,0,0,11,1,3,3.77
1,17,185,6000,1,1,3,4,0,200,0,2,60,1,0,1.75
1,23,165,8000,1,1,2,3,0,200,0,1,120,1,6,2.94
0,26,163,11194,1,1,3,3,2,263,0,0,27,1,4,4.21
0,26,164,11186,1,1,3,3,2,261,0,0,8,1,4,4.16
0,18,156,4500,1,0,3,3,0,200,1,1,0,1,0,1.85
1,28,176,11232,1,1,1,3,2,200,0,1,0,1,3,3.63
0,18,165,8200,1,1,3,3,2,100,0,1,60,1,2,3.01
0,26,164,11153,1,1,3,3,2,262,0,0,7,1,4,4.15
1,25,179,11615,1,1,1,3,2,200,0,1,9,1,3,3.63
1,18,177,5205,1,1,2,3,2,248,1,0,104,2,0,1.66
1,24,182,8500,1,1,2,3,2,245,0,1,27,1,5,2.57
1,17,184,6000,1,1,3,3,2,200,0,0,33,1,0,1.77
1,21,180,7500,1,1,3,4,1,200,0,2,0,1,5,2.31
0,21,172,13105,1,1,3,3,2,167,0,1,54,1,4,4.43
0,21,165,8812,1,1,2,1,2,100,0,1,60,2,2,3.24
1,24,182,12124,1,1,3,3,2,256,0,1,0,1,3,3.66
1,17,175,8577,1,1,2,3,2,199,0,0,60,2,6,2.8
1,26,180,8500,1,0,2,3,2,200,0,3,60,1,5,2.62
0,21,176,13387,1,1,3,3,2,232,0,1,50,1,4,4.32
0,27,176,7600,1,1,2,3,1,100,0,1,60,0,5,2.45
1,24,176,11765,1,1,2,3,2,231,0,1,0,1,3,3.8
1,26,179,11815,1,0,2,3,2,215,0,0,0,1,3,3.69
1,38,175,7500,1,1,3,3,2,100,0,0,0,1,5,2.45
1,23,184,12142,1,1,2,2,2,200,0,0,0,1,3,3.59
0,37,151,8000,1,1,2,3,2,195,0,0,0,1,2,3.51
1,19,170,8000,1,1,2,3,2,200,0,3,120,2,5,2.77
0,26,162,10503,1,1,3,3,2,255,0,0,27,1,4,4.0
0,25,166,10483,1,1,3,3,2,112,0,0,40,1,4,3.8
1,26,183,12070,1,1,2,3,2,217,0,1,0,1,3,3.6
0,41,159,6285,1,1,2,3,2,249,0,0,0,2,0,2.49
1,23,187,12165,1,1,2,2,2,278,0,1,0,1,3,3.48
0,19,166,4981,0,0,2,3,1,264,0,1,6,1,0,1.81
0,45,160,7174,0,1,2,2,2,183,0,0,0,2,5,2.8
1,26,181,12002,1,1,2,3,2,255,0,1,34,1,3,3.66
0,21,174,13384,1,1,3,3,2,274,0,1,54,1,4,4.42
1,23,171,7592,1,1,2,3,2,200,0,0,120,1,5,2.6
1,21,187,6600,1,1,2,3,2,300,0,1,0,1,1,1.89
1,21,177,8812,1,1,2,1,2,200,0,2,81,1,6,2.81
1,26,184,11333,1,1,1,3,2,236,0,0,105,1,3,3.35
1,22,181,11615,1,1,2,2,2,113,0,1,0,1,3,3.55
0,28,170,7300,0,1,3,3,1,200,0,3,0,1,5,2.53
0,21,173,7842,1,1,2,1,2,200,0,0,0,1,6,2.62
1,26,180,11905,1,1,2,3,2,273,0,0,56,1,3,3.67
0,18,180,13387,1,1,3,3,2,283,0,1,41,1,4,4.13
0,33,175,7971,1,1,2,2,2,196,0,0,0,1,5,2.6
1,34,172,8400,1,0,3,4,2,200,0,1,0,1,6,2.84
0,25,163,10492,1,1,3,3,2,261,0,0,15,1,4,3.95
1,17,179,5883,1,1,2,3,2,200,0,2,55,2,0,1.84
1,21,175,7500,1,1,2,3,1,200,0,1,60,2,1,2.45
0,19,164,5800,1,1,3,3,2,200,0,1,0,1,1,2.16
1,22,165,8000,1,1,2,3,2,200,0,2,67,2,6,2.94
0,21,165,8855,1,1,2,1,2,248,0,1,92,2,2,3.25
1,37,176,11840,1,1,2,3,2,200,0,0,75,1,3,3.82
0,26,164,11186,1,1,3,3,2,270,0,0,15,1,4,4.16
0,23,165,11333,1,1,3,3,2,250,0,0,48,1,4,4.16
1,33,172,8400,1,1,2,3,2,200,0,1,0,2,6,2.84
0,26,162,11187,1,1,3,3,2,262,0,0,8,1,4,4.26
0,23,171,5114,1,1,2,3,1,127,0,0,100,2,0,1.75
1,19,180,8700,1,1,3,1,1,300,0,3,0,1,6,2.69
1,18,172,7000,1,1,2,1,2,200,0,0,120,1,5,2.37
0,37,156,8000,1,1,2,2,2,156,0,0,0,1,2,3.29
0,20,173,4236,0,0,3,1,1,132,0,1,4,1,0,1.42
1,23,175,11837,1,1,2,3,2,217,0,0,0,1,3,3.87
0,25,164,10477,1,1,3,3,2,281,0,0,34,1,4,3.9
0,25,162,10479,1,1,3,3,2,243,0,0,35,1,4,3.99
0,18,164,8400,1,0,3,3,2,200,0,0,60,2,2,3.12
0,23,171,8472,1,1,2,3,2,264,0,2,0,2,2,2.9
0,26,164,11160,1,1,3,3,2,269,0,0,5,1,4,4.15
0,19,160,6800,1,1,3,1,1,200,0,1,120,1,5,2.66
0,18,162,6800,0,1,2,3,2,100,0,1,0,1,5,2.59
0,19,172,8200,1,1,2,1,0,100,0,3,0,1,2,2.77
0,18,171,5000,1,1,1,3,2,100,0,1,60,1,0,1.71
0,21,158,4353,0,1,2,1,1,177,0,1,0,1,0,1.74
1,31,176,11908,1,1,2,3,2,197,0,0,21,1,3,3.84
1,25,176,11323,1,1,1,3,2,215,0,1,0,1,3,3.66
1,24,179,12097,1,1,2,3,2,271,0,1,0,1,3,3.78
1,19,170,7500,0,1,3,3,2,200,0,1,60,1,5,2.6
1,21,187,8990,1,1,2,3,2,200,0,0,42,1,5,2.57
1,30,185,12407,1,1,2,3,2,215,0,1,0,1,3,3.63
0,25,158,10200,1,1,3,3,2,120,0,0,4,1,4,4.09
0,26,162,11186,1,1,3,3,2,256,0,0,15,1,4,4.26
1,18,182,10801,1,1,2,1,2,100,0,1,92,2,2,3.26
0,26,161,11194,1,1,3,3,2,255,0,0,13,1,4,4.32
1,21,178,7000,0,1,3,4,1,200,0,1,0,1,1,2.21
0,37,152,7541,1,1,2,2,2,167,0,0,60,2,2,3.26
1,19,164,5900,1,1,2,3,2,200,0,1,60,2,1,2.19
1,18,171,5092,0,1,2,3,2,133,0,0,60,1,0,1.74
0,18,150,5000,0,1,2,3,2,100,0,0,60,1,1,2.22
1,23,162,10503,1,1,2,3,2,102,0,0,30,1,2,4.0
1,19,181,8703,1,1,2,2,2,111,0,2,106,1,5,2.66
1,26,170,8000,0,1,2,3,2,200,0,0,60,1,5,2.77
1,38,176,11732,1,1,2,3,2,174,0,0,41,1,3,3.79
0,21,174,13214,1,1,3,3,2,286,0,1,55,1,4,4.36
1,19,180,8800,1,1,2,3,2,300,0,0,60,1,6,2.72
0,20,154,4189,0,1,2,1,1,100,0,0,0,1,1,1.77
1,21,175,7500,1,1,2,3,2,200,0,3,120,2,1,2.45
1,27,185,12054,1,1,2,3,2,273,0,0,80,1,3,3.52
1,25,170,8572,1,1,2,3,2,245,0,1,50,1,6,2.97
1,27,182,8710,0,1,2,1,2,297,0,2,82,1,5,2.63
0,20,174,13133,1,1,3,3,2,142,0,1,41,1,4,4.34
0,26,162,11081,1,1,3,3,2,262,0,0,34,1,4,4.22
1,18,172,5300,1,1,2,3,2,200,0,1,60,1,0,1.79
1,21,179,7800,1,1,2,1,1,200,0,1,120,0,5,2.43
0,19,171,5000,0,1,1,3,1,132,0,0,18,1,0,1.71
0,21,156,6300,1,1,3,3,1,100,0,2,0,1,1,2.59
1,22,171,7100,1,0,2,3,2,200,0,1,60,2,1,2.43
1,17,170,8500,1,0,2,3,1,200,0,1,60,1,6,2.94
1,19,175,6800,0,1,2,3,2,100,0,3,60,2,1,2.22
1,30,185,8300,1,1,3,3,1,300,1,3,0,1,5,2.43
1,31,161,10218,1,1,2,1,2,159,0,0,0,2,3,3.94
0,19,152,4200,0,0,3,1,1,100,0,1,0,1,0,1.82
1,32,171,10255,1,1,2,1,2,100,0,1,60,2,3,3.51
1,24,179,10094,1,1,2,1,2,202,0,1,0,1,3,3.15
1,22,174,8000,1,1,2,3,2,100,0,0,66,2,6,2.64
1,24,161,10061,1,1,2,1,2,100,0,0,59,1,3,3.88
1,21,170,8000,1,1,2,3,2,200,0,1,60,2,6,2.77
1,18,180,8000,1,1,2,1,2,200,0,2,60,2,5,2.47
1,22,178,7000,0,1,2,3,1,200,0,2,60,1,1,2.21
1,30,172,8300,1,1,2,3,2,200,0,2,0,1,6,2.81
0,26,155,4900,0,1,1,1,2,200,1,0,60,1,1,2.04
1,19,160,7000,0,1,2,3,3,300,0,1,0,1,5,2.73
1,18,180,10872,1,1,2,1,2,240,0,1,0,2,2,3.36
1,21,162,7000,1,1,2,3,2,300,0,1,0,1,5,2.67
1,21,171,9673,1,1,2,3,2,297,0,2,114,2,2,3.31
1,23,182,12079,1,1,2,2,2,209,0,1,44,1,3,3.65
0,25,164,11010,1,1,3,3,2,235,0,1,51,1,4,4.09
1,31,176,11837,1,1,2,3,2,231,0,0,69,1,3,3.82
0,35,166,7539,1,0,3,3,2,199,0,1,59,2,6,2.74
1,20,175,8099,1,1,2,3,2,200,0,2,0,2,6,2.64
0,21,162,6500,1,1,2,1,3,300,0,1,0,1,5,2.48
0,17,162,5900,0,1,3,3,2,200,0,2,60,1,5,2.25
0,23,160,5300,1,1,2,3,0,200,0,1,60,1,1,2.07
0,21,150,6600,0,1,3,3,2,200,0,1,0,2,1,2.93
1,21,171,7500,1,1,1,3,2,200,0,0,65,1,5,2.56
1,20,167,6000,1,1,2,3,0,200,0,0,60,2,1,2.15
0,25,162,10483,1,1,3,3,2,133,0,0,50,1,4,3.99
1,22,167,8285,1,1,2,1,2,237,0,0,116,2,2,2.97
0,26,163,11194,1,1,3,3,2,274,0,0,9,1,4,4.21
1,17,169,5960,1,1,2,4,2,200,0,2,0,2,0,2.09
0,26,165,11193,1,1,3,3,2,277,0,0,4,1,4,4.11
0,21,174,13384,1,1,3,3,2,163,0,0,23,1,4,4.42
0,26,162,11187,1,1,3,3,2,255,0,0,12,1,4,4.26
1,19,170,7863,1,0,2,3,2,254,0,0,59,1,6,2.72
1,21,175,6800,0,1,1,3,1,200,0,2,60,1,5,2.22
0,20,176,13803,1,1,3,3,2,289,0,1,53,1,4,4.46
1,26,184,11739,1,1,2,3,2,229,0,0,2,1,3,3.47
1,22,184,12168,1,1,2,2,2,175,0,0,0,1,3,3.59
1,19,180,8500,0,1,3,4,2,300,0,2,0,1,5,2.62
1,20,160,7000,0,1,2,1,2,300,0,1,0,1,5,2.73
1,18,172,5487,1,1,2,3,2,200,0,1,120,1,0,1.85
1,21,170,8099,1,1,2,3,2,200,0,2,85,2,6,2.8
0,22,163,6100,1,0,3,3,2,100,0,0,60,1,1,2.3
1,18,182,10800,1,1,1,3,2,200,0,1,120,2,2,3.26
0,26,163,11148,1,1,3,3,2,244,0,0,15,1,4,4.2
0,21,160,6700,1,1,2,1,2,200,0,1,0,2,6,2.62
0,16,156,5500,0,1,2,4,2,200,0,0,60,2,1,2.26
0,22,163,8203,1,1,1,1,2,200,0,0,120,2,2,3.09
0,26,164,11193,1,1,3,3,2,287,0,0,13,1,4,4.16
1,33,165,10339,1,1,2,2,2,100,0,1,0,2,3,3.8
0,22,152,4200,1,0,3,3,1,229,0,0,0,1,0,1.82
1,21,179,9600,1,1,2,3,0,300,0,3,0,1,6,3.0
0,20,176,4500,0,1,3,3,1,275,0,1,0,1,0,1.45
1,22,174,10525,1,1,2,3,2,181,0,0,0,1,2,3.48
0,37,156,8000,1,1,2,2,2,101,0,0,0,1,2,3.29
0,17,159,4431,0,0,3,3,1,255,1,2,0,2,0,1.75
1,18,171,5158,0,1,2,3,2,197,0,0,60,1,0,1.76
0,26,162,11158,1,1,3,3,2,260,0,0,32,1,4,4.25
0,18,181,15395,1,1,3,3,2,238,0,1,33,1,4,4.7
1,21,170,8013,1,1,2,2,2,200,0,2,55,2,6,2.77
0,21,151,6481,1,1,2,1,2,160,0,0,78,2,6,2.84
1,30,185,10000,1,1,3,3,0,100,0,0,60,0,3,2.92
0,21,163,8811,1,1,2,1,2,300,0,1,92,2,2,3.32
0,21,175,13384,1,1,3,3,2,265,0,1,56,1,4,4.37
0,21,154,6371,1,1,2,1,2,284,1,0,97,1,5,2.69
0,19,153,3910,0,1,1,3,2,100,1,2,60,1,0,1.67
1,38,177,11765,1,1,2,2,2,274,0,0,0,1,3,3.76
0,23,165,8000,1,1,2,2,2,200,0,2,84,2,6,2.94
0,23,156,5600,1,1,2,3,1,200,0,2,60,1,1,2.3
0,26,163,11188,1,1,3,3,2,263,0,0,5,1,4,4.21
0,19,170,7900,1,0,3,3,2,100,0,1,60,2,6,2.73
0,26,164,11188,1,1,3,3,2,263,0,0,15,1,4,4.16
0,34,160,9000,1,1,2,3,2,245,0,1,0,1,2,3.52
1,26,175,11811,1,1,2,3,2,222,0,0,0,1,3,3.86
1,30,186,11277,1,1,2,2,2,200,0,0,0,1,3,3.26
1,23,172,9342,1,1,2,3,2,170,0,0,60,2,2,3.16
0,21,176,13384,1,1,3,3,2,165,0,1,55,1,4,4.32
1,34,184,8400,1,1,2,3,2,300,0,2,0,2,6,2.48
0,21,160,4500,1,1,3,3,1,100,0,2,0,2,0,1.76
0,23,160,8247,1,1,2,2,2,237,0,1,53,1,2,3.22
1,22,169,9532,1,1,2,3,2,200,0,0,60,2,2,3.34
0,26,163,10525,1,1,3,3,2,262,0,0,56,1,4,3.96
0,22,158,4475,0,0,3,3,1,272,0,0,0,2,0,1.79
0,25,166,10459,1,1,3,3,2,143,0,0,54,1,4,3.8
0,19,174,5499,1,1,3,3,2,297,0,1,120,1,0,1.82
1,17,185,5893,1,1,2,3,2,200,1,2,13,2,0,1.72
0,27,158,6500,1,1,2,1,2,200,0,1,0,1,6,2.6
1,19,170,8000,1,1,2,3,2,200,0,0,120,0,5,2.77
0,17,171,5000,0,1,2,3,2,100,0,1,60,2,0,1.71
1,26,175,11163,1,1,1,3,2,204,0,0,27,1,3,3.65
1,30,179,8328,1,1,2,3,2,188,0,0,0,2,6,2.6
1,23,165,7500,1,1,2,3,2,300,0,1,118,1,5,2.75
0,33,167,7722,1,1,3,1,2,200,0,0,0,2,6,2.77
1,33,170,8398,1,1,2,2,2,276,0,1,0,2,6,2.91
1,25,177,11502,1,1,1,3,2,200,0,1,112,1,3,3.67
0,23,169,6000,1,1,3,1,1,200,0,1,0,0,5,2.1
0,18,173,5000,0,1,2,3,2,195,0,1,60,1,0,1.67
1,21,170,9000,1,1,3,3,2,200,0,3,120,2,6,3.11
1,21,169,9418,1,1,2,3,2,200,0,0,90,2,2,3.3
0,21,152,4200,0,1,2,1,1,100,0,1,0,1,1,1.82
1,18,185,5500,1,1,2,3,2,200,0,1,60,1,1,1.61
1,18,175,10872,1,1,2,1,2,215,0,1,0,2,2,3.55
0,40,156,8000,1,1,2,1,2,132,0,0,0,1,2,3.29
1,17,175,5858,1,1,2,3,2,297,0,0,84,1,0,1.91
0,21,165,9000,1,1,2,1,2,300,0,1,60,1,2,3.31
0,37,163,8000,1,1,2,2,2,277,0,1,0,1,2,3.01
1,22,187,12104,1,1,2,2,2,173,0,0,0,1,3,3.46
0,45,158,8000,1,0,3,3,2,100,0,0,0,2,6,3.2
1,32,170,10163,1,1,2,1,2,196,0,1,23,2,3,3.52
0,19,166,4983,0,1,1,3,1,104,0,2,60,1,0,1.81
0,24,164,4983,1,0,3,3,1,286,0,1,0,2,0,1.85
0,26,162,11193,1,1,3,3,2,247,0,0,27,1,4,4.26
0,18,170,5000,0,1,3,3,2,100,0,2,60,1,0,1.73
1,42,168,8600,1,1,3,1,2,100,0,0,0,2,6,3.05
1,21,182,8803,1,1,2,1,2,200,0,0,97,1,5,2.66
0,26,165,11188,1,1,3,3,2,263,0,0,9,1,4,4.11
0,21,168,7000,0,1,2,1,3,100,0,1,0,1,5,2.48
1,21,166,9844,1,1,2,2,2,200,0,0,60,2,2,3.57
0,23,159,5500,0,1,2,3,2,100,0,2,0,1,1,2.18
0,30,165,6300,1,1,2,3,2,200,0,1,0,1,1,2.31
0,18,154,4100,0,1,3,1,1,100,0,1,60,1,0,1.73
0,26,162,11193,1,1,3,3,2,262,0,0,32,1,4,4.26
1,18,179,10824,1,1,2,1,2,200,0,1,93,2,2,3.38
1,22,182,10580,1,1,2,3,2,214,0,1,120,1,2,3.19
0,33,150,5300,1,1,3,3,2,100,0,1,60,1,1,2.36
1,18,174,7000,1,1,2,3,1,200,0,2,60,1,1,2.31
1,29,182,10874,1,1,2,2,2,229,0,1,92,1,2,3.28
0,25,150,6300,0,0,2,3,2,100,0,0,0,1,5,2.8
1,30,178,12470,1,1,2,3,2,151,0,0,32,1,3,3.94
0,21,160,6714,1,1,2,3,2,200,0,1,75,1,5,2.62
1,24,174,8232,1,1,2,3,2,185,0,0,56,1,6,2.72
0,31,167,7160,1,1,2,3,2,136,0,0,60,1,5,2.57
1,20,191,6400,0,0,3,3,2,200,0,2,0,1,1,1.75
0,23,171,11413,1,1,3,3,2,270,0,0,41,1,4,3.9
0,26,164,11188,1,1,3,3,2,263,0,0,5,1,4,4.16
0,21,169,5498,0,1,2,2,1,100,0,0,0,1,0,1.93
0,21,163,6100,0,1,2,3,2,100,0,0,60,2,1,2.3
0,18,170,5600,1,1,3,3,2,200,1,2,0,1,1,1.94
0,21,162,6800,0,0,2,3,2,200,0,1,0,1,1,2.59
0,20,157,4200,0,1,2,1,1,100,0,0,0,1,0,1.7
0,26,165,11199,1,1,3,3,2,295,0,0,24,1,4,4.11
1,26,177,11239,1,1,2,3,2,254,0,0,5,1,3,3.59
0,26,164,11193,1,1,3,3,2,273,0,0,7,1,4,4.16
0,21,154,4900,1,1,2,1,0,200,0,3,0,1,1,2.07
1,23,187,12124,1,1,2,2,2,185,0,0,0,1,3,3.47
1,19,164,7888,1,0,2,3,2,200,0,2,44,2,6,2.93
0,34,169,7855,1,1,2,3,2,200,0,0,0,2,6,2.75
1,24,175,11732,1,1,1,2,2,273,0,1,37,1,3,3.83
1,19,176,7592,1,1,2,3,2,199,0,1,42,1,5,2.45
1,21,162,6886,1,1,2,3,2,140,0,0,78,1,5,2.62
1,17,171,5027,1,1,2,3,2,200,0,0,0,2,0,1.72
0,20,158,5300,0,1,2,3,2,100,1,3,120,1,5,2.12
1,17,184,6000,1,1,2,4,2,200,0,2,27,2,0,1.77
1,22,175,6600,1,1,3,3,0,200,0,1,0,2,1,2.16
0,18,171,12604,1,1,3,3,2,222,0,1,55,1,4,4.31
1,21,185,8900,1,0,3,3,2,300,0,1,60,1,5,2.6
0,18,170,5143,1,1,2,3,1,124,0,0,0,2,0,1.78
1,29,162,6900,0,1,3,3,2,100,0,0,60,1,5,2.63
0,26,165,11192,1,1,3,3,2,277,0,0,3,1,4,4.11
1,27,177,7100,1,1,3,3,2,200,0,2,0,1,1,2.27
0,17,175,5000,0,1,2,4,1,100,0,2,60,1,0,1.63
0,23,156,6000,1,1,2,1,0,300,0,1,0,2,6,2.47
0,18,163,8200,1,1,2,1,2,117,0,0,75,2,2,3.09
1,24,176,12091,1,1,2,3,2,236,0,1,46,1,3,3.9
1,18,178,10499,1,1,2,3,2,219,0,2,0,2,2,3.31
1,19,170,5000,1,1,2,3,2,200,0,1,60,2,0,1.73
1,30,175,11293,1,1,2,3,2,219,0,0,79,1,3,3.69
1,17,170,6800,1,1,2,3,2,200,0,2,60,2,5,2.35
1,20,168,6600,1,1,2,4,1,200,0,2,0,1,1,2.34
0,25,161,10291,1,1,3,3,2,148,0,0,32,1,4,3.97
1,23,160,10483,1,1,2,1,2,100,0,0,0,2,3,4.09
1,26,182,12086,1,1,2,3,2,281,0,1,10,1,3,3.65
0,55,167,8000,1,1,3,3,2,100,0,0,0,2,6,2.87
1,32,170,10154,1,1,2,1,2,100,0,0,86,2,3,3.51
0,18,173,13390,1,1,3,3,2,268,0,1,51,1,4,4.47
0,26,162,11000,1,1,3,3,2,270,0,0,19,1,4,4.19
0,25,163,10498,1,1,3,3,2,123,0,0,56,1,4,3.95
0,25,168,10291,1,1,3,3,2,142,0,0,36,1,4,3.65
0,19,170,5000,0,1,2,3,1,200,0,1,60,1,0,1.73
0,28,170,8000,1,1,2,3,2,200,0,1,60,1,6,2.77
0,21,164,8800,1,1,2,3,2,100,0,1,60,1,2,3.27
0,21,166,5800,1,1,3,3,3,200,0,1,0,1,1,2.1
0,18,176,13347,1,1,3,3,2,282,0,1,55,1,4,4.31
0,23,174,13366,1,1,3,3,2,285,0,1,46,1,4,4.41
0,25,164,10475,1,1,3,3,2,261,0,0,39,1,4,3.89
0,25,168,10492,1,1,3,3,2,151,0,0,54,1,4,3.72
1,21,170,9987,1,1,2,2,2,200,0,1,0,1,2,3.46
1,19,162,7000,0,1,2,1,3,200,0,1,0,1,5,2.67
0,18,150,5000,1,1,2,3,2,100,0,0,60,1,1,2.22
1,30,177,12020,1,1,2,3,2,211,0,0,80,1,3,3.84
1,17,184,6000,1,1,2,3,2,200,0,2,0,2,0,1.77
0,25,168,10475,1,1,3,3,2,152,0,0,57,1,4,3.71
1,21,169,8000,1,1,2,3,2,200,0,2,55,2,6,2.8
0,37,160,7600,1,1,2,1,1,200,0,1,0,2,5,2.97
0,21,172,8053,1,1,2,2,2,298,0,0,0,1,6,2.72
1,31,165,9000,1,1,2,3,0,200,0,1,0,1,2,3.31
1,21,162,7000,0,1,2,1,2,200,0,2,0,1,5,2.67
1,21,178,7800,1,1,2,1,0,200,0,1,0,0,5,2.46
0,25,162,10494,1,1,3,3,2,272,0,0,48,1,4,4.0
0,22,162,8241,1,1,2,1,2,213,0,0,96,2,2,3.14
0,26,163,11193,1,1,3,3,2,277,0,0,15,1,4,4.21
1,21,171,8000,1,1,2,2,2,200,0,2,80,2,6,2.74
1,33,175,11315,1,1,1,2,2,200,0,0,0,1,3,3.69
1,22,181,9849,1,1,2,2,2,279,0,2,0,1,2,3.01
1,25,183,6650,0,1,2,3,2,100,0,1,60,1,1,1.99
1,24,185,12168,1,1,2,2,2,231,0,0,0,1,3,3.56
1,32,169,10301,1,1,2,2,2,100,0,0,60,2,3,3.61
1,33,170,8300,1,1,3,1,2,100,0,1,0,2,6,2.87
0,40,156,8000,1,1,2,3,2,200,0,2,0,1,2,3.29
0,21,167,6600,1,1,2,3,0,200,0,0,0,2,5,2.37
0,34,168,7703,1,1,3,2,2,195,0,1,40,1,6,2.73
0,38,166,7539,1,1,2,3,2,200,0,0,84,0,5,2.74
1,31,175,12946,1,1,2,3,2,231,0,0,21,1,3,4.23
0,22,160,5300,0,1,2,3,1,100,0,0,60,2,0,2.07
0,26,162,11186,1,1,3,3,2,269,0,0,16,1,4,4.26
0,18,160,4500,0,1,3,3,2,200,1,1,60,2,0,1.76
0,21,170,5000,0,1,3,3,2,100,0,2,60,1,0,1.73
0,18,156,5200,1,1,2,3,2,100,0,1,0,1,1,2.14
0,25,164,10227,1,1,3,3,2,102,0,0,60,1,4,3.8
0,27,153,6500,0,1,2,3,2,100,0,0,0,0,5,2.78
1,23,170,8300,1,1,3,3,0,200,0,2,60,0,6,2.87
0,18,160,5500,1,1,2,3,2,200,0,2,60,1,1,2.15
1,25,179,10500,1,1,2,3,2,300,0,1,0,2,2,3.28
1,18,178,10800,1,1,2,1,2,200,0,1,60,2,2,3.41
1,25,181,11448,1,1,2,3,2,213,0,1,3,2,3,3.49
0,25,162,10498,1,1,3,3,2,255,0,0,34,1,4,4.0
1,21,171,7500,1,0,2,3,2,200,0,0,120,1,5,2.56
0,23,154,4200,0,1,3,1,1,100,0,2,0,1,0,1.77
1,18,175,5200,1,1,2,3,1,200,0,1,60,0,0,1.7
0,47,169,8191,1,1,2,1,2,114,0,0,56,2,5,2.87
0,19,160,4500,0,0,3,3,1,100,0,3,0,1,0,1.76
0,26,165,11194,1,1,3,3,2,270,0,0,7,1,4,4.11
0,23,167,6000,0,0,3,3,2,200,0,1,0,2,1,2.15
0,37,155,7800,1,1,2,1,2,200,0,0,0,1,2,3.25
0,16,167,6410,1,1,2,3,2,200,0,0,85,1,0,2.3
1,23,167,6700,1,0,2,3,2,200,0,0,60,1,1,2.4
0,40,155,7958,1,1,2,3,2,100,0,0,0,1,2,3.31
1,34,185,8853,1,1,2,1,2,213,0,2,0,1,5,2.59
0,23,166,11345,1,1,3,3,2,247,0,0,46,1,4,4.12
1,17,170,8300,1,0,2,3,2,200,0,1,60,2,6,2.87
0,23,170,7800,0,1,3,3,2,200,0,0,120,2,6,2.7
1,37,170,8000,1,1,2,2,2,197,0,1,0,2,6,2.77
0,21,172,13152,1,1,3,3,2,172,0,1,56,1,4,4.45
0,20,171,5000,1,1,2,3,1,200,0,0,60,1,0,1.71
1,18,174,8000,1,1,2,1,2,200,0,0,0,1,5,2.64
0,19,160,4500,0,1,3,3,1,200,1,2,0,1,0,1.76
0,21,172,7200,1,1,3,3,0,100,0,1,60,2,1,2.43
1,25,176,11508,1,1,1,3,2,300,0,1,31,1,3,3.72
0,19,157,3910,0,1,1,3,2,199,0,2,60,1,0,1.59
1,31,191,12372,1,1,2,2,2,189,0,1,0,1,3,3.39
0,21,174,13378,1,1,3,3,2,286,0,1,53,1,4,4.42
1,17,180,5000,0,1,2,4,1,100,0,2,60,1,0,1.54
1,18,170,5000,0,1,1,3,1,100,0,1,60,1,0,1.73
0,21,160,4500,0,0,3,3,1,200,0,2,0,2,0,1.76
0,37,166,8000,1,1,2,3,2,165,0,0,0,2,3,2.9
1,20,171,8500,1,1,2,2,2,200,0,1,116,1,6,2.91
1,22,174,9687,1,1,2,2,2,271,0,2,0,2,2,3.2
0,21,156,5200,1,1,3,3,1,200,0,1,120,1,1,2.14
0,26,161,10542,1,1,3,3,2,261,0,0,33,1,4,4.07
1,21,170,7500,1,1,2,3,1,200,0,2,60,1,5,2.6
1,19,170,7900,1,1,2,3,2,300,0,1,120,1,5,2.73
1,30,190,12901,1,1,2,3,2,211,0,1,0,1,3,3.57
0,26,163,11186,1,1,3,3,2,261,0,0,32,1,4,4.21
0,26,162,11194,1,1,3,3,2,262,0,0,23,1,4,4.27
0,20,167,6600,0,1,3,3,1,300,0,3,60,2,1,2.37
0,21,174,9866,1,1,2,2,2,200,0,1,116,2,2,3.26
1,24,184,12173,1,1,3,3,2,115,0,1,28,1,3,3.6
1,26,176,12091,1,1,2,3,2,236,0,1,44,1,3,3.9
0,22,166,7500,1,1,2,3,2,217,0,0,90,1,5,2.72
1,25,175,11823,1,1,1,3,2,200,0,1,40,1,3,3.86
1,30,176,12008,1,1,2,3,2,217,0,1,71,1,3,3.88
1,34,175,7500,1,1,3,3,2,200,0,2,0,1,1,2.45
0,16,160,6500,0,1,3,3,2,100,1,0,60,1,5,2.54
0,21,160,6600,1,1,2,3,2,200,0,3,0,1,5,2.58
0,22,160,8260,1,1,2,1,2,300,0,0,79,1,2,3.23
1,21,180,6600,1,1,3,3,0,100,0,0,60,1,1,2.04
0,25,171,11490,1,1,3,3,2,221,0,0,46,1,4,3.93
1,55,170,8000,1,1,3,3,2,200,0,0,0,1,6,2.77
0,19,159,4458,0,1,2,1,1,100,0,0,0,1,0,1.76
1,23,177,11820,1,1,2,2,2,210,0,0,0,1,3,3.77
1,21,175,8000,0,1,2,1,2,300,0,2,0,1,5,2.61
0,22,157,8191,1,1,2,2,2,191,0,0,110,2,2,3.32
0,37,155,8000,1,1,2,3,2,200,0,0,0,1,2,3.33
0,21,163,5300,0,1,2,3,2,100,0,1,60,1,1,1.99
0,19,162,5900,1,0,2,3,2,200,0,1,0,1,1,2.25
1,23,178,7500,1,1,2,3,1,100,0,1,60,0,5,2.37
1,24,171,8319,1,1,2,2,2,271,0,0,44,1,6,2.84
1,18,172,8000,1,1,2,3,2,200,0,2,60,0,6,2.7
1,18,172,5145,1,1,2,3,2,143,0,0,118,1,0,1.74
0,19,160,4500,0,1,3,3,1,200,1,1,0,2,0,1.76
1,25,176,11542,1,1,2,3,2,214,0,1,0,1,3,3.73
1,27,170,7800,1,0,3,3,2,200,0,1,0,0,6,2.7
0,16,160,4500,0,0,3,3,2,200,1,1,0,2,0,1.76
0,18,158,4145,0,1,2,1,2,100,0,0,92,1,0,1.66
0,22,160,6500,1,1,2,2,2,174,0,0,0,1,5,2.54
0,22,163,8245,1,1,2,1,2,200,0,1,0,2,2,3.1
1,18,168,7000,0,1,2,3,2,200,0,1,60,1,1,2.48
1,21,169,7581,1,1,2,3,2,242,0,1,33,1,5,2.65
0,21,152,6126,0,1,2,3,3,108,0,0,0,1,5,2.65
1,23,178,11908,1,1,1,2,2,203,0,1,51,1,3,3.76
1,31,183,12260,1,1,2,3,2,117,0,0,0,1,3,3.66
0,21,158,6800,1,1,2,1,2,100,0,1,120,1,1,2.72
0,19,159,6332,1,0,2,1,2,191,0,1,16,2,6,2.5
0,20,163,7700,1,0,3,3,2,200,0,2,60,2,1,2.9
1,22,179,11528,1,1,2,2,2,251,0,1,0,1,3,3.6
0,25,168,11064,1,1,3,3,2,241,0,0,37,1,4,3.92
0,18,165,8563,1,1,2,3,2,209,0,0,0,2,2,3.15
1,25,186,11856,1,1,1,3,2,211,0,1,21,1,3,3.43
1,18,162,6800,0,1,1,1,2,200,0,1,60,1,5,2.59
0,36,166,8331,1,1,2,3,2,208,0,1,0,1,2,3.02
0,26,164,11182,1,1,3,3,2,276,0,0,8,1,4,4.16
0,21,171,13098,1,1,3,3,2,181,0,1,51,1,4,4.48
0,23,183,10502,1,1,2,1,2,200,0,1,80,1,2,3.14
1,23,183,10569,1,1,2,3,2,198,0,0,79,1,2,3.16
0,25,164,10496,1,1,3,3,2,131,0,0,54,1,4,3.9
0,21,162,6800,0,1,2,1,3,200,0,1,0,1,5,2.59
1,30,180,6400,0,1,3,3,2,100,0,0,120,1,1,1.98
1,17,178,8500,1,1,2,3,2,192,0,0,58,1,6,2.68
1,21,174,8000,1,1,2,3,2,200,0,2,60,2,5,2.64
0,26,164,11195,1,1,3,3,2,277,0,0,5,1,4,4.16
1,55,175,8000,1,1,2,3,2,200,0,2,0,2,6,2.61
0,21,173,13366,1,1,3,3,2,174,0,1,54,1,4,4.47
1,33,170,8500,1,1,2,3,2,200,0,1,0,1,6,2.94
0,18,180,14029,1,1,3,3,2,282,0,1,47,1,4,4.33
1,31,176,12541,1,1,2,3,2,149,0,0,43,1,3,4.05
1,22,165,9409,1,1,2,3,2,200,0,0,76,2,2,3.46
1,31,187,12811,1,1,2,3,2,216,0,0,84,1,3,3.66
0,21,154,5000,1,0,3,4,1,100,0,0,0,2,1,2.11
1,39,174,9959,1,1,2,1,2,219,0,2,0,1,6,3.29
0,22,160,6500,1,1,2,3,2,200,1,1,120,1,5,2.54
1,23,169,9857,1,1,2,2,2,262,0,2,108,2,2,3.45
0,22,173,13294,1,1,3,3,2,285,0,1,34,1,4,4.44
0,16,178,4500,0,1,3,3,2,216,0,2,49,1,0,1.42
0,32,165,6500,1,0,2,3,2,200,0,1,120,1,1,2.39
1,34,175,10000,1,1,2,1,2,200,0,2,0,2,3,3.27
0,19,152,4200,0,1,3,1,1,181,0,0,51,1,0,1.82
1,25,175,11224,1,1,1,3,2,202,0,1,0,1,3,3.66
0,18,165,9300,1,1,2,3,3,100,0,3,60,1,2,3.42
1,33,183,9781,1,1,2,3,2,200,0,1,0,1,6,2.92
0,20,156,5100,1,1,3,3,2,200,0,1,60,1,1,2.1
0,19,160,4500,0,1,1,3,1,137,0,1,0,1,0,1.76
1,18,175,10893,1,1,2,3,2,217,0,1,18,2,2,3.56
1,23,170,7500,1,1,2,3,2,163,0,0,27,1,5,2.6
0,26,163,11188,1,1,3,3,2,261,0,0,22,1,4,4.21
0,26,162,10504,1,1,3,3,2,272,0,0,24,1,4,4.0
1,33,169,8378,1,1,2,2,2,197,0,1,0,2,6,2.93
0,21,163,4200,0,1,3,1,1,100,0,0,0,2,0,1.58
1,55,170,8500,1,1,3,3,2,200,0,1,0,0,6,2.94
0,22,163,7043,1,0,2,1,2,191,0,0,86,2,6,2.65
0,21,174,7866,1,1,3,2,2,177,0,1,0,1,5,2.6
1,25,184,11739,1,1,2,3,2,243,0,1,1,1,3,3.47
1,23,172,7000,1,1,2,3,2,100,0,2,60,1,1,2.37
1,30,175,11200,1,1,1,3,2,200,0,0,20,1,3,3.66
1,22,178,10537,1,1,2,1,2,225,0,0,75,1,2,3.33
1,23,185,12182,1,1,2,2,2,193,0,0,0,1,3,3.56
0,21,160,6200,1,1,3,3,2,100,0,1,0,1,1,2.42
0,25,168,10495,1,1,3,3,2,111,0,0,34,1,4,3.72
0,22,171,5189,1,1,1,3,1,200,0,2,93,2,0,1.77
0,25,162,10503,1,1,3,3,2,135,0,0,26,1,4,4.0
1,31,183,9149,1,1,2,1,2,103,0,0,58,1,6,2.73
0,18,159,4500,0,1,3,3,1,200,0,2,0,2,0,1.78
0,39,165,8500,1,1,2,3,2,167,0,2,0,2,2,3.12
1,19,170,8600,1,1,2,3,2,300,0,2,60,2,5,2.98
1,23,171,8191,1,1,2,1,2,132,0,0,60,1,6,2.8
0,19,157,5000,1,1,2,3,2,200,0,0,0,1,1,2.03
0,39,160,8000,1,1,2,3,2,300,0,0,0,1,2,3.12
0,17,153,4500,0,1,3,3,2,200,1,3,60,1,0,1.92
0,35,167,7391,1,0,3,2,2,162,0,0,0,1,5,2.65
1,28,177,11315,1,1,1,3,2,203,0,0,75,1,3,3.61
1,21,165,9479,1,0,2,3,2,194,0,1,60,1,2,3.48
1,20,170,8000,1,0,3,3,2,300,0,2,60,1,6,2.77
1,17,183,9702,1,1,2,3,2,300,0,1,53,1,6,2.9
0,18,162,8200,1,1,2,1,2,287,0,1,0,2,2,3.12
0,26,162,11181,1,1,3,3,2,255,0,0,13,1,4,4.26
0,26,163,11188,1,1,3,3,2,267,0,0,5,1,4,4.21
0,32,169,7200,1,1,2,3,2,200,0,2,60,1,5,2.52
0,21,165,7000,0,1,2,1,3,300,0,1,0,2,5,2.57
0,21,160,4500,0,1,2,3,2,200,0,1,0,2,0,1.76
1,18,185,7600,1,1,3,4,1,200,0,2,60,0,1,2.22
0,27,158,6300,1,0,2,3,2,100,0,1,0,1,6,2.52
0,20,161,5600,0,1,3,3,2,100,0,2,0,2,1,2.16
1,24,170,7800,1,0,2,3,2,200,0,3,60,2,6,2.7
1,23,171,7500,1,1,2,3,1,100,0,1,120,0,5,2.56
1,27,173,11908,1,1,2,3,2,200,0,1,0,1,3,3.98
1,34,172,8310,1,1,2,2,2,217,0,0,0,2,6,2.81
1,55,170,8000,0,1,2,3,2,300,0,3,0,1,6,2.77
1,18,174,5300,0,1,2,3,1,100,0,1,60,1,1,1.75
1,20,178,10458,1,1,2,1,2,200,0,1,0,2,2,3.3
1,18,182,10841,1,1,2,3,2,200,0,1,10,1,2,3.27
0,26,162,11191,1,1,3,3,2,244,0,0,5,1,4,4.26
1,24,179,12091,1,1,2,2,2,236,0,1,3,1,3,3.77
0,20,184,13211,1,1,3,3,2,142,0,1,42,1,4,3.9
1,18,170,6800,1,1,2,3,2,200,0,1,0,2,1,2.35
0,18,156,8000,1,1,2,1,2,200,0,1,120,2,2,3.29
1,22,170,8500,1,1,2,3,2,179,0,0,10,2,2,2.94
0,26,164,11082,1,1,3,3,2,245,0,1,55,1,4,4.12
1,22,186,12152,1,1,2,2,2,281,0,0,0,1,3,3.51
1,18,172,7000,1,1,3,3,2,200,0,1,0,1,1,2.37
0,23,167,8200,1,1,1,1,2,200,0,0,60,2,2,2.94
0,18,170,5000,0,1,1,3,2,200,0,1,60,1,1,1.73
0,21,165,8038,1,1,2,1,2,200,0,2,60,2,6,2.95
0,21,161,6300,1,1,3,3,1,200,0,1,0,1,1,2.43
1,33,170,9700,1,1,2,3,0,200,0,3,0,0,2,3.36
0,26,156,4700,1,1,2,3,1,200,0,0,0,1,1,1.93
0,21,159,4230,1,1,3,3,1,100,0,1,0,1,0,1.67
0,25,163,10479,1,1,3,3,2,256,0,0,34,1,4,3.94
0,23,155,4299,0,0,3,3,2,195,0,0,0,2,0,1.79
0,21,165,6600,1,1,3,1,2,300,0,1,0,1,5,2.42
0,23,173,13290,1,1,3,3,2,286,0,1,44,1,4,4.44
1,25,177,11616,1,1,1,3,2,200,0,1,37,1,3,3.71
1,22,176,12098,1,1,2,3,2,179,0,1,28,1,3,3.91
0,18,180,9700,0,1,3,4,1,200,0,2,60,1,2,2.99
0,21,181,14255,1,1,3,3,2,265,0,1,50,1,4,4.35
0,37,163,8000,1,1,2,1,2,131,0,0,0,1,2,3.01
1,17,180,5000,0,1,2,4,1,200,0,1,120,1,0,1.54
1,18,186,4500,0,1,3,3,2,300,0,3,120,1,0,1.3
0,26,164,11196,1,1,3,3,2,277,0,0,9,1,4,4.16
1,21,165,8000,1,1,2,1,2,200,0,0,60,1,6,2.94
1,21,180,8800,1,1,2,1,0,300,0,1,0,1,5,2.72
1,25,183,12099,1,1,3,3,2,300,0,1,23,1,3,3.61
1,26,175,11200,1,0,2,3,2,300,0,0,60,0,3,3.66
1,25,176,11757,1,1,1,2,2,215,0,1,19,1,3,3.8
1,23,186,11616,1,1,1,3,2,200,0,0,60,1,3,3.36
1,29,190,12985,1,1,2,3,2,133,0,1,0,1,3,3.6
1,33,168,10303,1,1,2,1,2,100,0,1,0,2,3,3.65
1,31,175,11838,1,1,2,3,2,209,0,0,0,1,3,3.87
0,18,165,9000,1,1,2,3,2,270,0,1,0,1,2,3.31
0,22,172,13104,1,1,3,3,2,142,0,1,53,1,4,4.43
0,23,160,5100,0,0,3,3,2,200,0,3,60,1,1,1.99
1,17,170,8500,1,1,2,3,1,200,0,1,60,1,6,2.94
1,38,175,11739,1,1,2,2,2,188,0,1,0,1,3,3.83
0,26,164,11181,1,1,3,3,2,283,0,0,6,1,4,4.16
1,23,175,11920,1,1,2,3,2,200,0,0,86,1,3,3.89
1,18,171,5089,0,1,1,3,2,100,0,0,60,1,0,1.74
1,24,187,12002,1,1,2,3,2,216,0,1,40,1,3,3.43
0,20,179,15314,1,1,3,3,2,237,0,0,55,1,4,4.78
0,26,173,11123,1,1,3,3,2,268,0,0,6,1,4,3.72
0,19,163,5500,1,0,3,3,0,300,0,2,60,2,1,2.07
1,24,176,11240,1,1,1,3,2,200,0,0,93,1,3,3.63
1,25,183,11784,1,1,2,2,2,201,0,1,2,1,3,3.52
0,38,155,7713,1,1,2,3,2,185,0,0,0,1,2,3.21
1,18,174,7200,1,0,2,3,1,200,0,1,60,1,1,2.38
0,18,160,8232,1,1,2,3,2,100,0,1,0,2,2,3.22
0,20,165,6400,1,1,3,3,2,200,0,2,60,1,1,2.35
0,19,174,13374,1,1,3,3,2,284,0,1,42,1,4,4.42
1,18,178,7200,1,1,2,3,2,200,0,1,60,2,1,2.27
1,20,172,7200,1,1,2,3,2,300,0,2,60,2,1,2.43
1,20,180,7500,1,0,3,3,2,200,0,1,0,1,1,2.31
0,18,180,14179,1,1,3,3,2,232,0,1,50,1,4,4.38
1,19,176,5569,1,1,2,4,2,215,0,2,0,2,0,1.8
0,25,174,10503,1,1,3,3,2,182,0,0,27,1,4,3.47
0,26,162,11193,1,1,3,3,2,277,0,0,16,1,4,4.26
0,21,171,13395,1,1,3,3,2,282,0,1,55,1,4,4.58
1,19,176,5700,1,1,2,4,1,200,0,2,60,2,0,1.84
1,23,169,8000,1,1,2,1,2,200,0,1,69,1,6,2.8
0,25,167,10459,1,1,3,3,2,149,0,0,43,1,4,3.75
0,18,163,5000,1,1,3,1,2,100,0,1,60,1,1,1.88
0,18,170,5000,1,1,2,3,2,107,0,0,60,0,0,1.73
1,17,180,9500,1,1,2,3,2,200,0,1,60,1,6,2.93
0,26,164,11194,1,1,3,3,2,272,0,0,9,1,4,4.16
0,21,152,4200,0,0,3,1,1,153,0,0,0,1,0,1.82
1,21,170,7800,1,1,2,1,2,200,0,1,0,2,6,2.7
1,19,181,8710,1,1,2,3,2,200,0,2,60,1,5,2.66
0,20,164,6640,1,1,2,3,2,265,0,1,95,1,5,2.47
0,26,164,11193,1,1,3,3,2,262,0,0,8,1,4,4.16
0,18,165,6000,1,1,3,3,2,200,0,0,60,1,1,2.2
1,19,174,7500,1,1,2,3,1,100,0,1,120,1,1,2.48
1,18,172,5251,1,1,2,3,2,200,0,0,113,1,0,1.77
0,55,170,7800,0,1,3,3,2,200,0,0,0,2,6,2.7
0,18,160,5800,1,1,3,3,2,100,0,1,0,2,1,2.27
1,21,165,10558,1,1,2,3,2,100,0,0,0,1,3,3.88
0,26,162,11091,1,1,3,3,2,272,0,0,7,1,4,4.23
1,20,182,9308,1,1,2,3,2,100,0,0,84,2,2,2.81
1,39,178,10148,1,1,2,1,2,269,0,2,0,1,2,3.2
1,21,162,6885,0,1,1,3,2,242,0,1,0,1,5,2.62
0,19,158,4464,0,0,2,2,1,264,1,0,33,1,0,1.79
0,25,164,10489,1,1,3,3,2,102,0,0,3,1,4,3.9
1,22,179,9919,1,1,2,1,2,200,0,2,97,2,2,3.1
0,20,177,13814,1,1,3,3,2,274,0,0,47,1,4,4.41
0,26,162,11007,1,1,3,3,2,255,0,0,26,1,4,4.19
0,23,171,8419,1,1,2,2,2,251,0,2,1,1,6,2.88
0,22,171,5112,1,1,2,3,2,165,0,2,0,2,0,1.75
0,24,165,11390,1,1,3,3,2,247,0,0,39,1,4,4.18
0,21,155,5800,1,1,2,1,2,100,0,0,0,1,1,2.41
1,22,176,9600,1,1,2,3,2,300,0,2,60,2,2,3.1
0,23,173,8378,1,1,2,2,2,277,0,2,0,2,2,2.8
0,20,171,13140,1,1,3,3,2,171,0,1,54,1,4,4.49
0,26,164,11194,1,1,3,3,2,273,0,0,6,1,4,4.16
0,26,163,11194,1,1,3,3,2,273,0,0,10,1,4,4.21
0,21,168,6000,0,1,2,4,1,300,0,0,0,2,1,2.13
0,22,167,12120,1,1,3,3,2,270,0,1,49,1,4,4.35
1,23,175,9500,1,1,2,4,2,200,0,2,0,1,2,3.1
1,21,166,6200,1,1,2,1,0,200,0,1,0,1,1,2.25
0,19,157,4200,0,1,3,1,1,163,0,0,0,2,0,1.7
0,33,168,8300,1,1,2,1,2,167,0,1,0,2,6,2.94
1,24,175,12002,1,1,2,2,2,297,0,1,51,1,3,3.92
0,25,163,10479,1,1,3,3,2,100,0,0,35,1,4,3.94
1,22,181,9361,1,1,1,2,2,100,0,0,60,1,6,2.86
1,18,175,7500,1,1,2,3,1,100,0,1,60,1,1,2.45
0,25,163,10993,1,1,3,3,2,104,0,0,24,1,4,4.14
1,21,171,7537,1,1,2,3,2,200,0,0,0,1,5,2.58
0,25,164,10496,1,1,3,3,2,143,0,0,43,1,4,3.9
1,26,179,8258,1,1,2,3,2,219,0,0,114,1,6,2.58
0,25,161,10998,1,1,3,3,2,285,0,0,32,1,4,4.24
1,33,180,9100,1,1,2,3,2,200,0,2,0,1,6,2.81
0,25,168,10482,1,1,3,3,2,122,0,0,12,1,4,3.71
1,19,178,6400,0,1,2,3,0,100,0,1,60,1,1,2.02
1,37,167,8000,1,1,2,3,2,200,0,0,73,2,6,2.87
1,23,170,6500,0,1,2,3,2,300,0,1,0,2,1,2.25
0,26,163,11193,1,1,3,3,2,263,0,0,14,1,4,4.21
1,26,181,11908,1,1,1,3,2,241,0,1,16,1,3,3.63
1,37,174,12042,1,1,2,3,2,184,0,0,40,2,3,3.98
1,18,170,8600,1,1,2,3,2,200,0,1,60,1,6,2.98
0,20,181,15314,1,1,3,3,2,274,0,1,46,1,4,4.67
0,18,174,13380,1,1,3,3,2,283,0,1,55,1,4,4.42
1,27,185,8700,1,1,2,3,0,200,0,3,120,0,1,2.54
1,19,181,8786,1,1,2,3,2,296,0,1,54,1,5,2.68
0,19,155,5000,0,0,1,4,1,200,1,3,60,1,0,2.08
1,17,185,5925,1,1,2,4,2,274,0,2,8,2,0,1.73
1,30,176,11315,1,1,3,3,2,215,0,1,0,1,3,3.65
1,19,182,8500,1,1,2,3,2,297,0,2,113,2,2,2.57
0,25,162,10503,1,1,3,3,2,106,0,0,45,1,4,4.0
0,21,165,13380,1,1,3,3,2,282,0,1,54,1,4,4.91
0,19,160,4500,0,1,3,3,2,100,0,1,60,0,1,1.76
0,19,169,4981,0,1,2,3,2,197,0,2,60,1,0,1.74
0,26,156,5200,0,1,3,3,2,200,0,1,60,2,1,2.14
0,21,170,8074,1,1,2,1,2,300,0,1,92,1,6,2.79
0,18,165,5500,1,1,3,3,2,200,0,1,60,1,1,2.02
1,19,170,8693,1,1,2,4,2,206,0,2,0,2,2,3.01
1,18,172,5113,1,1,3,3,2,162,0,1,60,1,0,1.73
1,22,180,8700,1,0,2,3,2,200,0,3,0,1,5,2.69
0,20,174,12866,1,1,3,3,2,279,0,0,49,1,4,4.25
0,19,165,6800,1,1,2,3,2,200,0,1,60,1,5,2.5
0,19,160,4500,0,1,2,3,1,200,1,2,60,2,0,1.76
1,30,178,12099,1,1,2,3,2,204,0,1,28,1,3,3.82
1,23,172,10700,1,0,3,3,2,200,0,2,0,2,2,3.62
0,16,161,6714,0,1,1,3,2,200,1,2,60,1,5,2.59
1,30,176,11135,1,1,1,3,2,128,0,0,0,2,3,3.59
1,14,172,7100,1,1,3,3,1,300,0,3,60,2,1,2.4
0,26,160,11021,1,1,3,3,2,269,0,0,27,1,4,4.31
0,21,173,7843,1,1,1,1,2,200,0,0,76,1,6,2.62
0,22,164,5483,1,1,3,3,1,265,0,0,7,2,0,2.04
1,32,170,10358,1,1,2,2,2,100,0,1,0,2,3,3.58
1,30,184,11840,1,1,2,2,2,102,0,1,0,1,3,3.5
0,21,162,7481,1,1,2,1,2,100,0,1,0,1,5,2.85
1,21,171,7500,1,1,2,3,1,100,0,1,60,1,5,2.56
1,18,171,5114,1,1,1,3,2,149,0,2,113,1,0,1.75
1,23,182,12128,1,1,2,2,2,268,0,1,0,1,3,3.66
1,28,185,11943,1,1,2,3,2,201,0,1,10,1,3,3.49
1,23,163,5300,1,1,2,3,2,200,0,1,120,1,1,1.99
0,20,165,5800,1,1,3,4,1,200,0,1,60,2,1,2.13
0,23,158,5900,1,1,2,3,2,200,0,0,60,1,1,2.36
0,22,170,7800,1,1,2,3,1,200,0,2,60,1,6,2.7
0,23,170,5000,1,1,2,3,1,100,0,2,120,2,0,1.73
1,34,166,10200,1,1,2,2,2,100,0,1,0,2,3,3.7
1,17,170,8500,0,1,2,3,2,200,0,1,60,1,6,2.94
0,38,150,6000,0,1,2,3,2,200,0,0,0,1,5,2.67
0,20,160,6500,0,1,2,1,2,100,0,1,0,1,5,2.54
0,24,156,5800,0,0,2,3,2,100,0,0,0,2,1,2.38
1,25,185,11739,1,1,2,3,2,238,0,1,17,1,3,3.43
0,25,160,6000,1,1,2,4,0,200,0,2,0,2,1,2.34
1,36,176,11911,1,1,2,3,2,214,0,0,0,1,3,3.85
0,26,161,11193,1,1,3,3,2,260,0,0,13,1,4,4.32
1,29,175,11201,1,1,1,3,2,202,0,0,6,1,3,3.66
1,20,178,10287,1,1,2,3,2,265,0,2,60,1,2,3.25
1,21,183,9500,1,1,2,2,2,200,0,1,104,1,6,2.84
0,25,159,10496,1,1,3,3,2,254,0,0,28,1,4,4.15
0,18,170,5016,1,1,2,3,2,100,0,0,60,1,0,1.74
0,20,180,15237,1,1,3,3,2,230,0,0,55,1,4,4.7
0,26,162,11186,1,1,3,3,2,247,0,0,48,1,4,4.26
0,37,156,7612,1,1,2,3,2,156,0,0,0,1,2,3.13
0,26,164,11097,1,1,3,3,2,264,0,0,22,1,4,4.13
0,26,162,11081,1,1,3,3,2,270,0,0,55,1,4,4.22
0,25,166,10470,1,1,3,3,2,142,0,0,49,1,4,3.8
0,25,166,10998,1,1,3,3,2,221,0,0,24,1,4,3.99
0,26,163,11182,1,1,3,3,2,255,0,0,24,1,4,4.21
0,18,176,11377,1,1,2,3,2,229,0,1,95,1,2,3.67
1,24,182,12086,1,1,2,3,2,282,0,1,0,1,3,3.65
0,21,162,7000,1,1,2,1,0,300,0,1,0,2,5,2.67
0,20,171,13140,1,1,3,3,2,172,0,1,54,1,4,4.49
0,18,166,12679,1,1,3,3,2,114,0,1,43,1,4,4.6
1,26,178,11287,1,1,1,3,2,215,0,0,33,1,3,3.56
0,19,175,7803,1,1,2,3,2,174,0,0,51,1,5,2.55
0,41,165,7910,1,1,3,2,2,289,0,1,42,1,6,2.91
0,18,156,4170,0,1,2,1,2,100,0,0,60,1,0,1.71
1,31,170,10278,1,1,2,2,2,100,0,1,0,1,3,3.56
0,19,162,4500,1,0,3,3,1,200,1,0,0,2,0,1.71
1,18,171,7100,0,1,3,3,2,200,0,2,60,1,1,2.43
0,21,178,13651,1,1,3,3,2,256,0,1,55,1,4,4.31
1,21,173,7879,1,1,2,1,2,200,0,2,0,1,6,2.63
0,21,148,6290,1,0,2,2,2,185,0,0,56,2,6,2.87
0,27,178,7888,1,1,2,3,2,200,0,2,111,0,6,2.49
1,23,182,12120,1,1,2,2,2,134,0,0,0,1,3,3.66
1,25,175,11323,1,1,1,3,2,200,0,1,0,1,3,3.7
1,18,172,7100,0,1,2,3,1,200,0,2,0,2,1,2.4
1,27,181,11908,1,1,2,2,2,235,0,0,0,1,3,3.63
0,21,170,13525,1,1,3,3,2,141,0,1,49,1,4,4.68
1,20,177,5206,1,1,1,3,2,200,0,0,60,2,0,1.66
1,17,176,9986,1,1,2,1,2,200,0,0,60,2,6,3.22
1,23,162,8300,1,1,2,3,1,100,0,1,60,2,6,3.16
1,26,184,11826,1,1,2,2,2,214,0,0,0,1,3,3.49
0,26,162,11182,1,1,3,3,2,270,0,0,34,1,4,4.26
0,20,175,5487,1,1,3,3,1,200,0,1,120,2,0,1.79
0,23,165,7500,1,0,2,3,2,200,0,3,0,1,5,2.75
0,23,160,5500,1,1,2,3,0,200,0,0,60,2,1,2.15
0,21,166,12152,1,1,3,3,2,195,0,1,19,1,4,4.41
0,26,163,11194,1,1,3,3,2,271,0,0,32,1,4,4.21
1,23,174,10500,1,1,2,3,0,300,0,0,120,1,2,3.47
1,25,182,10748,1,1,2,1,2,203,0,1,0,1,2,3.24
1,25,175,11738,1,1,2,3,2,210,0,1,0,1,3,3.83
0,18,158,5300,0,1,2,3,2,100,0,1,60,1,1,2.12
1,34,177,7943,1,1,2,1,2,300,0,1,0,0,5,2.54
0,16,175,5000,1,1,2,3,2,183,0,1,60,1,0,1.63
1,24,177,12120,1,1,2,2,2,230,0,1,21,1,3,3.87
1,22,167,6700,1,1,2,3,2,300,0,1,120,2,5,2.4
0,22,157,4391,0,0,3,1,2,100,1,0,2,2,0,1.78
0,21,174,13387,1,1,3,3,2,282,0,1,55,1,4,4.42
1,21,160,6500,1,1,3,3,2,200,0,1,60,1,6,2.54
1,18,171,5228,0,1,2,1,2,100,0,0,118,1,0,1.79
1,18,162,7000,0,1,2,1,3,300,0,1,0,1,5,2.67
1,26,182,10301,1,1,2,1,2,100,0,0,0,2,3,3.11
0,26,164,11181,1,1,3,3,2,255,0,0,12,1,4,4.16
0,24,165,6000,0,1,3,3,2,200,0,0,0,1,1,2.2
0,26,164,11181,1,1,3,3,2,277,0,0,30,1,4,4.16
0,21,172,13385,1,1,3,3,2,272,0,1,54,1,4,4.52
1,21,175,7500,0,1,2,3,1,200,0,2,60,1,1,2.45
1,17,170,8300,0,1,3,3,2,300,0,3,60,2,6,2.87
1,21,170,7505,1,1,2,3,2,145,0,0,5,1,5,2.6
1,24,175,8400,1,1,2,3,2,300,0,2,120,2,2,2.74
1,20,185,4500,0,1,3,3,0,100,0,1,0,2,0,1.31
0,23,152,4200,1,1,3,1,1,100,0,0,0,1,0,1.82
1,30,184,9331,1,1,2,2,2,100,0,1,60,1,6,2.76
0,18,170,5000,0,1,1,3,2,100,0,2,60,1,0,1.73
0,20,160,6800,0,1,3,3,2,200,0,1,0,1,5,2.66
1,22,184,12109,1,1,2,3,2,159,0,1,0,1,3,3.58
1,17,179,5500,1,1,2,3,2,200,0,2,60,2,0,1.72
1,33,164,10397,1,1,2,2,2,100,0,2,0,2,2,3.87
1,23,165,8500,1,1,2,3,2,299,0,2,0,2,6,3.12
1,24,176,12087,1,1,2,3,2,297,0,1,21,1,3,3.9
0,22,161,8200,1,1,1,3,2,200,0,0,84,1,2,3.16
1,22,170,8000,1,1,2,3,1,200,0,1,60,2,6,2.77
0,25,164,10499,1,1,3,3,2,292,0,0,27,1,4,3.9
1,24,177,12070,1,1,2,3,2,214,0,0,21,1,3,3.85
1,18,178,6400,1,1,2,3,1,200,0,1,120,1,1,2.02
1,33,173,8445,1,1,2,3,2,260,0,0,59,2,6,2.82
1,21,181,10580,1,1,2,3,2,297,0,2,95,2,2,3.23
1,30,160,10000,1,1,2,2,2,100,0,1,85,1,3,3.91
1,22,173,9603,1,1,2,2,2,265,0,0,120,2,2,3.21
1,26,176,11757,1,1,2,3,2,297,0,1,0,2,3,3.8
0,21,170,5000,1,1,2,3,1,102,0,0,60,1,0,1.73
1,26,182,12039,1,1,2,3,2,271,0,0,56,1,3,3.63
1,27,176,11228,1,1,1,3,2,215,0,0,0,1,3,3.62
1,24,180,6500,1,1,2,3,1,200,0,1,0,2,0,2.01
1,18,170,7800,1,1,2,3,1,200,0,1,60,2,6,2.7
0,26,162,11062,1,1,3,3,2,248,0,0,26,1,4,4.22
0,23,165,6000,1,1,2,3,2,100,0,0,120,1,1,2.2
1,31,181,9149,1,1,2,2,2,203,0,0,1,1,6,2.79
0,26,162,11135,1,1,3,3,2,273,0,0,15,1,4,4.24
1,23,179,9000,1,1,2,1,2,197,0,0,60,1,6,2.81
0,38,155,8076,1,1,2,2,2,167,0,0,0,1,6,3.36
0,26,161,11092,1,1,3,3,2,256,0,0,23,1,4,4.28
1,24,177,11228,1,1,1,3,2,200,0,1,9,1,3,3.58
1,18,179,7000,0,1,2,3,2,100,0,1,0,1,1,2.18
0,23,172,7800,1,0,2,3,0,200,0,0,60,1,6,2.64
1,30,172,8398,1,1,2,1,2,100,0,0,0,1,6,2.84
0,25,162,10801,1,1,3,3,2,102,0,0,39,1,4,4.12
0,40,170,8000,1,0,3,3,2,200,0,0,0,1,6,2.77
1,21,185,7500,1,1,3,3,1,200,1,1,0,1,1,2.19
0,26,162,11080,1,1,3,3,2,270,0,0,25,1,4,4.22
0,26,161,10542,1,1,3,3,2,261,0,0,33,1,4,4.07
1,22,170,7500,1,1,3,3,2,200,0,0,120,1,5,2.6
0,26,162,11135,1,1,3,3,2,261,0,0,13,1,4,4.24
1,22,175,12081,1,1,2,3,2,271,0,0,44,1,3,3.94
0,21,152,4400,0,1,3,1,1,100,0,0,0,2,0,1.9
0,26,174,11082,1,1,3,3,2,261,0,0,15,1,4,3.66
0,21,170,8000,0,1,2,3,2,200,0,0,120,2,6,2.77
0,40,155,6221,1,1,2,3,2,257,0,0,24,1,5,2.59
0,40,156,8000,1,1,2,3,2,100,0,0,0,1,2,3.29
0,38,155,7720,1,1,2,2,2,276,0,0,0,1,2,3.21
1,21,171,8203,1,1,1,3,2,200,0,0,115,1,6,2.81
0,23,165,6600,1,1,2,1,2,300,0,1,0,1,5,2.42
0,18,160,8200,1,1,1,3,2,100,0,0,60,2,2,3.2
1,23,165,9000,1,0,2,3,2,200,0,0,120,2,2,3.31
1,17,170,7800,1,0,2,3,2,200,0,1,60,2,6,2.7
1,30,187,12426,1,1,2,3,2,235,0,1,44,1,3,3.55
1,20,166,6500,1,1,2,3,1,200,0,0,0,2,1,2.36
0,18,162,5500,1,1,3,1,2,200,0,1,60,2,1,2.1
0,27,153,6500,1,0,2,1,2,200,0,0,0,1,6,2.78
0,19,165,4900,1,1,3,3,1,100,0,1,60,2,0,1.8
0,18,174,5000,0,1,1,3,2,100,0,2,60,1,0,1.65
1,33,165,8500,1,0,3,3,2,100,0,1,0,1,6,3.12
0,19,166,4980,0,1,3,3,1,242,0,2,60,1,0,1.81
0,25,169,10494,1,1,3,3,2,145,0,0,55,1,4,3.67
0,20,152,4132,0,1,3,1,1,100,0,0,23,1,0,1.79
0,22,161,8100,1,1,1,1,2,200,0,1,60,1,2,3.12
0,21,174,13355,1,1,3,3,2,285,0,1,55,1,4,4.41
1,21,173,7592,1,1,2,3,2,200,0,0,90,1,5,2.54
0,19,178,4960,0,1,3,4,1,287,0,1,33,1,0,1.57
0,16,165,6600,1,1,3,3,0,300,0,1,60,1,1,2.42
1,33,184,11300,1,0,2,3,2,200,0,2,0,2,3,3.34
0,22,173,13388,1,1,3,3,2,262,0,1,50,1,4,4.47
0,22,169,8200,1,1,2,2,2,206,0,2,0,1,2,2.87
1,21,173,9818,1,1,2,2,2,200,0,2,103,2,2,3.28
1,30,178,11818,1,1,1,3,2,206,0,0,62,1,3,3.73
1,22,168,8000,1,1,2,1,2,200,0,1,60,2,6,2.83
1,25,176,11833,1,1,2,3,2,184,0,0,9,1,3,3.82
1,22,175,9500,1,1,2,3,2,300,0,3,0,2,2,3.1
0,25,164,10474,1,1,3,3,2,103,0,0,44,1,4,3.89
1,34,178,9236,1,1,2,1,2,270,0,0,54,1,6,2.92
0,24,165,7703,1,1,2,1,2,200,0,0,41,2,6,2.83
0,21,154,4900,0,1,2,3,1,200,0,2,0,2,1,2.07
1,22,165,6650,0,1,2,3,2,200,0,3,0,1,1,2.44
1,25,185,12089,1,1,2,3,2,276,0,1,8,1,3,3.53
0,26,162,10582,1,1,3,3,2,268,0,0,25,1,4,4.03
0,38,156,7774,1,1,2,3,2,200,0,0,7,2,6,3.19
0,17,175,5000,1,1,1,3,2,184,0,2,0,1,0,1.63
0,21,158,4308,0,0,2,3,1,100,0,1,0,1,0,1.73
1,20,176,12054,1,1,2,3,2,204,0,1,0,1,3,3.89
1,22,166,8906,1,1,1,3,2,100,0,0,60,1,2,3.23
0,19,176,5000,1,1,1,4,2,200,0,2,60,1,0,1.61
1,30,170,10064,1,1,2,3,2,100,0,1,21,2,3,3.48
1,18,179,10874,1,1,2,3,2,296,0,1,32,2,2,3.39
0,26,163,11172,1,1,3,3,2,263,0,0,27,1,4,4.2
0,37,167,8000,1,1,2,1,2,100,0,1,0,2,2,2.87
1,33,170,8395,1,1,2,1,2,300,0,1,0,2,6,2.9
0,26,164,10483,1,1,3,3,2,263,0,0,23,1,4,3.9
1,22,186,12106,1,1,2,3,2,148,0,0,0,1,3,3.5
1,23,185,12124,1,1,3,2,2,262,0,0,0,1,3,3.54
0,19,171,4983,0,1,2,3,1,100,0,2,60,2,0,1.7
1,18,184,5891,1,1,2,4,2,200,0,2,76,2,0,1.74
0,22,168,12163,1,1,3,3,2,149,0,1,54,1,4,4.31
0,19,181,15237,1,1,3,3,2,230,0,1,56,1,4,4.65
1,32,173,10384,1,1,2,2,2,100,0,1,0,1,3,3.47
1,23,162,7000,0,1,2,1,3,200,0,1,0,1,5,2.67
1,18,168,5110,1,1,2,3,2,100,0,1,47,1,0,1.81
1,23,175,7600,1,1,2,3,2,200,0,1,60,1,1,2.48
0,26,161,11193,1,1,3,3,2,272,0,0,32,1,4,4.32
0,18,174,5365,1,1,2,3,2,100,0,2,60,2,0,1.77
0,18,165,8600,1,1,3,3,0,300,0,1,60,2,2,3.16
0,18,161,6400,0,1,3,3,2,100,0,0,60,1,1,2.47
1,21,168,6700,1,1,3,3,2,100,0,1,0,1,1,2.37
1,23,171,7500,1,1,2,3,1,200,0,2,60,2,5,2.56
1,30,178,7800,1,1,1,3,1,200,0,2,0,1,1,2.46
1,38,178,9869,1,1,2,1,2,265,0,2,0,0,2,3.11
1,23,170,6600,1,1,3,3,2,200,0,1,0,1,5,2.28
0,21,173,13364,1,1,3,3,2,286,0,1,47,1,4,4.47
1,23,181,12281,1,1,3,2,2,124,0,1,0,1,3,3.75
1,29,190,12901,1,1,2,3,2,132,0,1,43,1,3,3.57
0,27,155,6200,1,1,2,1,2,100,0,0,0,1,5,2.58
1,23,180,6500,1,1,2,3,2,200,0,1,60,2,1,2.01
1,23,180,8300,0,1,2,3,1,200,0,2,60,1,5,2.56
0,26,165,7300,1,1,3,3,2,100,0,0,0,1,5,2.68
0,21,168,6800,1,1,2,3,2,100,0,3,0,1,1,2.41
1,17,174,9963,1,1,2,3,2,200,0,2,77,2,2,3.29
0,26,161,11000,1,1,3,3,2,261,0,0,22,1,4,4.24
0,19,170,8500,1,1,2,3,1,100,0,3,60,1,2,2.94
0,18,165,5150,0,1,3,4,1,100,0,2,60,1,0,1.89
1,31,175,11838,1,1,2,3,2,224,0,0,80,1,3,3.87
0,26,163,11195,1,1,3,3,2,277,0,0,13,1,4,4.21
1,17,174,5000,0,1,2,3,2,109,0,2,60,1,0,1.65
1,18,178,10804,1,1,2,2,2,297,0,1,33,2,2,3.41
1,19,180,6000,0,1,2,3,2,200,0,2,60,2,1,1.85
0,37,168,8301,1,1,2,2,2,100,0,0,0,2,6,2.94
1,18,177,5552,1,1,2,4,2,200,0,2,60,2,0,1.77
1,21,176,10200,1,1,3,3,2,100,0,1,0,1,4,3.29
1,17,176,5700,1,1,2,3,2,200,0,2,60,2,0,1.84
1,23,172,8200,1,1,2,3,2,200,0,1,60,1,6,2.77
1,32,178,11615,1,1,1,1,2,200,0,0,0,2,3,3.67
0,18,154,6000,1,1,3,3,2,100,1,0,60,1,1,2.53
0,25,154,10259,1,1,3,3,2,102,0,0,63,1,4,4.33
0,20,174,12811,1,1,3,3,2,270,0,1,52,1,4,4.23
0,25,164,10483,1,1,3,3,2,255,0,0,34,1,4,3.9
1,23,170,7000,1,1,2,3,2,200,0,2,0,1,1,2.42
0,16,169,4500,0,1,3,2,2,237,0,0,0,1,0,1.58
0,19,155,7246,1,0,2,3,1,200,0,2,0,2,6,3.02
1,18,172,6400,0,1,3,4,2,200,0,3,60,1,6,2.16
0,21,152,4900,1,1,2,3,2,200,0,2,60,2,1,2.12
1,23,182,12033,1,1,2,2,2,254,0,1,11,1,3,3.63
0,21,178,13534,1,1,3,3,2,269,0,1,55,1,4,4.27
0,18,171,5000,0,1,1,3,2,200,0,0,60,1,0,1.71
1,22,177,9795,1,1,2,2,2,282,0,1,118,2,2,3.13
1,26,175,11840,1,1,2,3,2,284,0,0,37,1,3,3.87
0,18,171,12870,1,1,3,3,2,268,0,0,58,1,4,4.4
0,18,163,6000,1,1,2,3,2,200,0,1,0,2,1,2.26
0,19,174,13366,1,1,3,3,2,285,0,1,48,1,4,4.41
0,33,170,8300,1,1,2,3,2,100,0,0,60,1,6,2.87
1,24,180,6000,1,1,3,3,2,100,0,2,0,1,1,1.85
0,25,162,7000,1,1,2,1,3,200,0,1,0,1,5,2.67
0,26,165,11195,1,1,3,3,2,277,0,0,7,1,4,4.11
0,26,165,6100,1,1,3,3,2,100,0,0,0,1,1,2.24
1,29,176,12814,1,1,2,3,2,247,0,1,40,1,3,4.14
0,25,157,6221,0,1,2,3,2,218,0,0,4,1,5,2.52
1,21,172,8055,1,1,2,3,2,200,0,2,60,2,6,2.72
0,20,146,7480,1,0,2,1,2,175,0,0,41,1,6,3.51
0,19,167,7481,1,0,2,3,2,211,0,1,60,1,6,2.68
1,21,162,7000,0,1,2,1,0,100,0,1,0,1,5,2.67
0,25,161,11021,1,1,3,3,2,288,0,0,10,1,4,4.25
0,18,172,5200,1,1,3,3,2,200,0,2,60,1,0,1.76
0,26,160,11181,1,1,3,3,2,261,0,0,9,1,4,4.37
1,21,171,7500,1,1,2,3,2,100,0,1,120,1,5,2.56
0,26,162,11010,1,1,3,3,2,268,0,0,26,1,4,4.2
0,22,187,5365,1,1,2,3,1,248,0,2,0,2,0,1.53
1,24,160,9849,1,1,2,2,2,200,0,1,8,1,3,3.85
1,30,176,13098,1,1,2,3,2,116,0,0,24,1,3,4.23
0,25,162,11010,1,1,3,3,2,106,0,0,26,1,4,4.2
1,38,175,8000,1,1,2,1,2,297,0,2,88,1,2,2.61
1,30,177,11228,1,1,1,3,2,200,0,0,1,1,3,3.58
1,18,170,7000,0,1,2,3,1,200,0,3,0,2,1,2.42
1,23,177,10535,1,1,2,3,2,204,0,0,91,1,2,3.36
1,20,175,10500,1,1,3,3,2,300,0,3,0,1,2,3.43
1,29,190,12987,1,1,2,3,2,111,0,1,0,1,3,3.6
0,26,164,11168,1,1,3,3,2,261,0,0,14,1,4,4.15
0,28,154,6500,0,1,2,3,2,200,0,0,60,1,6,2.74
0,19,163,6200,0,0,3,3,2,100,1,1,0,2,5,2.33
1,22,175,9536,1,1,2,3,2,200,0,0,120,2,2,3.11
1,26,181,12020,1,1,3,3,2,296,0,1,26,1,3,3.67
0,39,155,6200,0,1,3,3,2,200,0,0,0,1,5,2.58
1,18,179,10800,1,1,2,3,2,200,0,2,0,2,2,3.37
0,26,164,11193,1,1,3,3,2,277,0,0,16,1,4,4.16
1,20,186,10500,1,1,2,4,1,300,0,0,60,2,3,3.04
1,30,166,9000,1,1,2,3,2,177,0,0,36,1,2,3.27
0,20,163,6000,1,1,3,3,2,300,0,1,60,2,1,2.26
0,22,163,8734,1,1,2,1,2,200,0,2,75,1,2,3.29
1,24,177,12064,1,1,2,2,2,200,0,1,42,1,3,3.85
0,19,153,4200,0,1,3,1,1,138,0,0,28,1,0,1.79
1,24,188,9105,1,1,1,2,2,182,0,1,9,1,6,2.58
0,25,162,10484,1,1,3,3,2,244,0,0,53,1,4,3.99
1,27,180,9900,1,1,2,1,2,200,0,1,0,1,6,3.06
1,30,186,12317,1,1,2,3,2,230,0,0,11,1,3,3.56
0,21,160,6300,1,1,2,1,0,200,1,1,0,1,5,2.46
0,17,156,4900,1,1,2,3,2,200,1,3,60,1,1,2.01
0,23,165,8500,1,1,2,1,2,300,0,1,60,2,2,3.12
1,20,176,7200,0,1,2,3,2,200,0,1,60,1,1,2.32
0,21,174,5487,1,1,3,3,1,264,0,2,0,2,0,1.81
1,21,170,7500,0,1,3,3,2,200,0,2,0,1,1,2.6
0,23,158,5800,1,1,2,4,0,200,0,0,60,2,1,2.32
1,23,171,7500,1,1,3,3,2,200,0,2,120,1,5,2.56
1,33,187,9667,1,1,2,1,2,200,0,1,0,1,5,2.76
1,30,185,12541,1,1,2,3,2,235,0,1,38,1,3,3.66
1,17,170,7800,1,1,3,3,2,200,0,1,60,2,6,2.7
1,40,176,10900,1,1,2,3,2,100,0,1,0,2,3,3.52
1,23,176,5552,1,1,2,3,2,203,0,2,60,1,0,1.79
1,18,175,7500,1,1,2,3,1,200,0,1,60,1,1,2.45
1,21,170,8000,0,0,2,3,2,200,0,1,60,1,6,2.77
0,23,170,5000,0,1,3,4,2,100,0,2,0,1,0,1.73
1,30,175,11234,1,1,1,3,2,253,0,0,0,1,3,3.67
0,40,155,8000,1,1,3,3,2,200,0,0,0,2,2,3.33
0,20,153,4170,0,1,2,1,1,100,0,0,0,1,0,1.78
0,25,162,10492,1,1,3,3,2,153,0,0,41,1,4,4.0
0,21,162,6898,0,1,1,3,3,287,1,1,16,1,5,2.63
0,29,165,8949,1,1,2,1,2,187,0,1,0,1,2,3.29
0,16,170,5000,0,1,3,3,2,100,0,1,60,1,0,1.73
1,29,180,11200,1,1,2,3,2,200,0,0,60,1,3,3.46
1,18,178,5131,0,1,2,3,2,142,0,2,95,1,0,1.62
0,18,170,5000,0,1,3,4,1,100,0,1,0,2,0,1.73
1,25,176,11308,1,1,1,3,2,204,0,1,0,1,3,3.65
0,21,172,13152,1,1,3,3,2,161,0,1,51,1,4,4.45
0,26,164,11188,1,1,3,3,2,260,0,0,0,1,4,4.16
1,24,178,11811,1,1,1,3,2,219,0,0,55,1,3,3.73
1,36,170,9000,0,1,3,3,2,100,0,2,0,0,2,3.11
0,23,169,8074,1,1,2,2,2,200,0,0,90,1,5,2.83
1,26,164,10484,1,1,2,1,2,100,0,0,95,2,3,3.9
0,22,165,6000,1,0,2,3,2,200,0,1,0,1,1,2.2
1,18,170,5143,1,1,2,3,2,175,0,1,60,1,0,1.78
0,26,164,11195,1,1,3,3,2,261,0,0,5,1,4,4.16
1,25,175,11345,1,1,3,3,2,298,0,1,37,1,3,3.7
1,22,172,7200,1,0,2,3,2,200,0,0,0,1,1,2.43
1,21,174,7500,1,1,2,3,2,100,0,1,0,1,1,2.48
0,35,165,7700,1,1,3,3,2,100,0,1,0,2,6,2.83
0,39,156,8000,1,1,2,1,2,197,0,1,0,1,2,3.29
0,21,174,13301,1,1,3,3,2,286,0,1,43,1,4,4.39
1,24,170,7539,1,1,3,3,2,276,0,0,0,1,5,2.61
0,18,168,9000,1,1,3,3,2,200,0,1,60,1,6,3.19
0,23,171,5152,1,1,1,3,1,100,0,0,60,1,0,1.76
1,24,170,8300,1,1,3,3,2,200,0,0,60,2,6,2.87
1,22,170,9500,1,1,2,3,2,300,0,3,120,2,2,3.29
0,20,158,4169,0,1,2,1,1,200,0,0,46,1,0,1.67
0,22,167,5000,1,1,2,3,2,200,0,0,120,1,0,1.79
0,16,170,4500,0,1,3,4,1,200,0,1,120,2,0,1.56
0,26,164,11198,1,1,3,3,2,269,0,0,9,1,4,4.16
1,25,175,11538,1,1,1,3,2,211,0,1,42,1,3,3.77
0,18,154,4145,0,1,2,1,2,169,0,1,100,1,0,1.75
1,23,170,7500,1,1,2,3,2,200,0,1,60,0,5,2.6
0,23,158,8055,1,1,2,1,2,200,0,1,60,2,2,3.23
1,22,175,11200,1,1,2,3,2,200,0,2,60,2,3,3.66
0,25,166,10457,1,1,3,3,2,143,0,0,39,1,4,3.79
1,25,166,6600,0,1,3,3,0,100,0,0,120,2,1,2.4
1,18,170,5000,1,1,2,3,2,200,0,0,120,2,0,1.73
1,35,175,7500,1,1,2,3,1,200,0,3,0,1,1,2.45
0,19,152,4200,0,1,3,1,1,100,1,1,0,1,0,1.82
1,55,165,8074,1,1,2,2,2,100,0,0,0,1,6,2.97
1,21,160,7000,0,1,2,1,3,100,0,3,0,1,5,2.73
0,18,169,5169,0,1,2,3,2,183,0,0,65,1,0,1.81
1,30,170,10258,1,1,2,3,2,100,0,1,0,2,3,3.55
0,26,163,11188,1,1,3,3,2,262,0,0,55,1,4,4.21
0,21,173,13346,1,1,3,3,2,282,0,1,56,1,4,4.46
0,26,163,11186,1,1,3,3,2,267,0,0,13,1,4,4.21
0,26,162,11181,1,1,3,3,2,263,0,0,9,1,4,4.26
1,30,175,11293,1,1,2,3,2,201,0,0,66,1,3,3.69
1,31,186,12987,1,1,2,3,2,286,0,1,54,1,3,3.75
0,21,175,13779,1,1,3,3,2,277,0,1,55,1,4,4.5
0,35,173,7843,1,1,2,1,2,100,0,1,0,2,2,2.62
1,18,170,6700,0,1,3,3,2,100,0,2,0,2,1,2.32
0,26,165,11193,1,1,3,3,2,262,0,0,7,1,4,4.11
0,25,160,10200,1,1,3,3,2,100,0,0,32,1,4,3.98
1,23,179,10500,1,1,2,3,2,300,0,0,60,1,2,3.28
0,19,159,4475,0,1,3,3,1,264,0,1,7,1,0,1.77
0,23,160,5600,1,1,3,3,0,200,0,0,120,1,0,2.19
0,26,161,11081,1,1,3,3,2,270,0,0,55,1,4,4.27
1,33,180,9700,1,1,2,3,2,300,0,1,0,0,6,2.99
1,25,180,8800,1,0,3,3,0,300,0,1,60,1,5,2.72
1,18,170,8500,1,1,2,3,1,200,0,2,60,0,6,2.94
0,22,164,9000,1,1,2,3,2,285,0,0,96,2,2,3.35
0,21,162,4200,0,1,3,1,2,237,0,1,0,1,0,1.6
0,26,158,7809,1,1,2,3,2,255,0,0,0,1,2,3.13
1,23,169,7500,1,1,3,3,1,300,0,1,120,1,5,2.63
0,43,156,7727,1,1,2,2,2,180,0,0,0,1,2,3.18
0,18,163,5300,0,1,3,3,2,200,0,1,60,1,1,1.99
0,18,165,6000,1,1,2,3,2,100,0,2,60,2,1,2.2
1,18,176,5113,1,1,2,3,2,269,0,1,105,1,0,1.65
1,21,169,8000,1,1,2,2,2,200,0,2,90,2,6,2.8
1,25,181,11779,1,1,2,3,2,282,0,1,40,1,3,3.6
1,17,170,5700,1,1,2,3,2,200,1,2,60,1,1,1.97
0,18,162,8247,1,1,2,3,2,182,0,1,39,2,2,3.14
0,19,172,6126,0,1,2,3,2,282,0,2,90,1,5,2.07
0,26,162,11181,1,1,3,3,2,283,0,0,27,1,4,4.26
1,18,171,5092,0,1,2,3,2,126,0,0,76,1,0,1.74
0,26,162,11007,1,1,3,3,2,260,0,0,27,1,4,4.19
0,23,165,5800,1,1,2,3,0,300,0,2,60,2,1,2.13
0,21,172,6800,1,1,3,3,2,100,0,2,0,1,1,2.3
1,20,177,10292,1,1,2,1,2,163,0,0,60,1,2,3.29
1,20,172,8500,1,1,3,3,1,200,0,2,60,1,6,2.87
0,26,170,8047,1,1,1,2,2,122,0,0,60,2,6,2.78
1,20,183,7100,1,0,2,3,1,200,0,2,0,1,1,2.12
1,23,169,8000,1,1,2,3,2,200,0,0,105,2,6,2.8
1,22,169,5000,1,1,2,3,1,200,0,0,27,2,0,1.75
0,22,170,5000,0,1,2,3,1,100,0,1,0,1,0,1.73
1,18,174,9000,0,1,2,3,2,200,0,2,60,0,2,2.97
1,29,191,12915,1,1,2,3,2,159,0,1,0,1,3,3.54
0,38,167,7805,1,1,3,3,2,127,0,0,0,1,2,2.8
0,18,161,10259,1,1,3,3,2,100,0,0,27,1,4,3.96
1,38,165,9050,1,1,2,2,2,100,0,1,0,1,3,3.32
0,19,159,4400,0,0,3,1,1,100,1,1,0,2,0,1.74
1,21,178,5800,1,1,2,3,2,200,0,2,60,1,1,1.83
0,23,159,4336,0,0,3,1,1,212,0,1,0,2,0,1.72
1,18,180,5800,0,1,2,3,1,100,0,2,60,2,0,1.79
0,21,160,5300,1,1,3,3,2,200,0,1,60,2,1,2.07
0,21,172,13104,1,1,3,3,2,148,0,1,32,1,4,4.43
0,18,170,5500,1,1,2,4,1,200,0,2,60,1,0,1.9
0,21,167,6000,0,0,2,3,2,300,1,3,60,2,6,2.15
1,20,175,10370,1,1,2,1,2,161,0,0,0,2,2,3.39
0,25,165,10483,1,1,3,3,2,153,0,0,50,1,4,3.85
1,28,183,10252,1,1,2,2,2,100,0,1,0,2,3,3.06
1,33,183,9900,1,1,2,3,2,200,0,1,60,1,6,2.96
1,19,180,8674,1,1,2,4,2,200,0,2,86,1,5,2.68
1,20,170,6500,0,1,2,3,2,200,0,0,60,1,1,2.25
0,17,165,6000,0,0,2,3,2,300,0,3,60,1,1,2.2
0,25,162,10470,1,1,3,3,2,122,0,0,31,1,4,3.99
1,27,175,11853,1,1,2,3,2,204,0,0,4,1,3,3.87
0,28,170,7800,1,1,2,3,2,200,0,0,112,1,6,2.7
1,23,175,6800,0,0,2,3,2,200,0,0,60,2,1,2.22
1,17,178,5552,1,1,3,3,2,200,0,2,33,1,0,1.75
0,24,164,11321,1,1,3,3,2,286,0,0,27,1,4,4.21
1,29,175,11239,1,1,1,3,2,200,0,1,0,1,3,3.67
1,20,175,6500,0,1,3,3,2,200,0,0,120,1,1,2.12
0,26,164,11186,1,1,3,3,2,263,0,0,33,1,4,4.16
1,21,180,10500,1,1,2,3,2,300,0,2,60,1,2,3.24
0,17,161,6500,0,1,2,3,2,100,0,2,22,1,5,2.51
0,23,165,6700,1,1,3,1,1,200,0,2,60,2,1,2.46
1,21,165,8037,1,1,2,2,2,200,0,2,81,2,6,2.95
0,18,170,5143,1,1,2,3,2,214,0,1,75,1,0,1.78
1,23,167,8040,1,1,2,3,2,200,0,1,92,2,6,2.88
0,26,162,11079,1,1,3,3,2,270,0,0,22,1,4,4.22
0,21,175,13390,1,1,3,3,2,286,0,1,46,1,4,4.37
1,31,186,12597,1,1,2,3,2,180,0,0,28,1,3,3.64
0,18,176,5000,0,1,3,4,1,200,1,2,0,1,0,1.61
0,24,166,5350,0,1,3,3,2,200,0,1,0,2,1,1.94
0,20,170,13152,1,1,3,3,2,130,0,1,47,1,4,4.55
0,19,158,4193,0,1,2,1,2,129,0,0,16,1,0,1.68
1,38,175,11700,1,0,2,3,2,100,0,1,0,1,3,3.82
1,19,181,8786,1,0,2,3,2,231,0,1,38,1,6,2.68
1,21,170,8000,1,1,2,3,2,200,0,0,115,2,6,2.77
1,30,165,10054,1,1,3,2,2,100,0,0,95,2,3,3.69
0,30,170,12507,1,1,3,3,2,103,0,0,16,1,4,4.33
0,22,171,5300,1,1,3,4,1,200,0,1,120,2,0,1.81
1,31,177,11908,1,1,2,3,2,214,0,0,0,1,3,3.8
1,33,170,8395,1,1,2,2,2,183,0,1,50,1,6,2.9
1,23,170,8000,1,1,2,3,1,200,0,0,120,1,6,2.77
1,30,178,11239,1,1,2,3,2,204,0,0,104,1,3,3.55
1,17,175,9781,1,1,3,3,2,300,0,2,105,2,2,3.19
0,25,163,10474,1,1,3,3,2,134,0,0,56,1,4,3.94
0,17,160,5600,1,1,3,3,2,200,0,1,120,1,1,2.19
0,19,156,6484,1,0,2,1,2,100,0,0,120,1,5,2.66
0,25,163,11092,1,1,3,3,2,153,0,0,12,1,4,4.17
1,22,172,7500,1,1,3,3,2,200,0,1,60,1,5,2.54
0,21,173,13204,1,1,3,3,2,262,0,1,56,1,4,4.41
0,21,177,13785,1,1,3,3,2,272,0,1,43,1,4,4.4
0,25,161,6200,0,1,3,3,2,200,0,1,60,1,1,2.39
1,24,183,11829,1,1,2,3,2,200,0,1,0,1,3,3.53
0,21,159,4400,0,0,3,1,1,100,0,1,0,1,0,1.74
0,21,174,13187,1,1,3,3,2,143,0,1,56,1,4,4.36
0,18,170,5000,0,1,1,3,2,200,0,0,0,1,0,1.73
1,24,183,12091,1,1,2,1,2,200,0,1,15,1,3,3.61
0,22,164,4900,1,1,1,3,2,200,0,1,60,1,0,1.82
1,23,163,9869,1,1,2,2,2,200,0,0,60,2,2,3.71
1,21,172,8000,1,1,2,3,1,300,0,2,60,1,6,2.7
0,21,155,6200,1,1,2,3,2,300,0,2,0,1,5,2.58
0,25,162,10998,1,1,3,3,2,244,0,0,26,1,4,4.19
1,31,171,7100,0,0,2,3,2,300,0,1,0,1,5,2.43
0,21,174,14729,1,1,3,3,2,233,0,1,46,1,4,4.86
1,23,166,9474,1,1,2,2,2,100,0,0,0,2,2,3.44
0,22,173,13384,1,1,3,3,2,172,0,1,48,1,4,4.47
1,20,170,7000,1,1,2,3,2,200,0,1,0,2,1,2.42
0,33,170,9981,1,1,2,2,2,181,0,1,58,2,6,3.45
0,18,177,13814,1,1,3,3,2,284,0,1,41,1,4,4.41
1,26,175,7200,1,1,2,3,2,200,0,3,0,1,1,2.35
0,21,170,13347,1,1,3,3,2,268,0,1,48,1,4,4.62
1,23,174,8055,1,1,2,3,2,214,0,2,93,1,6,2.66
1,23,170,8300,1,1,2,3,2,200,0,0,120,1,6,2.87
0,26,170,7804,1,1,2,3,2,162,0,0,0,0,6,2.7
0,22,174,6700,0,1,3,3,2,200,0,1,0,2,1,2.21
0,19,173,13374,1,1,3,3,2,281,0,1,45,1,4,4.47
1,25,181,10512,1,1,3,3,2,300,0,3,60,1,2,3.21
0,26,164,11187,1,1,3,3,2,261,0,0,16,1,4,4.16
1,24,179,12099,1,1,2,3,2,300,0,1,21,1,3,3.78
1,26,169,9000,1,1,2,3,2,265,0,0,8,1,2,3.15
0,26,163,10494,1,1,3,3,2,273,0,0,48,1,4,3.95
1,24,182,12043,1,1,2,2,2,199,0,1,58,1,3,3.64
1,21,180,6000,1,1,2,3,2,200,0,3,0,2,1,1.85
1,20,174,7876,1,1,2,1,2,200,0,1,50,0,5,2.6
0,26,164,11194,1,1,3,3,2,272,0,0,8,1,4,4.16
1,25,185,11512,1,1,2,3,2,300,0,1,60,1,3,3.36
1,21,170,7500,1,1,2,3,1,300,0,2,60,1,5,2.6
1,21,171,7568,1,1,2,3,2,125,0,0,65,1,5,2.59
0,26,162,10542,1,1,3,3,2,261,0,0,33,1,4,4.02
0,18,169,6000,1,1,2,3,1,200,0,1,60,1,1,2.1
1,18,176,5500,1,1,2,4,2,200,0,2,60,2,0,1.78
0,25,165,10482,1,1,3,3,2,148,0,0,32,1,4,3.85
0,20,169,6000,1,1,2,4,2,100,0,2,0,2,1,2.1
1,33,183,9900,1,1,2,1,2,300,0,1,0,1,6,2.96
0,18,171,8574,1,1,2,1,2,197,0,1,118,2,2,2.93
0,22,171,8000,1,1,2,3,2,200,0,2,120,2,6,2.74
1,22,175,6400,0,1,2,4,2,200,0,1,0,2,1,2.09
1,26,181,8803,1,1,2,1,2,200,0,0,113,1,6,2.69
0,26,164,11192,1,1,3,3,2,263,0,0,24,1,4,4.16
0,21,155,6332,0,1,2,2,1,289,0,0,97,1,5,2.64
1,34,172,9052,1,1,2,2,2,184,0,0,53,1,6,3.06
1,23,182,12086,1,1,2,3,2,300,0,0,32,1,3,3.65
0,20,158,6500,0,1,2,1,2,100,0,0,60,1,5,2.6
0,23,152,6221,1,1,2,3,2,184,0,0,61,1,5,2.69
0,34,158,8073,1,1,2,1,2,219,0,0,0,2,6,3.23
1,30,188,10301,1,1,2,2,2,127,0,1,0,2,3,2.91
1,31,183,9105,1,1,2,3,2,118,0,0,7,1,6,2.72
1,22,181,10603,1,1,2,3,2,270,0,0,26,1,2,3.24
0,19,167,4200,0,1,3,3,0,100,0,2,120,1,1,1.51
0,16,151,4500,0,1,3,3,2,300,1,1,120,1,0,1.97
0,19,160,6000,1,1,2,3,2,200,0,1,0,2,1,2.34
0,25,162,10477,1,1,3,3,2,256,0,0,15,1,4,3.99
0,20,164,10475,1,1,2,1,2,136,0,0,74,2,2,3.89
1,22,179,10500,1,1,2,3,2,220,0,1,104,1,2,3.28
0,21,173,13384,1,1,3,3,2,273,0,1,53,1,4,4.47
0,16,175,5000,0,1,2,3,2,191,0,2,106,1,0,1.63
0,21,171,13104,1,1,3,3,2,282,0,1,56,1,4,4.48
1,30,188,12915,1,1,2,3,2,210,0,1,15,1,3,3.65
1,24,161,9849,1,1,2,1,2,200,0,1,93,2,3,3.8
1,19,180,8500,1,1,2,3,2,253,0,2,6,2,2,2.62
1,22,173,9532,1,1,2,3,2,300,0,2,120,2,2,3.18
1,19,184,8608,1,1,2,3,2,200,0,0,60,2,6,2.54
1,21,178,7900,1,1,2,3,1,200,0,3,0,1,5,2.49
0,26,164,11148,1,1,3,3,2,231,0,0,13,1,4,4.14
1,30,175,11228,1,1,1,3,2,211,0,0,41,1,3,3.67
0,28,170,7800,1,1,2,3,1,200,0,0,60,1,6,2.7
0,26,161,10542,1,1,3,3,2,261,0,0,33,1,4,4.07
1,33,185,9700,1,1,2,1,2,300,0,1,0,1,6,2.83
0,26,162,11079,1,1,3,3,2,270,0,0,13,1,4,4.22
1,25,178,11510,1,1,2,3,2,200,0,1,0,1,3,3.63
1,33,170,8300,1,1,2,3,2,191,0,1,0,1,6,2.87
1,22,178,9600,1,1,2,1,2,300,0,3,120,2,2,3.03
0,18,158,4156,1,1,2,1,2,167,0,0,0,1,0,1.66
1,24,176,11739,1,1,2,2,2,198,0,0,0,1,3,3.79
1,33,185,9700,1,1,2,1,2,100,0,1,0,2,6,2.83
0,26,163,11187,1,1,3,3,2,262,0,0,12,1,4,4.21
1,36,174,9800,0,1,2,3,2,200,0,2,120,2,2,3.24
1,18,174,6400,1,1,3,3,2,200,1,1,0,1,1,2.11
0,26,164,11091,1,1,3,3,2,263,0,0,37,1,4,4.12
1,22,174,9500,1,1,2,3,2,300,0,3,120,2,2,3.14
1,22,185,8966,1,1,2,2,2,133,0,0,0,1,5,2.62
0,41,168,7768,1,1,2,3,2,150,0,0,0,1,6,2.75
0,21,173,13355,1,1,3,3,2,286,0,1,55,1,4,4.46
0,33,165,6600,0,1,2,3,2,200,0,0,60,2,1,2.42
0,21,163,4500,0,0,3,3,1,100,0,2,0,1,0,1.69
0,21,165,7000,0,1,3,1,3,300,0,1,0,1,5,2.57
0,18,160,5800,1,1,1,3,2,100,0,0,60,1,1,2.27
1,26,177,12104,1,1,2,3,2,250,0,1,23,1,3,3.86
0,19,170,7500,1,1,2,3,1,200,0,1,60,1,5,2.6
1,21,171,10501,1,1,2,3,2,130,0,0,54,1,2,3.59
1,21,180,10500,1,1,2,3,2,300,0,2,60,1,2,3.24
0,25,162,10287,1,1,3,3,2,106,0,0,27,1,4,3.92
1,25,175,11234,1,1,1,3,2,211,0,1,52,1,3,3.67
0,26,162,11081,1,1,3,3,2,265,0,0,15,1,4,4.22
1,23,180,7500,1,1,3,3,2,100,0,2,0,1,1,2.31
0,26,172,7800,1,0,3,3,1,100,0,1,0,2,6,2.64
0,16,170,5000,0,1,1,1,3,200,0,0,60,1,0,1.73
0,21,163,6600,1,1,3,3,2,300,0,0,60,1,1,2.48
1,29,190,12999,1,1,2,3,2,101,0,1,0,1,3,3.6
1,18,177,11448,1,1,2,3,2,208,0,0,60,1,2,3.65
0,21,151,4200,0,0,3,1,2,100,0,0,0,2,0,1.84
0,23,169,7505,1,1,2,3,2,174,0,0,16,1,5,2.63
0,26,161,11181,1,1,3,3,2,260,0,0,8,1,4,4.31
1,18,168,8000,1,1,2,3,2,108,0,0,49,2,6,2.83
1,18,182,6000,1,1,3,4,2,200,0,2,0,2,0,1.81
1,28,185,12099,1,1,2,3,2,300,0,1,0,1,3,3.54
0,25,161,10209,1,1,3,3,2,106,0,1,0,1,4,3.94
1,20,169,10302,1,1,2,2,2,200,0,1,0,2,2,3.61
1,30,170,10064,1,1,2,1,2,100,0,1,104,2,3,3.48
0,19,163,8200,1,1,1,3,2,200,0,0,66,1,2,3.09
1,29,176,11222,1,1,1,3,2,204,0,0,0,1,3,3.62
1,21,172,8042,1,1,2,3,2,200,0,2,108,2,6,2.72
1,18,165,8000,1,1,2,1,2,200,1,0,113,2,5,2.94
0,42,168,8038,1,1,2,3,2,232,0,1,0,1,2,2.85
1,18,170,8500,0,1,2,3,2,200,0,3,60,2,6,2.94
0,26,163,10500,1,1,3,3,2,257,0,0,32,1,4,3.95
0,21,174,13366,1,1,3,3,2,282,0,1,55,1,4,4.41
0,23,173,13387,1,1,3,3,2,284,0,1,49,1,4,4.47
1,34,169,8445,1,1,2,2,2,269,0,1,17,2,6,2.96
1,24,170,9998,1,1,2,1,2,100,0,1,62,2,3,3.46
0,25,160,10492,1,1,3,3,2,258,0,0,32,1,4,4.1
0,21,164,8900,1,1,2,3,2,300,0,2,120,2,2,3.31
0,21,165,5700,1,1,2,3,2,200,0,0,60,2,1,2.09
1,17,172,8300,1,1,2,4,0,200,0,2,60,2,6,2.81
1,21,164,5350,1,1,2,3,2,100,0,2,60,1,1,1.99
1,21,170,7548,1,1,2,3,2,129,0,0,37,1,5,2.61
0,37,156,8000,1,1,2,1,2,188,0,1,0,1,2,3.29
1,21,162,5300,0,0,2,3,3,200,0,1,60,1,1,2.02
1,17,170,5000,0,1,1,3,2,100,0,1,60,1,0,1.73
1,37,175,11837,1,1,2,3,2,202,0,1,0,1,3,3.87
1,21,160,7000,0,1,2,1,3,300,1,1,0,1,5,2.73
1,32,169,10255,1,1,2,2,2,100,0,0,0,2,3,3.59
0,18,175,13373,1,1,3,3,2,293,0,1,57,1,4,4.37
0,21,175,13384,1,1,3,3,2,286,0,1,54,1,4,4.37
0,25,162,10495,1,1,3,3,2,104,0,0,42,1,4,4.0
1,21,175,7500,1,0,3,3,1,200,0,1,0,1,5,2.45
0,21,174,13394,1,1,3,3,2,283,0,1,46,1,4,4.42
0,25,179,10810,1,1,3,3,2,270,0,0,8,1,4,3.37
1,18,180,8000,1,1,2,3,1,300,0,2,60,2,1,2.47
1,26,174,8000,1,1,2,1,2,200,0,2,0,1,5,2.64
0,24,163,6440,1,1,3,3,2,100,0,0,60,2,5,2.42
1,30,178,11227,1,1,1,3,2,204,0,0,46,1,3,3.54
0,25,162,10268,1,1,3,3,2,103,0,0,42,1,4,3.91
0,26,162,11172,1,1,3,3,2,261,0,0,9,1,4,4.26
0,22,169,9479,1,1,2,1,2,200,0,0,120,2,2,3.32
0,21,178,13785,1,1,3,3,2,277,0,1,54,1,4,4.35
1,21,178,7800,1,0,3,3,2,300,0,2,60,1,1,2.46
0,20,156,4139,0,1,2,1,1,100,0,0,0,1,0,1.7
1,18,174,7200,0,1,3,3,2,200,0,1,60,1,1,2.38
0,26,164,11194,1,1,3,3,2,263,0,0,9,1,4,4.16
1,18,181,5500,1,1,2,3,2,201,0,0,105,2,0,1.68
0,26,168,8000,1,1,3,3,2,200,0,2,60,1,5,2.83
0,22,160,8200,1,1,1,1,2,200,0,1,120,1,2,3.2
0,18,156,4900,0,1,2,3,2,100,0,0,120,1,1,2.01
0,25,166,10475,1,1,3,3,2,141,0,0,45,1,4,3.8
1,30,191,12996,1,1,2,3,2,101,0,1,2,1,3,3.56
1,34,166,10287,1,1,2,2,2,114,0,0,0,2,3,3.73
0,20,170,8000,0,1,2,3,2,200,0,2,60,2,6,2.77
0,19,164,4900,1,1,2,4,0,100,0,2,60,1,0,1.82
1,22,171,9528,1,1,3,3,2,200,0,0,84,1,6,3.26
0,23,160,5000,1,0,3,1,2,200,0,2,0,2,1,1.95
0,26,164,11194,1,1,3,3,2,263,0,0,5,1,4,4.16
1,30,182,10358,1,1,2,2,2,100,0,1,0,1,3,3.13
0,20,155,4132,0,1,2,1,1,100,0,0,0,1,0,1.72
0,23,165,6000,0,1,2,1,2,200,0,2,0,1,1,2.2
1,34,175,8300,1,1,2,3,2,200,0,3,0,1,5,2.71
0,26,165,11193,1,1,3,3,2,277,0,0,6,1,4,4.11
1,23,183,8500,1,1,3,3,1,300,0,3,120,2,2,2.54
1,38,175,10959,1,1,2,3,2,144,0,1,0,1,2,3.58
0,26,163,11193,1,1,3,3,2,243,0,0,5,1,4,4.21
0,26,163,11194,1,1,3,3,2,273,0,0,5,1,4,4.21
0,20,174,13384,1,1,3,3,2,237,0,0,29,1,4,4.42
1,25,183,12099,1,1,2,3,2,199,0,1,15,1,3,3.61
1,55,167,8040,1,1,2,2,2,100,0,1,0,2,6,2.88
1,18,177,10860,1,1,3,3,2,260,0,1,96,1,2,3.47
0,22,170,5200,0,1,3,3,0,200,0,2,60,1,0,1.8
1,17,180,6400,0,0,3,3,2,200,0,3,60,2,1,1.98
0,18,167,6791,1,1,2,1,2,100,0,1,60,1,1,2.44
1,17,170,5112,1,1,2,3,2,200,0,0,120,1,0,1.77
1,21,182,6500,1,0,2,3,2,200,0,0,0,2,1,1.96
0,21,165,8802,1,1,2,1,2,300,0,1,60,2,2,3.23
0,22,161,6000,1,1,3,1,2,200,1,0,60,1,5,2.31
0,21,164,6806,1,1,1,3,2,263,0,0,80,1,5,2.53
1,19,187,8000,1,0,2,3,2,300,0,2,60,1,1,2.29
1,21,171,7000,0,1,2,3,2,200,0,0,60,1,1,2.39
1,17,185,5867,1,1,2,3,2,247,0,0,89,2,0,1.71
1,19,181,5779,1,1,2,4,2,300,0,2,60,1,0,1.76
1,21,172,7600,1,1,1,3,1,100,0,0,60,1,5,2.57
0,21,174,13388,1,1,3,3,2,232,0,1,50,1,4,4.42
0,22,163,5500,1,0,3,3,2,200,0,1,120,1,0,2.07
0,21,175,5000,1,1,2,3,1,100,0,2,60,2,0,1.63
0,43,160,7720,1,1,3,3,2,151,0,0,0,1,2,3.02
1,33,170,8472,1,1,2,3,2,200,0,1,0,1,6,2.93
1,21,170,8000,1,1,2,3,2,200,0,2,113,2,6,2.77
0,20,165,6000,1,1,2,3,2,100,0,0,60,2,1,2.2
0,25,163,11390,1,1,3,3,2,209,0,0,34,1,4,4.29
1,21,169,6440,1,1,3,3,2,100,0,0,0,1,1,2.25
0,20,174,12870,1,1,3,3,2,285,0,1,46,1,4,4.25
0,22,169,8204,1,1,1,1,2,200,0,0,89,1,2,2.87
1,17,172,5000,0,1,2,4,1,100,0,2,120,2,0,1.69
1,25,177,11534,1,1,1,3,2,210,0,1,22,1,3,3.68
1,26,173,11843,1,1,2,3,2,229,0,0,0,1,3,3.96
0,23,163,8800,1,1,2,3,2,300,0,2,0,2,2,3.31
0,20,174,13385,1,1,3,3,2,179,0,1,55,1,4,4.42
1,33,185,8700,0,1,2,3,2,100,0,1,60,1,5,2.54
0,20,180,15587,1,1,3,3,2,241,0,0,35,1,4,4.81
0,28,174,7800,1,1,2,3,2,171,0,0,37,1,6,2.58
0,25,160,6600,0,0,3,3,2,200,0,0,60,1,5,2.58
0,18,165,5800,0,1,2,3,2,100,0,0,60,1,1,2.13
1,18,177,7200,0,1,3,3,1,200,0,1,0,1,1,2.3
1,17,182,8500,1,1,2,3,2,232,0,1,53,1,5,2.57
1,37,175,11826,1,1,2,3,2,202,0,1,20,1,3,3.86
1,18,176,5200,0,1,2,3,2,100,0,0,60,1,0,1.68
1,22,170,8200,1,1,1,2,2,200,0,0,60,1,6,2.84
1,25,176,11307,1,1,1,3,2,200,0,1,48,1,3,3.65
0,26,163,11193,1,1,3,3,2,261,0,0,33,1,4,4.21
0,26,164,11155,1,1,3,3,2,263,0,0,5,1,4,4.15
1,17,184,5885,1,1,2,3,2,200,0,2,60,2,0,1.74
1,18,175,8600,1,1,2,3,3,300,0,2,0,1,6,2.81
1,23,175,9500,1,1,2,3,2,300,0,0,120,2,2,3.1
0,23,165,7800,1,1,3,3,2,100,0,1,0,1,2,2.87
0,26,163,11158,1,1,3,3,2,283,0,0,44,1,4,4.2
1,23,169,10652,1,1,3,2,2,244,0,0,0,2,3,3.73
0,25,152,8000,1,0,2,3,2,108,0,0,60,2,6,3.46
0,20,150,6500,1,1,2,3,2,200,0,1,60,2,6,2.89
0,26,162,11103,1,1,3,3,2,262,0,0,13,1,4,4.23
0,22,160,8252,1,1,2,2,2,177,0,1,120,1,2,3.22
0,19,176,4965,0,1,2,3,1,200,0,1,0,1,0,1.6
0,39,156,6233,1,1,2,3,2,163,0,0,0,1,5,2.56
1,18,172,5300,1,1,2,3,2,200,0,1,120,1,0,1.79
0,25,162,10255,1,1,3,3,2,100,0,0,46,1,4,3.91
0,25,173,11337,1,1,3,3,2,247,0,1,31,1,4,3.79
1,20,174,10642,1,1,2,3,2,191,0,0,8,1,2,3.51
1,21,170,7500,1,1,2,2,2,197,1,0,44,1,5,2.6
0,21,178,13395,1,1,3,3,2,284,0,1,44,1,4,4.23
0,36,166,9000,1,1,3,3,2,274,0,2,56,2,6,3.27
0,21,175,13779,1,1,3,3,2,285,0,1,56,1,4,4.5
0,16,171,5000,0,1,1,3,2,200,0,2,60,1,0,1.71
0,19,173,8000,1,1,2,2,2,203,0,0,113,2,6,2.67
0,24,173,8000,1,1,2,1,2,200,0,1,60,1,6,2.67
1,55,165,8000,1,1,2,3,1,200,0,1,0,2,6,2.94
0,25,162,10477,1,1,3,3,2,103,0,0,48,1,4,3.99
1,32,184,10259,1,1,2,1,2,100,0,1,0,1,3,3.03
0,24,154,6400,0,0,3,3,2,100,0,0,0,2,6,2.7
0,18,160,5000,0,0,3,3,1,100,0,1,0,2,1,1.95
1,22,179,12145,1,1,3,2,2,100,0,1,3,1,3,3.79
0,25,158,11008,1,1,3,3,2,102,0,0,27,1,4,4.41
1,21,173,8000,1,1,2,1,2,200,0,2,60,1,6,2.67
0,25,166,11239,1,1,3,3,2,277,0,0,9,1,4,4.08
0,21,173,13387,1,1,3,3,2,263,0,1,13,1,4,4.47
1,18,170,7500,0,1,2,3,2,200,0,2,60,1,5,2.6
0,17,170,5000,0,1,2,3,2,200,0,1,60,1,0,1.73
0,26,163,11172,1,1,3,3,2,255,0,0,23,1,4,4.2
1,36,176,10148,1,1,2,3,2,100,0,0,32,1,3,3.28
0,26,173,11182,1,1,3,3,2,278,0,0,40,1,4,3.74
1,25,182,12099,1,1,2,3,2,300,0,1,16,1,3,3.65
1,19,184,10568,1,1,2,3,2,300,0,3,96,1,2,3.12
1,22,175,5500,1,1,3,3,1,200,0,2,0,2,0,1.8
1,21,170,7500,1,1,2,3,2,193,0,1,0,1,5,2.6
0,26,168,11008,1,1,3,3,2,270,0,0,27,1,4,3.9
1,17,170,7500,1,1,3,3,1,300,0,1,120,1,5,2.6
1,18,170,8000,1,1,2,3,1,200,0,2,60,1,6,2.77
1,21,172,10500,1,1,2,3,2,200,0,1,60,1,2,3.55
1,20,162,7000,0,1,2,3,2,300,0,1,0,1,6,2.67
0,21,162,5350,1,1,2,3,2,100,0,1,60,1,1,2.04
1,33,184,10200,1,1,2,1,2,100,0,1,0,1,3,3.01
1,17,185,8955,1,1,2,3,2,200,0,2,16,1,6,2.62
1,25,175,8000,0,1,3,3,2,200,0,2,60,1,1,2.61
0,18,175,13347,1,1,3,3,2,283,0,1,50,1,4,4.36
0,18,161,6400,1,1,1,3,2,200,0,2,60,1,1,2.47
1,26,177,11810,1,1,2,3,2,209,0,0,0,1,3,3.77
1,18,170,5000,0,1,2,3,2,200,0,1,60,1,0,1.73
0,37,155,7700,1,1,2,3,2,100,0,0,0,1,2,3.2
0,20,174,12742,1,1,3,3,2,167,0,0,43,1,4,4.21
0,38,165,7900,1,1,2,3,2,100,0,0,60,2,6,2.9
1,31,170,10106,1,1,2,2,2,191,0,1,60,2,6,3.5
1,18,170,8000,1,0,2,3,1,200,0,2,60,2,6,2.77
0,18,152,4000,0,1,2,1,2,100,0,0,60,1,0,1.73
0,21,172,13187,1,1,3,3,2,248,0,1,55,1,4,4.46
0,26,163,11080,1,1,3,3,2,270,0,0,16,1,4,4.17
0,26,165,11194,1,1,3,3,2,278,0,0,7,1,4,4.11
0,20,156,4200,0,0,3,1,1,100,0,0,0,2,0,1.73
0,21,156,4900,0,1,2,4,1,200,0,2,60,1,0,2.01
0,24,177,6400,1,1,1,4,1,200,0,2,60,1,1,2.04
0,19,160,4500,0,0,3,3,1,129,1,2,0,1,0,1.76
0,26,163,11181,1,1,3,3,2,270,0,0,15,1,4,4.21
1,18,180,8000,1,1,3,3,2,200,0,2,0,1,5,2.47
1,26,175,11239,1,1,1,3,2,202,0,0,6,1,3,3.67
1,17,180,6000,1,1,3,4,1,200,0,2,60,2,0,1.85
0,20,171,13226,1,1,3,3,2,181,0,1,34,1,4,4.52
1,31,180,11842,1,1,2,3,2,214,0,0,10,1,3,3.65
0,20,171,13211,1,1,3,3,2,167,0,1,52,1,4,4.52
1,25,166,10512,1,1,3,3,2,265,0,0,24,1,2,3.81
1,37,176,11770,1,1,2,2,2,200,0,1,0,1,3,3.8
1,22,170,9800,1,1,2,3,2,300,0,3,0,2,2,3.39
0,19,168,4965,0,1,2,3,2,154,0,0,118,1,0,1.76
1,21,162,5400,1,1,3,1,2,300,0,1,0,1,1,2.06
0,26,163,11193,1,1,3,3,2,277,0,0,27,1,4,4.21
1,25,170,7800,0,1,3,3,1,200,0,2,0,1,6,2.7
1,16,161,5000,0,1,1,3,2,132,0,0,63,1,0,1.93
0,27,160,6100,0,1,3,1,1,100,0,1,60,1,1,2.38
0,21,165,7866,1,1,2,2,2,200,0,1,51,0,6,2.89
1,21,175,7500,0,1,3,3,2,200,0,1,0,1,1,2.45
1,25,179,11534,1,1,1,3,2,211,0,1,28,1,3,3.6
0,19,153,4155,0,1,2,1,1,100,0,0,34,1,0,1.77
1,40,174,10794,1,1,2,3,2,169,0,0,0,1,3,3.57
0,26,164,11189,1,1,3,3,2,268,0,0,25,1,4,4.16
1,24,176,7600,0,1,3,3,2,300,0,1,60,1,1,2.45
0,21,170,7808,1,1,1,3,2,200,0,2,49,1,5,2.7
1,17,180,8500,1,1,2,4,2,300,0,2,60,1,6,2.62
0,25,177,11092,1,1,3,3,2,261,0,0,43,1,4,3.54
1,23,163,9962,1,1,2,3,2,194,0,0,60,2,2,3.75
0,21,165,7795,1,1,2,2,2,183,0,0,0,1,6,2.86
1,26,176,11451,1,1,2,3,2,282,0,1,0,1,3,3.7
0,26,161,11193,1,1,3,3,2,269,0,0,55,1,4,4.32
0,17,160,6500,1,0,2,1,2,200,0,3,60,1,6,2.54
1,23,179,10513,1,1,2,3,2,200,0,0,8,1,2,3.28
1,21,179,8993,1,1,2,2,2,245,0,0,0,1,5,2.81
0,22,171,5149,1,1,2,3,1,100,0,2,117,2,0,1.76
1,21,180,10569,1,1,2,3,2,242,0,0,50,1,2,3.26
0,25,162,10492,1,1,3,3,2,149,0,0,28,1,4,4.0
0,18,180,15243,1,1,3,3,2,283,0,1,47,1,4,4.7
1,30,175,11240,1,1,2,3,2,297,0,0,17,1,2,3.67
0,26,162,11135,1,1,3,3,2,244,0,0,5,1,4,4.24
0,26,163,11193,1,1,3,3,2,261,0,0,10,1,4,4.21
1,24,177,12080,1,1,2,2,2,297,0,0,18,1,3,3.86
0,18,170,5000,0,1,1,3,2,153,0,1,103,1,0,1.73
0,23,161,5300,1,1,2,3,2,200,0,2,60,1,1,2.04
1,22,179,10504,1,1,2,3,2,195,0,1,22,1,2,3.28
1,21,172,8000,1,1,2,1,2,200,0,2,0,1,6,2.7
0,21,174,13316,1,1,3,3,2,286,0,1,55,1,4,4.4
1,30,176,12090,1,1,2,3,2,208,0,1,0,1,3,3.9
0,26,164,11183,1,1,3,3,2,277,0,0,3,1,4,4.16
0,25,164,10492,1,1,3,3,2,165,0,0,42,1,4,3.9
1,21,180,6800,1,1,2,3,1,200,1,3,0,2,1,2.1
0,23,158,4475,0,0,3,1,1,264,0,0,37,1,0,1.79
1,22,174,9607,1,1,2,3,2,265,0,2,120,2,2,3.17
0,24,174,13390,1,1,3,3,2,286,0,1,36,1,4,4.42
0,25,164,10268,1,1,3,3,2,141,0,0,54,1,4,3.82
0,19,153,4500,0,0,3,3,1,200,0,2,0,1,0,1.92
0,26,165,11194,1,1,3,3,2,269,0,0,9,1,4,4.11
0,37,165,8000,1,1,2,2,2,133,0,0,0,1,2,2.94
1,18,178,6400,1,1,3,3,2,200,0,1,0,1,0,2.02
0,23,156,5150,0,0,2,3,2,200,0,2,60,1,1,2.12
0,27,170,7800,1,1,3,3,2,300,0,0,0,0,6,2.7
0,23,170,7800,1,1,2,3,2,300,0,0,120,2,6,2.7
0,19,152,4126,0,1,3,1,1,100,0,0,27,1,0,1.79
1,21,163,7000,0,1,2,1,3,274,0,0,0,1,5,2.63
0,34,163,7755,1,1,2,3,2,211,0,0,0,2,2,2.92
0,21,163,6500,1,0,2,3,2,200,0,1,0,2,1,2.45
1,26,177,11228,1,1,2,3,2,250,0,0,8,1,3,3.58
1,55,170,8000,1,1,2,3,2,200,0,2,0,0,6,2.77
1,18,176,5200,1,1,3,3,2,200,1,0,60,1,0,1.68
0,18,174,13387,1,1,3,3,2,286,0,1,49,1,4,4.42
0,18,160,5800,1,1,2,4,2,200,0,2,60,1,1,2.27
1,29,170,7800,1,1,3,3,2,100,0,0,0,2,6,2.7
0,24,170,6400,1,1,3,3,2,200,0,2,60,2,6,2.21
1,17,167,8500,1,1,2,3,2,200,0,1,60,1,6,3.05
0,23,160,6000,1,0,2,4,0,300,0,0,0,2,1,2.34
1,23,173,8341,1,1,2,2,2,200,0,1,38,2,6,2.79
1,17,165,8500,1,1,2,3,2,300,0,1,60,1,6,3.12
0,21,160,6500,1,1,2,1,2,200,0,1,0,1,1,2.54
1,19,189,6000,0,1,2,3,2,200,0,1,60,1,1,1.68
1,30,179,11293,1,1,2,3,2,215,0,0,23,1,3,3.52
0,20,174,12882,1,1,3,3,2,282,0,1,56,1,4,4.25
1,19,180,8500,1,1,2,3,1,200,1,1,60,1,5,2.62
0,26,162,11155,1,1,3,3,2,269,0,0,10,1,4,4.25
1,26,182,11908,1,1,2,3,2,210,0,0,0,1,3,3.59
1,41,185,8707,1,1,2,1,2,263,0,1,0,1,6,2.54
0,36,150,6000,1,0,2,3,2,200,0,0,0,1,5,2.67
1,19,180,8507,1,1,2,3,2,211,0,2,55,1,5,2.63
1,23,175,11823,1,1,2,3,2,200,0,1,3,2,3,3.86
0,19,154,4132,0,1,2,1,2,100,0,0,60,1,0,1.74
0,27,155,6200,0,1,2,4,2,200,0,0,0,0,5,2.58
1,24,184,12020,1,1,2,3,2,287,0,1,0,1,3,3.55
0,20,158,4020,0,1,2,1,1,100,0,0,0,1,0,1.61
1,18,175,5228,1,1,2,3,2,106,1,0,60,2,0,1.71
0,22,165,8700,1,1,2,1,2,300,0,1,60,2,2,3.2
0,19,162,4900,0,0,2,3,2,200,0,2,0,1,0,1.87
0,19,160,4500,0,0,3,3,2,100,1,1,0,1,0,1.76
0,21,174,5149,1,1,2,3,1,154,0,0,39,2,0,1.7
1,31,172,8200,1,1,2,2,2,170,0,0,50,1,6,2.77
1,20,185,6650,1,1,2,3,2,200,0,1,60,2,1,1.94
1,53,175,8260,1,1,2,2,2,253,0,0,0,1,6,2.7
1,21,175,11800,1,1,2,3,2,200,0,0,120,1,2,3.85
1,22,183,8999,1,1,2,3,2,200,0,0,56,1,5,2.69
1,20,180,10500,1,1,2,3,2,300,0,2,60,0,2,3.24
1,20,165,6000,0,1,3,3,2,200,0,2,0,2,1,2.2
1,31,172,8213,1,1,2,3,2,189,0,0,0,1,6,2.78
0,21,173,13252,1,1,3,3,2,152,0,1,56,1,4,4.43
0,18,180,14179,1,1,3,3,2,232,0,1,48,1,4,4.38
0,26,163,11188,1,1,3,3,2,260,0,0,9,1,4,4.21
1,35,178,10366,1,1,2,1,2,300,0,2,109,0,2,3.27
0,18,165,8000,1,1,2,3,2,300,0,1,60,2,6,2.94
0,19,168,4966,0,1,2,2,2,100,0,1,60,2,0,1.76
1,22,177,8941,1,1,1,1,2,200,0,0,60,1,2,2.85
1,20,180,6500,1,1,2,3,2,100,0,1,0,1,1,2.01
1,21,162,5800,0,1,2,3,2,200,0,0,60,2,1,2.21
0,22,175,5498,1,1,2,3,1,202,0,2,64,2,0,1.8
0,21,174,13395,1,1,3,3,2,181,0,1,43,1,4,4.42
0,25,161,10495,1,1,3,3,2,247,0,0,27,1,4,4.05
1,30,176,12034,1,1,2,3,2,217,0,0,0,1,3,3.88
0,25,166,10476,1,1,3,3,2,124,0,0,12,1,4,3.8
1,18,175,7000,0,1,1,3,1,100,0,1,60,1,1,2.29
0,25,174,10480,1,1,3,3,2,165,0,0,49,1,4,3.46
0,19,179,15141,1,1,3,3,2,283,0,1,43,1,4,4.73
1,27,182,12077,1,1,2,3,2,292,0,1,16,1,3,3.65
1,24,177,12091,1,1,2,2,2,215,0,1,51,1,3,3.86
1,19,175,7800,0,1,3,1,2,200,0,3,0,1,5,2.55
1,40,175,10794,1,1,2,2,2,179,0,1,0,2,3,3.52
0,20,176,15314,1,1,3,3,2,216,0,0,48,1,4,4.94
0,19,173,13257,1,1,3,3,2,261,0,1,52,1,4,4.43
0,26,160,11185,1,1,3,3,2,247,0,0,32,1,4,4.37
1,22,174,9418,1,1,2,3,2,296,0,0,6,1,2,3.11
0,26,161,11188,1,1,3,3,2,262,0,0,5,1,4,4.32
1,31,167,9013,1,1,2,3,2,127,0,0,4,1,3,3.23
0,21,168,10287,1,1,3,3,2,102,0,0,60,1,4,3.64
1,22,170,9536,1,1,2,3,2,216,0,0,120,2,2,3.3
0,20,171,13176,1,1,3,3,2,172,0,1,43,1,4,4.51
0,21,162,5300,1,1,2,1,2,100,0,1,60,1,1,2.02
0,18,161,8203,1,1,1,3,2,120,0,0,18,2,2,3.16
1,31,166,9013,1,1,2,2,2,274,0,0,54,1,2,3.27
0,21,169,7500,1,1,2,3,1,200,0,2,60,1,5,2.63
0,25,164,10458,1,1,3,3,2,265,0,0,37,1,4,3.89
0,22,175,5145,1,1,2,3,1,100,0,0,60,2,0,1.68
1,19,180,6500,1,1,2,3,1,200,0,1,0,2,1,2.01
0,25,162,10480,1,1,3,3,2,256,0,1,27,1,4,3.99
1,29,176,9000,1,1,2,3,2,100,0,0,60,2,2,2.91
1,23,172,5300,1,1,2,3,1,200,0,0,120,0,0,1.79
0,18,166,6877,1,1,2,3,2,200,0,0,97,1,5,2.5
1,29,180,8500,0,1,2,3,2,300,0,0,60,1,5,2.62
1,23,188,12152,1,1,2,2,2,200,0,1,0,1,3,3.44
0,26,163,11194,1,1,3,3,2,273,0,0,32,1,4,4.21
1,24,177,12080,1,1,2,3,2,235,0,1,20,1,3,3.86
1,21,176,6800,1,1,3,3,1,200,0,2,60,1,1,2.2
0,25,162,11016,1,1,3,3,2,262,0,0,44,1,4,4.2
1,24,184,12131,1,1,2,3,2,282,0,1,0,1,3,3.58
0,21,153,6300,1,1,2,3,2,100,1,1,0,1,5,2.69
1,28,175,11240,1,1,1,3,2,202,0,0,0,1,3,3.67
1,27,178,9758,1,1,2,3,2,185,0,0,0,1,6,3.08
1,30,165,10200,1,1,2,2,2,129,0,0,60,2,3,3.75
0,19,174,6400,0,1,2,3,2,100,0,0,60,1,1,2.11
1,22,172,5200,1,1,2,4,1,200,0,2,120,2,0,1.76
0,18,162,5200,0,1,3,3,2,200,0,1,60,1,1,1.98
0,18,166,6000,0,0,3,3,0,200,0,0,60,2,1,2.18
0,21,172,8000,1,1,2,1,2,200,0,1,60,2,6,2.7
1,19,172,6800,0,1,2,3,2,200,0,1,60,2,1,2.3
0,18,165,8400,1,1,3,3,2,100,0,1,0,1,2,3.09
0,26,164,11082,1,1,3,3,2,270,0,0,16,1,4,4.12
1,17,177,6200,1,1,2,3,1,200,0,1,60,1,1,1.98
1,17,173,9500,1,1,2,3,2,300,0,1,19,2,2,3.17
1,22,179,11689,1,1,1,3,2,200,0,1,44,1,3,3.65
1,33,176,8333,1,1,2,2,2,196,0,0,0,2,6,2.69
0,23,154,5500,0,1,3,4,1,200,0,1,0,1,1,2.32
1,23,166,5800,1,1,2,3,1,200,0,0,60,2,0,2.1
0,19,167,4998,0,1,2,3,1,194,0,1,60,1,0,1.79
1,33,170,8584,1,1,2,1,2,279,0,2,0,1,6,2.97
1,24,176,11323,1,1,2,3,2,200,0,1,0,1,3,3.66
0,22,163,8200,1,1,1,1,2,257,0,0,85,2,2,3.09
0,25,164,10482,1,1,3,3,2,103,0,1,5,1,4,3.9
0,21,155,6000,1,0,2,3,2,286,0,0,120,2,6,2.5
1,24,180,11833,1,1,2,2,2,203,0,1,0,1,3,3.65
1,27,175,11227,1,1,2,3,2,211,0,0,23,1,3,3.67
0,18,170,5000,0,1,3,3,1,100,0,2,60,2,0,1.73
0,20,156,5100,1,1,3,3,1,100,0,2,120,2,1,2.1
1,23,180,10700,1,1,2,3,2,300,0,2,0,1,2,3.3
0,19,173,12742,1,1,3,3,2,179,0,0,31,1,4,4.26
1,17,174,8508,1,1,2,3,2,253,0,1,84,1,6,2.81
1,22,185,10500,1,1,2,3,2,300,0,2,60,1,2,3.07
1,34,173,8406,1,1,2,1,2,200,0,2,0,2,6,2.81
0,23,174,13348,1,1,3,3,2,283,0,1,48,1,4,4.41
0,19,164,4986,0,1,2,3,2,200,0,2,60,1,0,1.85
1,21,166,8802,1,1,2,1,2,300,0,0,96,2,2,3.19
1,31,175,11880,1,1,2,3,2,200,0,0,100,1,3,3.88
1,19,177,7900,1,1,3,3,2,200,0,1,0,0,5,2.52
0,18,174,13347,1,1,3,3,2,286,0,1,49,1,4,4.41
0,26,160,7100,1,1,3,3,2,300,0,0,0,1,5,2.77
0,17,171,5000,1,1,3,3,2,200,0,1,60,1,0,1.71
0,19,154,4500,0,0,3,3,2,100,0,1,0,1,0,1.9
1,21,162,6957,0,1,2,1,3,300,0,1,0,1,5,2.65
0,18,170,8500,1,1,2,1,2,281,0,1,98,2,2,2.94
1,23,180,6000,1,0,3,4,1,200,0,2,0,2,0,1.85
1,35,175,9869,1,1,2,1,2,274,0,1,0,1,6,3.22
0,21,152,4200,0,0,2,1,1,300,0,0,120,2,0,1.82
0,38,156,6221,1,1,2,3,2,182,0,0,12,1,5,2.56
1,21,182,12097,1,1,2,2,2,300,0,1,0,1,3,3.65
0,18,178,13348,1,1,3,3,2,122,0,1,55,1,4,4.21
1,24,178,12099,1,1,2,3,2,271,0,1,0,1,3,3.82
1,32,171,8328,1,1,2,3,2,148,0,1,44,1,6,2.85
0,25,173,10481,1,1,3,3,2,270,0,0,41,1,4,3.5
0,26,162,11080,1,1,3,3,2,270,0,0,16,1,4,4.22
0,18,180,15141,1,1,3,3,2,241,0,1,55,1,4,4.67
0,25,162,10495,1,1,3,3,2,265,0,0,6,1,4,4.0
0,21,167,8853,1,1,2,2,2,300,0,1,0,2,2,3.17
0,18,171,5000,0,1,1,3,2,191,0,1,5,1,0,1.71
1,22,167,8999,1,1,1,1,2,200,0,0,115,2,2,3.23
0,23,160,8200,1,1,2,1,2,200,0,2,0,1,2,3.2
0,21,158,4484,0,0,2,1,1,100,0,0,0,1,0,1.8
0,23,166,6000,1,1,3,4,2,200,0,0,60,2,1,2.18
1,38,184,11729,1,1,2,3,2,202,0,0,0,1,3,3.46
1,21,175,7500,1,1,3,3,2,100,0,2,0,1,1,2.45
1,31,175,12097,1,1,2,3,2,217,0,0,71,1,3,3.95
1,22,171,9528,1,1,2,3,2,281,0,0,85,2,2,3.26
0,18,173,8000,1,0,2,3,2,200,0,2,85,1,6,2.67
0,18,168,9000,1,1,2,1,2,200,0,0,0,2,2,3.19
1,18,180,6800,1,1,2,3,2,100,0,2,60,2,1,2.1
1,25,177,11502,1,1,2,3,2,216,0,1,37,1,3,3.67
1,29,175,8906,1,1,2,2,2,200,0,0,0,1,6,2.91
1,21,176,8000,1,1,2,1,2,193,0,1,86,1,6,2.58
1,30,160,10252,1,1,2,3,2,100,0,1,81,1,3,4.0
0,26,162,11377,1,1,3,3,2,268,0,0,32,1,4,4.34
0,21,161,6806,1,1,1,3,3,300,0,1,28,1,5,2.63
1,30,182,7200,1,0,3,3,3,200,1,2,0,1,1,2.17
1,23,165,9500,1,1,2,3,2,200,0,1,120,2,2,3.49
1,21,175,10500,1,1,2,3,2,300,0,3,0,1,2,3.43
0,26,160,11103,1,1,3,3,2,124,0,0,37,1,4,4.34
0,18,174,13355,1,1,3,3,2,285,0,1,37,1,4,4.41
0,25,163,11080,1,1,3,3,2,270,0,0,16,1,4,4.17
0,27,170,7800,1,1,3,2,2,200,0,0,60,0,6,2.7
0,21,161,6718,1,1,1,1,3,200,0,0,4,1,5,2.59
1,23,177,12186,1,1,2,3,2,210,0,1,0,1,3,3.89
1,26,172,6000,0,1,3,3,2,200,0,0,0,1,1,2.03
0,20,156,5100,0,1,2,3,1,100,0,1,0,1,1,2.1
0,16,171,5000,1,1,1,3,2,297,0,1,110,1,5,1.71
0,23,160,8200,1,1,1,3,2,200,0,0,120,1,2,3.2
0,23,166,6000,1,0,2,1,2,200,0,1,0,1,1,2.18
1,18,180,7100,0,1,3,3,2,200,0,0,60,1,1,2.19
1,21,180,6400,1,1,2,3,1,200,0,3,60,2,1,1.98
0,23,163,8200,1,0,2,1,2,300,0,1,0,2,2,3.09
0,25,158,10458,1,1,3,3,2,130,0,0,39,1,4,4.19
1,34,174,8400,1,0,2,3,2,200,0,1,120,2,6,2.77
0,22,162,4500,1,1,3,3,2,200,0,1,60,1,1,1.71
0,38,150,7500,1,1,3,3,2,100,0,0,0,1,2,3.33
1,24,182,12069,1,1,2,1,2,235,0,1,0,1,3,3.64
0,26,162,11082,1,1,3,3,2,277,0,0,49,1,4,4.22
0,20,155,6289,0,0,2,3,2,277,0,2,60,2,5,2.62
0,18,163,8200,0,1,1,3,2,100,0,1,0,1,2,3.09
1,20,180,8550,1,0,3,3,2,200,0,2,60,1,5,2.64
0,22,174,5365,1,1,3,3,1,200,0,2,48,2,0,1.77
1,22,175,5487,1,1,2,3,2,200,0,2,120,2,0,1.79
0,26,162,11192,1,1,3,3,2,286,0,0,8,1,4,4.26
0,19,166,4983,0,0,1,3,1,104,0,2,60,1,0,1.81
0,20,155,4500,0,0,2,3,2,100,0,0,120,1,0,1.87
1,55,165,8000,1,1,2,3,2,200,0,1,0,1,6,2.94
0,26,159,11081,1,1,3,3,2,270,0,0,6,1,4,4.38
0,26,165,11157,1,1,3,3,2,251,0,0,15,1,4,4.1
0,26,165,11192,1,1,3,3,2,277,0,0,5,1,4,4.11
0,16,170,5000,0,1,3,3,1,169,0,2,60,1,0,1.73
1,21,170,9960,1,1,2,3,2,200,0,0,60,2,2,3.45
1,21,162,7000,0,1,2,1,3,200,0,2,0,1,5,2.67
1,27,184,8800,1,1,3,3,0,200,0,2,0,2,1,2.6
1,21,171,9630,1,1,2,3,2,200,0,2,80,2,2,3.29
0,23,165,6000,1,1,3,3,2,300,0,3,0,1,1,2.2
1,20,184,8727,0,1,2,3,2,300,0,1,34,1,5,2.58
1,19,180,7800,1,1,2,3,2,200,0,1,60,1,6,2.41
1,22,184,12281,1,1,3,2,2,154,0,0,0,1,3,3.63
0,17,152,6469,0,0,2,1,2,200,1,0,7,2,5,2.8
1,33,170,8300,1,0,3,3,2,200,0,1,60,2,6,2.87
0,21,160,6500,1,1,2,3,2,200,0,2,0,1,1,2.54
0,22,161,8200,1,1,1,1,2,200,0,0,97,1,2,3.16
1,17,177,5900,1,1,3,4,2,200,0,2,60,2,0,1.88
0,22,165,8999,1,1,1,1,2,200,0,0,17,1,2,3.31
0,19,156,4200,0,1,3,1,1,129,1,0,0,1,0,1.73
1,23,175,7500,1,1,2,3,2,200,0,0,120,0,5,2.45
1,23,171,8328,1,1,2,1,2,122,0,0,96,1,6,2.85
1,21,184,12500,1,1,2,1,2,300,0,1,0,2,2,3.69
0,21,174,13651,1,1,3,3,2,149,0,1,32,1,4,4.51
1,38,170,7984,1,1,3,2,2,171,0,2,0,1,6,2.76
0,23,166,6000,1,1,2,1,2,200,0,2,60,1,1,2.18
0,34,167,7720,1,1,2,1,2,162,0,0,102,1,6,2.77
0,16,157,4189,0,1,2,1,2,194,0,0,55,1,0,1.7
1,17,173,5993,1,1,3,4,2,200,0,2,0,2,0,2.0
0,19,157,4139,0,1,3,1,1,100,0,0,0,1,0,1.68
0,17,148,4981,0,1,2,3,2,196,0,2,60,1,0,2.27
0,25,163,11080,1,1,3,3,2,270,0,0,16,1,4,4.17
1,22,172,6500,1,1,2,3,1,200,0,1,60,2,1,2.2
0,26,163,11193,1,1,3,3,2,262,0,0,6,1,4,4.21
1,30,167,10941,1,1,2,3,2,198,0,0,19,2,3,3.92
1,18,179,5700,1,1,3,4,1,200,0,1,0,2,0,1.78
1,24,177,11616,1,1,2,3,2,200,0,1,9,1,3,3.71
1,24,181,12042,1,1,2,3,2,295,0,1,33,1,3,3.68
1,30,186,12506,1,1,2,3,2,100,0,0,15,1,3,3.61
0,22,169,11448,1,1,3,3,2,238,0,0,13,1,4,4.01
1,30,170,10024,1,1,2,1,2,100,0,1,0,2,3,3.47
0,23,171,7500,1,1,3,3,2,200,1,1,60,1,5,2.56
1,37,176,11856,1,1,2,3,2,210,0,0,0,1,3,3.83
1,31,190,12976,1,1,2,2,2,148,0,0,0,1,3,3.59
0,21,160,6200,0,1,2,1,2,200,0,1,0,1,5,2.42
1,19,158,4500,0,0,2,1,1,142,0,0,0,2,0,1.8
1,39,178,9630,1,1,2,3,2,262,0,2,0,0,2,3.04
1,21,178,7200,1,1,3,3,2,300,0,2,0,1,1,2.27
1,19,181,5000,0,1,1,4,0,100,0,2,0,1,0,1.53
0,21,160,7200,1,1,2,3,2,300,0,1,0,2,5,2.81
0,21,157,4900,0,1,2,3,2,100,0,2,0,1,1,1.99
1,18,185,6200,1,1,2,3,2,200,0,1,60,2,1,1.81
1,19,182,6800,0,0,2,3,2,200,0,2,0,1,1,2.05
1,18,180,5113,1,1,2,3,2,282,0,2,60,1,0,1.58
1,25,184,12075,1,1,3,3,2,300,0,1,11,1,3,3.57
1,21,180,8700,1,0,3,1,2,200,1,2,60,1,5,2.69
0,21,174,13385,1,1,3,3,2,289,0,1,54,1,4,4.42
0,23,165,6000,1,0,3,3,2,200,0,2,0,1,1,2.2
1,38,176,11823,1,1,2,3,2,228,0,0,0,2,3,3.82
1,24,170,7000,0,1,3,3,3,200,0,0,0,2,1,2.42
1,23,180,8500,1,0,2,3,1,200,1,3,60,2,5,2.62
1,20,179,10604,1,1,2,3,2,284,0,0,33,1,2,3.31
0,22,187,12124,1,1,3,3,2,154,0,1,56,1,4,3.47
0,20,160,6500,0,1,2,3,2,200,1,1,27,1,5,2.54
0,30,165,7400,1,1,3,3,2,200,0,0,0,1,1,2.72
1,26,182,12098,1,1,2,3,2,292,0,1,4,1,3,3.65
0,23,157,5000,0,1,2,3,2,100,0,1,0,1,1,2.03
1,19,180,7500,0,1,3,3,2,300,0,1,0,1,5,2.31
0,22,164,5800,1,1,3,3,2,100,0,0,60,2,1,2.16
1,32,175,12000,1,1,2,1,2,300,0,1,0,1,3,3.92
0,21,162,6812,0,1,1,1,3,244,0,0,56,1,5,2.6
0,26,163,11199,1,1,3,3,2,273,0,0,5,1,4,4.22
0,26,161,10492,1,1,3,3,2,166,0,0,27,1,4,4.05
0,22,165,8300,1,1,2,1,2,200,0,2,60,2,2,3.05
0,26,158,11007,1,1,3,3,2,255,0,0,32,1,4,4.41
0,26,162,10991,1,1,3,3,2,283,0,0,31,1,4,4.19
1,38,175,11820,1,1,2,3,2,219,0,0,93,1,3,3.86
1,21,177,10500,1,1,2,3,2,300,0,3,120,1,2,3.35
0,25,162,10498,1,1,3,3,2,265,0,0,45,1,4,4.0
0,25,160,5800,1,0,3,3,1,200,0,0,120,1,5,2.27
1,30,174,12495,1,1,2,3,2,198,0,1,0,1,3,4.13
1,18,170,5000,1,1,2,3,1,200,0,2,60,1,0,1.73
0,20,174,13187,1,1,3,3,2,141,0,1,51,1,4,4.36
0,23,162,8380,1,1,2,2,2,218,0,0,66,1,2,3.19
1,18,179,5300,0,1,2,4,1,200,0,2,60,1,0,1.65
1,34,170,8400,1,1,2,3,2,300,0,3,0,2,6,2.91
0,19,160,5100,1,1,2,4,1,200,1,1,0,1,1,1.99
1,20,178,10500,1,1,2,3,2,235,0,1,32,1,2,3.31
0,26,164,11181,1,1,3,3,2,255,0,0,5,1,4,4.16
0,19,160,5000,0,0,3,4,1,200,0,2,0,2,0,1.95
0,20,160,4500,0,0,3,3,1,100,1,0,0,1,0,1.76
0,23,160,6800,1,1,3,4,2,200,0,0,0,1,1,2.66
0,23,155,5350,0,1,2,3,2,200,0,1,60,2,1,2.23
0,21,171,13373,1,1,3,3,2,286,0,1,51,1,4,4.57
1,18,178,5500,1,1,2,3,1,200,0,2,60,1,0,1.74
1,37,185,9200,1,1,2,1,1,200,0,1,0,1,6,2.69
0,23,160,8200,1,1,2,2,2,100,0,0,60,2,2,3.2
1,55,167,8000,1,1,2,3,2,200,0,1,0,2,6,2.87
1,30,176,12811,1,1,2,3,2,283,0,0,42,1,3,4.14
1,18,171,5092,0,1,2,3,2,149,0,0,101,1,0,1.74
1,25,185,11842,1,1,2,3,2,243,0,2,33,1,2,3.46
1,31,175,12080,1,1,2,3,2,216,0,1,40,1,3,3.94
0,19,159,5800,0,1,3,3,1,100,0,1,0,2,1,2.29
1,17,179,5700,1,1,2,4,2,200,0,2,120,1,0,1.78
0,19,159,4900,1,0,3,3,1,300,0,2,60,2,0,1.94
1,34,170,8000,1,1,2,1,2,200,0,2,0,2,6,2.77
1,25,161,9996,1,1,1,1,2,200,0,0,55,2,3,3.86
0,26,164,11181,1,1,3,3,2,260,0,0,14,1,4,4.16
0,21,172,13152,1,1,3,3,2,141,0,1,56,1,4,4.45
1,17,170,8400,1,0,3,3,2,200,0,1,0,1,6,2.91
0,26,163,11172,1,1,3,3,2,253,0,0,34,1,4,4.2
1,34,174,8472,1,1,2,3,2,211,0,2,0,2,6,2.8
0,25,164,10482,1,1,3,3,2,103,0,0,24,1,4,3.9
1,18,185,8780,1,1,2,3,2,269,0,1,81,1,5,2.57
0,21,152,4200,0,1,3,3,1,100,1,0,0,1,0,1.82
0,26,162,11091,1,1,3,3,2,262,0,0,27,1,4,4.23
1,25,177,11327,1,1,1,3,2,200,0,1,60,1,3,3.62
0,21,175,6200,1,1,3,3,2,200,0,0,60,2,1,2.02
1,33,175,10300,1,1,2,3,2,100,0,1,0,2,3,3.36
0,26,160,10569,1,1,3,3,2,261,0,0,14,1,4,4.13
1,25,183,12099,1,1,2,3,2,300,0,1,40,1,3,3.61
1,23,170,7500,1,1,2,3,2,108,0,0,53,1,5,2.6
1,17,185,5931,1,1,2,3,2,200,0,2,55,1,0,1.73
0,21,174,13651,1,1,3,3,2,274,0,1,44,1,4,4.51
1,21,170,9857,1,1,2,2,2,200,0,2,72,2,2,3.41
0,37,156,7755,1,1,2,3,2,108,0,0,0,2,6,3.19
1,20,172,9943,1,1,2,3,2,200,0,1,56,1,2,3.36
1,20,179,10500,1,1,2,1,2,200,0,1,120,2,2,3.28
1,30,182,12089,1,1,2,3,2,252,0,0,80,1,3,3.65
0,21,169,13376,1,1,3,3,2,133,0,1,57,1,4,4.68
0,20,174,13387,1,1,3,3,2,148,0,1,40,1,4,4.42
1,37,176,11775,1,1,2,3,2,200,0,0,0,1,3,3.8
0,18,168,5150,1,1,1,4,1,200,0,2,60,1,0,1.82
0,39,155,7720,1,1,2,3,2,200,0,2,0,1,2,3.21
1,24,170,8400,0,1,2,3,2,300,0,3,0,2,6,2.91
1,29,168,6800,0,0,1,3,2,200,0,0,60,2,1,2.41
0,21,171,5007,0,1,2,3,1,262,0,1,0,2,0,1.71
0,20,171,6600,1,1,2,3,2,200,0,0,60,1,1,2.26
0,26,162,11082,1,1,3,3,2,263,0,0,24,1,4,4.22
1,22,182,12138,1,1,2,2,2,148,0,1,0,1,3,3.66
1,24,175,10200,1,1,2,3,2,100,0,1,0,2,3,3.33
1,24,182,11833,1,1,2,2,2,249,0,1,0,1,3,3.57
0,20,169,13310,1,1,3,3,2,283,0,1,56,1,4,4.66
0,22,164,5600,0,0,3,1,2,100,0,2,0,2,1,2.08
0,21,162,5800,1,1,2,3,2,100,0,1,0,2,1,2.21
1,21,167,6000,1,1,3,3,0,100,0,0,0,1,1,2.15
0,21,159,4459,1,0,2,2,1,262,0,1,36,2,0,1.76
1,21,181,10503,1,1,2,3,2,214,0,0,99,1,2,3.21
1,17,170,8300,1,1,2,3,2,200,0,3,60,1,6,2.87
0,17,179,4967,0,1,2,3,2,200,0,2,60,1,0,1.55
0,21,178,6997,1,1,3,3,2,265,0,1,50,1,5,2.21
1,18,175,5200,1,0,2,3,2,200,0,0,60,2,0,1.7
1,19,167,6000,1,1,2,3,2,300,0,2,60,1,1,2.15
0,18,167,5600,1,1,3,3,2,200,0,1,0,1,1,2.01
1,24,175,8727,1,1,1,1,2,200,0,1,0,1,6,2.85
0,25,162,10824,1,1,3,3,2,267,0,0,22,1,4,4.12
1,23,175,11512,1,1,1,3,2,216,0,1,22,1,3,3.76
1,21,169,7500,1,1,2,3,2,300,0,1,60,1,5,2.63
1,23,170,8000,1,1,2,3,0,200,0,0,120,1,5,2.77
1,22,170,8000,1,1,2,3,0,200,0,0,60,1,6,2.77
0,26,164,11183,1,1,3,3,2,263,0,0,10,1,4,4.16
1,21,172,6300,0,1,3,3,2,200,0,1,0,2,1,2.13
0,41,155,7700,1,1,3,3,2,100,0,0,0,1,6,3.2
0,26,163,11116,1,1,3,3,2,260,0,0,43,1,4,4.18
0,26,162,11126,1,1,3,3,2,247,0,0,4,1,4,4.24
1,18,176,8000,0,1,2,4,1,100,0,0,60,1,5,2.58
1,23,170,7500,1,1,2,3,1,200,0,0,120,1,5,2.6
0,22,174,13390,1,1,3,3,2,247,0,1,26,1,4,4.42
1,33,165,6800,0,1,3,3,3,200,0,1,120,1,1,2.5
1,25,167,10259,1,1,1,1,2,111,0,1,75,2,3,3.68
0,25,159,11016,1,1,3,3,2,244,0,0,55,1,4,4.36
1,24,170,8328,1,1,2,2,2,202,0,0,66,1,6,2.88
1,22,182,12098,1,1,2,3,2,300,0,1,28,1,3,3.65
0,21,169,12125,1,1,3,3,2,169,0,1,31,1,4,4.25
0,26,160,7600,1,1,3,3,2,200,0,0,0,1,2,2.97
0,21,166,10476,1,1,3,3,2,148,0,0,45,1,4,3.8
0,18,172,5113,1,1,3,3,2,295,0,0,60,1,0,1.73
0,23,161,7592,1,1,2,3,2,198,0,0,60,1,5,2.93
0,22,160,8000,1,1,3,1,2,200,0,0,0,1,2,3.12
1,30,175,10268,1,1,2,3,2,100,0,1,0,2,3,3.35
1,33,185,9758,1,1,2,3,2,300,0,1,62,1,6,2.85
0,27,162,6800,0,1,1,1,2,200,0,1,0,1,5,2.59
1,25,183,7100,0,1,3,3,2,200,1,2,120,1,1,2.12
0,23,173,8398,1,1,2,3,2,264,0,1,0,2,2,2.81
0,26,162,11077,1,1,3,3,2,250,0,0,13,1,4,4.22
1,23,170,8300,1,0,2,3,2,300,0,3,60,2,6,2.87
0,18,160,5000,1,1,3,3,0,100,0,2,60,2,1,1.95
1,31,172,8477,1,1,2,3,2,184,0,0,0,2,6,2.87
1,31,175,11810,1,1,2,3,2,203,0,0,81,1,3,3.86
0,18,171,5083,0,1,2,3,2,153,0,0,60,1,0,1.74
0,18,161,5369,1,1,2,1,3,282,0,2,75,1,5,2.07
0,26,164,11188,1,1,3,3,2,260,0,0,15,1,4,4.16
1,27,182,12089,1,1,2,3,2,282,0,1,0,1,3,3.65
0,21,159,4900,1,1,2,3,1,200,0,2,0,2,0,1.94
0,21,175,13395,1,1,3,3,2,256,0,1,39,1,4,4.37
0,45,170,8000,1,1,3,3,2,100,0,0,0,2,6,2.77
1,19,183,8500,0,0,3,3,0,300,1,1,0,1,5,2.54
1,22,172,8200,1,1,1,1,2,200,0,0,60,1,5,2.77
0,26,166,10990,1,1,3,3,2,270,0,0,10,1,4,3.99
0,23,155,6300,1,1,2,1,1,200,0,2,0,1,5,2.62
0,26,164,11193,1,1,3,3,2,256,0,0,8,1,4,4.16
0,26,164,11021,1,1,3,3,2,281,0,0,13,1,4,4.1
1,22,182,12128,1,1,2,2,2,178,0,0,0,1,3,3.66
1,18,171,5000,1,1,3,3,2,200,0,3,120,1,0,1.71
1,21,162,7000,1,1,2,1,2,100,0,1,0,1,5,2.67
0,26,164,11194,1,1,3,3,2,277,0,0,32,1,4,4.16
1,26,177,11534,1,1,2,3,2,210,0,0,4,1,3,3.68
0,26,164,11158,1,1,3,3,2,261,0,0,10,1,4,4.15
0,17,164,5900,0,1,2,4,0,200,0,2,120,2,0,2.19
0,22,160,8200,1,1,3,1,2,200,0,1,60,1,2,3.2
0,19,172,4993,0,1,3,3,2,100,0,1,60,1,0,1.69
1,17,180,6000,1,0,3,3,2,200,0,2,60,2,0,1.85
1,23,177,8332,1,1,2,2,2,200,0,2,0,1,6,2.66
1,23,170,7500,1,1,3,3,2,200,0,3,120,1,5,2.6
1,26,188,12089,1,1,2,3,2,292,0,0,36,1,3,3.42
0,25,158,10200,1,1,3,3,2,100,0,0,120,1,4,4.09
1,30,176,12426,1,1,2,3,2,124,0,0,53,1,3,4.01
0,25,161,10494,1,1,3,3,2,245,0,0,32,1,4,4.05
1,21,177,7500,1,0,2,3,2,200,0,3,120,2,1,2.39
0,18,163,5500,1,1,3,3,0,100,0,0,60,2,1,2.07
1,33,169,10300,1,1,2,3,2,100,0,1,0,1,2,3.61
0,26,163,11127,1,1,3,3,2,267,0,0,8,1,4,4.19
1,18,174,10800,1,0,2,3,2,200,0,1,60,1,2,3.57
0,16,156,4500,0,1,2,3,2,200,0,2,0,2,0,1.85
0,26,162,10998,1,1,3,3,2,268,0,0,26,1,4,4.19
1,17,170,9970,1,1,2,3,2,200,0,0,31,2,2,3.45
1,18,170,7000,0,1,2,3,1,100,0,1,60,2,1,2.42
0,21,173,13395,1,1,3,3,2,289,0,1,48,1,4,4.48
0,24,162,11377,1,1,3,3,2,274,0,0,31,1,4,4.34
0,22,158,6365,1,0,2,1,2,200,0,1,82,1,6,2.55
1,25,178,11451,1,1,2,3,2,204,0,1,4,1,3,3.61
1,25,177,11770,1,1,1,3,2,252,0,0,37,1,3,3.76
1,33,180,8600,1,1,2,3,1,200,0,2,120,1,5,2.65
0,21,173,7866,0,1,2,2,2,215,0,0,27,1,5,2.63
0,19,170,7424,1,0,3,3,2,200,0,2,60,1,5,2.57
0,18,170,8000,1,1,2,1,2,100,0,0,120,2,5,2.77
1,24,181,12033,1,1,2,2,2,215,0,1,36,1,3,3.67
1,19,181,12280,1,1,3,2,2,198,0,0,0,1,3,3.75
0,23,163,6400,1,1,3,3,0,200,0,1,0,2,1,2.41
1,21,170,9800,1,1,2,1,2,200,0,0,120,2,2,3.39
1,27,182,12000,1,1,2,3,2,200,0,1,0,1,3,3.62
1,22,166,6000,1,1,3,3,3,100,0,2,0,1,1,2.18
0,21,172,13152,1,1,3,3,2,143,0,1,55,1,4,4.45
0,18,155,7178,1,0,3,3,2,200,0,1,60,2,6,2.99
0,19,170,4200,0,1,3,1,1,100,0,2,60,1,0,1.45
1,22,178,10650,1,1,2,3,2,300,0,0,33,2,2,3.36
0,38,169,7900,0,1,3,3,2,100,0,1,0,0,6,2.77
1,31,167,8999,1,1,2,2,2,265,0,1,19,1,2,3.23
0,25,171,10476,1,1,3,3,2,120,0,0,55,1,4,3.58
1,19,178,5500,1,1,3,3,2,200,0,2,0,1,1,1.74
1,22,185,9379,1,1,2,3,2,200,0,0,60,1,6,2.74
1,19,170,8301,1,0,2,1,2,200,0,2,28,2,5,2.87
0,18,174,13361,1,1,3,3,2,286,0,1,37,1,4,4.41
0,24,152,7796,1,0,2,3,2,100,0,0,25,1,6,3.37
0,18,162,5300,0,1,3,3,2,200,0,1,60,1,1,2.02
1,26,173,8001,1,1,2,3,2,231,0,0,1,1,5,2.67
0,18,173,13355,1,1,3,3,2,282,0,1,43,1,4,4.46
0,21,174,13380,1,1,3,3,2,284,0,1,37,1,4,4.42
0,18,162,8200,1,1,3,3,1,100,0,1,0,2,2,3.12
1,29,183,8641,1,1,2,3,2,211,0,0,96,1,5,2.58
0,18,163,6000,1,1,3,4,2,200,0,0,0,1,1,2.26
0,21,176,5000,0,1,3,3,1,179,0,0,0,2,0,1.61
1,19,160,10024,1,1,2,3,2,293,0,2,25,2,2,3.92
0,22,160,8200,1,1,1,1,2,200,0,0,120,1,2,3.2
1,23,172,9781,1,1,2,3,2,200,0,0,116,2,2,3.31
0,19,164,4960,0,1,3,3,2,195,0,1,60,1,0,1.84
0,18,160,6000,1,1,2,1,2,200,0,1,60,2,1,2.34
1,26,182,12060,1,1,2,3,2,300,0,1,0,1,3,3.64
1,19,185,7000,0,0,2,3,2,300,0,3,0,0,1,2.05
0,26,168,11082,1,1,3,3,2,270,0,0,15,1,4,3.93
1,21,175,7800,0,1,2,1,2,200,0,1,0,0,5,2.55
1,28,178,11323,1,1,2,3,2,200,0,0,84,1,3,3.57
0,23,155,7982,1,1,2,1,2,129,0,0,0,2,2,3.32
0,26,164,11184,1,1,3,3,2,262,0,0,45,1,4,4.16
1,25,182,12099,1,1,3,3,2,300,0,2,17,1,3,3.65
1,23,160,6000,1,1,3,1,2,200,0,0,0,1,1,2.34
0,19,166,4903,0,0,3,3,1,199,0,1,60,1,0,1.78
1,30,190,12901,1,1,3,3,2,204,0,1,55,1,3,3.57
1,21,171,8000,1,1,2,1,2,175,0,1,85,2,6,2.74
1,23,187,12123,1,1,2,2,2,198,0,1,0,1,3,3.47
0,21,153,4500,0,1,2,3,2,300,0,2,60,2,1,1.92
1,29,190,12936,1,1,2,3,2,129,0,0,55,1,3,3.58
1,30,180,9200,1,1,2,3,1,200,0,1,60,1,6,2.84
0,21,175,7300,1,1,2,3,0,200,0,1,0,1,1,2.38
0,26,164,11193,1,1,3,3,2,270,0,0,5,1,4,4.16
1,30,160,10230,1,1,2,1,2,102,0,1,60,2,3,4.0
1,27,171,8258,1,1,2,2,2,185,0,0,38,1,6,2.82
0,21,175,13303,1,1,3,3,2,288,0,1,40,1,4,4.34
0,18,162,5200,0,1,2,3,1,300,0,1,60,1,1,1.98
1,25,176,11350,1,1,2,3,2,209,0,1,0,1,3,3.66
0,18,158,4400,0,1,3,1,2,200,0,1,0,2,0,1.76
1,18,162,4800,0,1,2,3,2,100,0,1,60,2,1,1.83
1,19,170,8248,1,1,2,2,2,162,0,0,36,1,6,2.85
1,30,176,11200,1,1,1,3,2,200,0,0,60,1,3,3.62
0,25,161,10494,1,1,3,3,2,233,0,0,38,1,4,4.05
1,23,172,6000,0,1,2,4,2,200,0,1,120,2,1,2.03
1,24,183,12099,1,1,2,3,2,300,0,1,0,1,3,3.61
0,35,167,7747,1,1,2,2,2,215,0,0,49,2,6,2.78
1,55,165,8000,1,1,2,3,2,200,0,2,0,2,6,2.94
1,19,182,8700,0,1,2,3,2,300,0,2,60,1,5,2.63
1,21,187,12120,1,1,2,2,2,108,0,1,0,1,3,3.47
1,22,183,5570,1,1,2,1,1,200,0,1,0,2,0,1.66
1,31,170,8200,1,1,2,1,2,187,0,0,100,1,6,2.84
0,25,164,10227,1,1,3,3,2,102,0,0,60,1,4,3.8
1,23,175,11736,1,1,1,3,2,200,0,1,37,1,3,3.83
0,17,168,5000,1,1,3,4,1,200,0,0,92,2,0,1.77
1,21,180,10503,1,1,2,3,2,284,0,0,30,1,2,3.24
0,23,165,6000,1,1,3,3,2,200,0,0,0,1,1,2.2
1,30,175,11182,1,1,1,3,2,209,0,0,15,1,3,3.65
1,18,170,8500,1,1,2,3,2,300,0,2,60,1,6,2.94
1,25,184,12089,1,1,3,3,2,286,0,1,0,1,3,3.57
1,16,175,5000,1,1,2,1,2,200,0,0,103,1,0,1.63
1,19,180,7600,0,1,3,3,1,200,0,1,0,2,1,2.35
0,26,164,11193,1,1,3,3,2,270,0,0,32,1,4,4.16
0,22,150,6000,1,1,2,3,2,200,0,0,60,2,1,2.67
1,18,165,9000,1,1,2,3,2,100,0,0,120,2,2,3.31
0,18,150,6500,1,0,2,3,2,100,0,0,60,2,6,2.89
1,33,178,8300,1,0,2,3,1,200,0,1,60,0,6,2.62
0,21,160,5000,0,0,3,3,2,200,0,0,0,1,1,1.95
0,18,163,6000,1,1,3,3,2,200,1,1,60,1,1,2.26
0,21,174,13366,1,1,3,3,2,183,0,1,50,1,4,4.41
1,31,175,11838,1,1,2,3,2,253,0,0,0,1,3,3.87
1,21,174,7500,1,1,2,3,2,200,1,1,0,1,1,2.48
0,21,158,5300,1,1,3,3,2,200,0,2,0,1,1,2.12
0,26,161,10496,1,1,3,3,2,195,0,0,27,1,4,4.05
0,18,162,7000,1,1,1,1,2,100,0,1,0,1,5,2.67
1,19,180,8727,1,1,1,3,2,203,0,0,21,1,5,2.69
1,24,175,11820,1,1,1,3,2,200,0,0,28,1,3,3.86
0,23,170,8000,1,1,2,3,2,200,0,2,60,2,6,2.77
0,26,163,11193,1,1,3,3,2,270,0,0,17,1,4,4.21
1,18,176,5714,1,1,2,3,2,242,0,2,113,2,0,1.84
1,21,160,6500,0,0,2,3,2,200,0,1,0,2,1,2.54
0,21,172,13552,1,1,3,3,2,161,0,1,43,1,4,4.58
0,38,156,8000,1,1,2,1,2,200,0,2,0,1,2,3.29
1,31,187,9105,1,1,2,3,2,103,0,0,0,1,6,2.6
0,26,162,11079,1,1,3,3,2,261,0,0,37,1,4,4.22
0,21,171,7888,1,1,2,1,2,214,0,1,39,1,6,2.7
1,17,168,8500,1,0,1,3,2,200,0,2,0,2,6,3.01
1,18,178,6800,1,1,2,4,1,200,0,1,60,0,5,2.15
1,24,178,11323,1,1,2,3,2,200,0,1,0,1,3,3.57
0,20,173,4974,1,1,2,3,2,197,0,1,0,1,0,1.66
0,19,165,6800,1,1,2,3,2,100,0,0,60,1,5,2.5
1,21,175,7500,0,0,2,3,1,300,0,3,0,2,1,2.45
0,25,161,10223,1,1,3,3,2,103,0,0,35,1,4,3.94
1,34,173,10154,1,1,2,1,2,200,0,1,0,2,3,3.39
0,25,161,10498,1,1,3,3,2,221,0,0,42,1,4,4.05
1,22,176,5498,1,1,2,3,1,200,0,2,60,2,0,1.77
0,22,172,8200,1,1,1,1,2,200,0,1,0,1,2,2.77
0,23,165,9003,1,1,2,3,2,277,0,0,0,1,2,3.31
0,33,168,8000,1,0,3,3,2,200,0,1,0,2,6,2.83
1,30,161,10064,1,1,2,2,2,100,0,1,99,2,3,3.88
1,20,185,9500,1,1,2,3,1,300,0,2,60,1,6,2.78
1,33,170,8400,1,1,3,3,2,300,0,1,0,2,6,2.91
0,25,164,10470,1,1,3,3,2,131,0,0,43,1,4,3.89
1,20,178,11390,1,1,2,3,2,300,1,1,120,1,2,3.59
1,23,169,9000,1,1,2,3,2,200,0,1,60,2,2,3.15
0,18,174,13366,1,1,3,3,2,290,0,1,37,1,4,4.41
0,22,164,8200,1,1,1,1,2,200,0,0,120,1,2,3.05
0,19,155,5600,0,0,3,3,1,200,0,0,60,2,1,2.33
1,23,175,9532,1,1,2,3,2,200,0,0,109,2,2,3.11
1,18,181,10801,1,1,2,1,2,300,0,1,120,2,2,3.3
1,29,185,10500,1,0,2,3,2,200,0,1,0,1,2,3.07
1,18,177,5714,1,1,2,3,2,200,0,2,110,2,0,1.82
1,21,162,7000,1,1,2,1,2,200,0,2,60,1,5,2.67
1,23,187,7000,1,1,2,3,2,300,0,2,120,1,1,2.0
0,21,164,13187,1,1,3,3,2,141,0,1,40,1,4,4.9
0,24,163,5600,0,1,3,3,2,100,0,1,0,2,1,2.11
1,20,167,10000,1,1,2,1,1,100,0,1,120,2,3,3.59
0,22,160,4500,0,0,3,3,1,281,1,1,0,2,0,1.76
0,24,164,5150,0,1,3,1,1,100,0,1,60,2,1,1.91
0,20,152,4122,0,1,1,1,1,300,0,0,118,1,0,1.78
0,26,169,11080,1,1,3,3,2,270,0,0,16,1,4,3.88
1,30,170,10287,1,1,2,2,2,100,0,1,0,2,3,3.56
1,21,168,7735,1,1,2,2,2,175,0,0,0,1,6,2.74
1,17,184,6000,1,1,3,3,2,200,0,2,120,2,0,1.77
0,39,160,8003,1,1,2,2,2,207,0,0,0,2,2,3.13
1,30,177,12060,1,1,2,3,2,214,0,0,23,1,3,3.85
0,22,172,4965,1,1,1,3,2,203,0,2,60,1,0,1.68
1,19,191,9236,1,1,2,3,2,270,0,0,34,1,5,2.53
0,26,164,11188,1,1,3,3,2,272,0,0,7,1,4,4.16
0,19,152,4900,0,1,3,3,1,100,0,2,60,1,0,2.12
1,28,185,12042,1,1,2,3,2,300,0,1,0,1,3,3.52
1,23,183,6300,0,1,3,3,2,200,0,3,60,2,1,1.88
1,30,176,11210,1,1,2,3,2,200,0,0,8,1,3,3.62
1,18,172,5200,1,1,2,3,2,200,0,0,105,1,0,1.76
0,25,163,6300,0,1,3,3,2,300,0,1,120,2,1,2.37
0,16,173,5000,0,1,2,3,2,200,0,0,75,1,0,1.67
0,19,152,4200,0,0,3,1,1,200,0,0,4,1,0,1.82
0,25,160,10483,1,1,3,3,2,249,0,0,32,1,4,4.09
1,23,180,7500,1,1,2,3,0,200,0,2,60,1,1,2.31
0,24,166,11283,1,1,3,3,2,262,0,0,34,1,4,4.09
0,36,150,8000,1,1,3,1,2,100,0,1,0,1,6,3.56
0,21,167,7500,1,1,3,1,2,200,0,1,0,1,5,2.69
1,26,180,8700,0,1,3,3,1,100,0,1,0,1,5,2.69
0,21,156,5000,0,1,3,3,1,100,0,0,60,1,1,2.05
1,18,180,7200,1,1,2,3,2,200,0,1,60,1,1,2.22
1,41,175,11854,1,1,2,2,2,200,0,0,0,1,3,3.87
1,22,177,7600,0,1,3,1,2,200,0,2,60,2,1,2.43
1,30,166,12480,1,1,2,3,2,140,0,1,40,1,3,4.53
1,18,170,8600,1,1,3,3,2,200,0,3,60,1,6,2.98
0,25,166,11220,1,1,3,3,2,220,0,0,34,1,4,4.07
1,21,165,7200,1,0,3,3,3,300,0,3,120,2,5,2.64
0,22,160,6400,1,1,3,4,1,200,0,2,60,2,1,2.5
1,19,180,8500,1,1,2,3,2,299,0,2,0,1,5,2.62
0,26,164,11193,1,1,3,3,2,247,0,0,27,1,4,4.16
1,23,174,10500,1,1,2,3,2,274,0,1,0,2,2,3.47
1,30,165,10318,1,1,2,2,2,100,0,0,0,1,3,3.79
1,18,175,6950,1,1,2,3,2,200,0,2,60,1,1,2.27
1,22,184,8929,1,1,1,1,2,171,0,0,60,1,6,2.64
1,17,180,5000,1,1,3,4,1,200,0,2,60,2,0,1.54
0,23,170,7500,1,1,2,3,2,200,0,2,60,1,5,2.6
1,23,185,9500,0,1,2,3,2,200,0,2,0,1,2,2.78
0,17,160,6500,1,1,1,1,2,200,0,0,120,2,5,2.54
1,26,182,12098,1,1,2,3,2,300,0,1,0,1,3,3.65
0,20,179,16093,1,1,3,3,2,237,0,1,44,1,4,5.02
0,27,156,4500,1,1,2,3,2,200,0,0,0,0,1,1.85
1,23,180,8500,1,0,3,3,2,300,0,3,120,1,5,2.62
1,31,169,8906,1,1,1,2,2,200,0,0,38,1,5,3.12
1,23,184,8400,1,1,2,3,1,200,0,2,0,0,5,2.48
1,18,169,5000,0,1,2,3,2,200,0,1,60,1,0,1.75
1,28,178,7800,1,1,1,2,2,100,0,0,0,1,3,2.46
1,19,172,8800,0,0,2,3,2,300,0,3,0,1,6,2.97
1,37,156,7795,1,1,2,1,2,100,0,0,0,1,3,3.2
1,21,168,6000,0,1,2,3,2,200,0,0,60,1,1,2.13
1,25,169,10318,1,1,2,3,2,201,0,1,0,1,3,3.61
0,26,160,10512,1,1,3,3,2,255,0,0,22,1,4,4.11
0,43,169,7727,1,1,2,3,2,187,0,0,0,2,2,2.71
1,24,176,11784,1,1,2,2,2,214,0,1,43,1,3,3.8
1,17,185,8500,1,1,3,3,1,200,0,3,60,1,6,2.48
0,26,164,11194,1,1,3,3,2,284,0,0,10,1,4,4.16
1,25,181,12098,1,1,2,1,2,204,0,1,63,1,3,3.69
1,27,169,9960,1,1,2,3,2,200,0,1,0,2,3,3.49
0,22,165,8055,1,1,2,3,2,200,0,1,120,2,6,2.96
0,20,158,4170,0,1,2,1,1,200,0,0,120,2,0,1.67
1,19,183,8500,0,1,2,1,2,200,0,2,0,1,5,2.54
0,18,162,5100,0,0,2,3,2,200,0,1,60,2,1,1.94
1,18,167,5114,1,1,2,3,2,100,0,1,106,1,0,1.83
0,38,160,6300,0,0,3,1,2,100,0,1,0,1,5,2.46
1,28,179,12090,1,1,2,3,2,254,0,1,8,1,3,3.77
1,23,175,9500,1,1,3,3,1,200,0,3,0,1,6,3.1
1,33,168,8300,0,1,2,1,2,200,0,2,0,2,6,2.94
0,18,162,8200,1,1,2,1,2,100,0,2,60,2,2,3.12
0,26,161,11092,1,1,3,3,2,160,0,0,55,1,4,4.28
1,20,179,10500,1,1,2,3,2,200,0,0,120,1,2,3.28
0,16,160,6500,0,1,2,3,2,300,0,1,60,1,5,2.54
0,21,161,6673,1,1,2,3,2,200,0,0,55,1,5,2.57
1,25,177,11562,1,1,2,3,2,201,0,1,0,1,3,3.69
0,18,150,5200,0,1,2,1,2,100,0,0,60,1,1,2.31
0,21,167,4965,1,1,2,3,1,265,0,1,51,2,0,1.78
0,33,155,6200,0,1,2,3,2,200,0,0,0,1,5,2.58
0,21,161,6799,1,1,1,3,3,107,0,1,100,1,5,2.62
1,20,170,7500,1,1,2,3,2,300,0,1,60,1,6,2.6
0,23,159,4481,0,0,3,2,1,212,0,1,0,2,0,1.77
0,21,171,7597,1,1,2,3,2,179,0,0,13,0,5,2.6
1,20,178,10500,1,1,2,3,2,213,0,0,6,1,2,3.31
1,22,171,9607,1,1,2,2,2,200,0,2,0,2,2,3.29
1,25,182,12074,1,1,3,3,2,300,0,1,21,1,3,3.65
0,21,171,13140,1,1,3,3,2,148,0,1,54,1,4,4.49
0,18,165,6600,1,1,3,3,2,200,0,1,60,2,1,2.42
0,18,173,12679,1,1,3,3,2,240,0,1,53,1,4,4.24
0,25,166,11447,1,1,3,3,2,247,0,0,32,1,4,4.15
1,17,179,6200,1,1,2,3,0,200,0,1,60,2,1,1.94
1,23,178,6400,1,0,2,1,2,200,0,1,60,2,1,2.02
0,36,160,6200,0,1,3,3,2,200,0,0,0,1,5,2.42
0,21,160,6886,1,1,1,3,2,185,0,0,12,1,5,2.69
1,23,178,10794,1,1,2,1,2,256,0,1,10,2,2,3.41
0,22,165,5800,1,1,3,1,2,200,0,0,0,2,1,2.13
0,21,174,13303,1,1,3,3,2,162,0,1,54,1,4,4.39
1,27,160,10990,1,1,2,1,2,100,0,0,0,2,3,4.29
1,23,166,6000,0,1,2,3,1,100,0,0,60,1,1,2.18
1,25,175,11307,1,1,2,3,2,230,0,0,69,1,3,3.69
0,18,159,4481,0,0,2,2,2,118,1,1,0,2,0,1.77
1,37,175,11820,1,1,2,2,2,215,0,0,0,1,3,3.86
1,31,175,11920,1,1,2,3,2,195,0,0,0,1,3,3.89
1,25,184,10317,1,1,2,1,2,151,0,1,0,2,3,3.05
0,20,165,6000,1,1,3,1,0,100,0,2,60,2,1,2.2
1,18,172,8000,1,1,2,3,2,300,0,2,0,2,6,2.7
0,16,164,6000,1,1,2,3,2,200,0,1,0,1,1,2.23
0,21,163,7000,0,1,3,1,3,200,0,1,0,1,5,2.63
0,19,168,7722,1,0,2,3,2,197,0,1,60,1,6,2.74
0,21,173,13334,1,1,3,3,2,286,0,1,55,1,4,4.46
0,26,166,10492,1,1,3,3,2,264,0,0,29,1,4,3.81
0,18,163,7100,1,0,3,3,2,200,0,1,0,2,6,2.67
0,18,159,5500,0,1,2,1,2,200,0,0,60,1,1,2.18
1,18,170,7000,1,1,2,3,1,200,0,1,60,2,1,2.42
0,19,160,7400,1,0,3,3,2,200,0,2,60,1,5,2.89
0,19,164,4900,0,1,2,4,2,100,0,2,0,1,0,1.82
0,26,161,10492,1,1,3,3,2,258,0,0,27,1,4,4.05
0,23,177,13348,1,1,3,3,2,261,0,1,43,1,4,4.26
0,21,163,6400,0,1,2,3,2,300,0,1,0,2,1,2.41
0,21,162,13388,1,1,3,3,2,244,0,1,50,1,4,5.1
1,22,166,6000,0,1,2,1,2,200,0,1,0,2,1,2.18
1,21,162,6791,1,1,1,1,3,200,0,1,0,2,5,2.59
1,22,185,12188,1,1,2,2,2,134,0,1,0,1,3,3.56
1,33,178,8000,1,1,2,1,2,200,0,1,0,2,2,2.52
1,16,177,5714,1,1,2,3,2,208,0,2,113,2,0,1.82
0,25,174,10495,1,1,3,3,2,104,0,0,43,1,4,3.47
1,21,165,8000,1,0,2,3,0,300,0,1,60,2,6,2.94
1,22,178,5569,1,1,2,4,2,252,0,2,100,1,0,1.76
0,26,173,13294,1,1,3,3,2,283,0,0,56,1,4,4.44
0,25,156,10569,1,1,3,3,2,100,0,0,37,1,4,4.34
0,26,162,10998,1,1,3,3,2,261,0,0,16,1,4,4.19
1,25,177,11414,1,1,2,3,2,207,0,1,0,1,3,3.64
1,30,160,10006,1,1,2,1,2,136,0,1,27,1,3,3.91
0,26,162,11181,1,1,3,3,2,270,0,0,51,1,4,4.26
1,25,184,11502,1,1,2,3,2,195,0,1,0,1,3,3.4
0,43,159,7705,1,1,2,2,2,201,0,0,0,2,2,3.05
1,23,185,6500,1,1,2,3,2,100,0,2,60,1,1,1.9
0,21,176,13395,1,1,3,3,2,286,0,1,39,1,4,4.32
0,25,160,10489,1,1,3,3,2,220,0,0,37,1,4,4.1
1,27,180,9900,1,1,2,1,2,200,0,1,0,2,6,3.06
0,26,163,11193,1,1,3,3,2,265,0,0,9,1,4,4.21
0,19,160,4900,0,1,3,3,2,200,0,1,0,1,1,1.91
1,20,179,5300,1,1,2,4,2,200,0,2,60,2,0,1.65
0,26,164,11186,1,1,3,3,2,281,0,0,9,1,4,4.16
1,17,176,5900,0,1,1,3,2,200,0,2,60,1,1,1.9
0,33,167,7495,1,1,2,3,2,120,0,0,0,1,5,2.69
1,29,165,8999,1,1,2,2,2,108,0,1,0,1,2,3.31
0,37,157,6289,1,1,2,2,2,236,0,2,43,1,5,2.55
0,31,164,7488,1,1,2,2,2,100,0,0,0,1,5,2.78
1,18,178,10800,0,1,2,3,2,200,0,1,60,1,2,3.41
0,18,175,13257,1,1,3,3,2,286,0,0,44,1,4,4.33
0,19,160,4500,0,0,3,3,2,200,0,2,0,1,1,1.76
0,21,177,13785,1,1,3,3,2,286,0,1,46,1,4,4.4
0,20,174,13393,1,1,3,3,2,283,0,1,53,1,4,4.42
1,21,170,6500,0,1,2,3,2,100,0,1,0,1,1,2.25
1,22,175,7500,0,1,3,3,2,200,0,3,60,1,1,2.45
1,18,169,6700,0,1,3,3,1,200,0,1,60,0,1,2.35
1,19,182,8600,1,1,2,3,0,300,0,2,60,1,5,2.6
0,21,152,4230,0,1,3,1,1,100,0,0,0,2,0,1.83
0,18,155,6000,0,1,2,3,1,100,0,2,120,2,1,2.5
1,20,169,10302,1,1,2,2,2,200,0,0,60,2,3,3.61
0,19,152,4200,0,1,3,1,1,100,1,0,31,1,0,1.82
1,17,167,6000,1,1,3,3,1,200,0,2,120,2,1,2.15
1,22,179,8999,1,1,2,2,2,300,0,0,30,1,5,2.81
0,23,166,5900,1,0,2,3,2,200,0,3,0,2,1,2.14
0,21,170,5000,1,0,3,3,2,100,0,0,0,1,1,1.73
0,21,162,6825,1,1,1,3,3,131,0,0,97,1,5,2.6
0,19,177,5725,1,1,3,4,1,208,0,2,0,2,0,1.83
0,25,160,10475,1,1,3,3,2,284,0,0,43,1,4,4.09
0,25,167,10476,1,1,3,3,2,171,0,0,54,1,4,3.76
1,17,180,6000,0,1,3,4,0,300,0,2,0,2,0,1.85
0,25,167,10481,1,1,3,3,2,166,0,0,44,1,4,3.76
1,26,176,11616,1,1,1,3,2,210,0,0,0,1,3,3.75
0,21,173,4993,1,1,2,3,1,183,0,2,0,2,0,1.67
1,25,176,11377,1,1,1,3,2,215,0,1,9,1,3,3.67
0,18,162,11064,1,1,3,3,2,232,0,0,27,1,4,4.22
1,21,165,8000,1,1,2,1,2,200,0,1,0,2,2,2.94
1,21,175,7300,1,1,3,3,2,200,0,3,120,1,1,2.38
1,27,183,12079,1,1,2,3,2,230,0,0,80,1,3,3.61
0,26,162,6900,1,1,3,3,2,200,0,0,0,1,1,2.63
0,32,163,8200,1,1,2,1,2,100,0,1,120,1,3,3.09
1,33,164,10384,1,1,2,2,2,195,0,1,0,2,3,3.86
0,23,173,13204,1,1,3,3,2,283,0,1,35,1,4,4.41
1,21,179,8965,1,1,2,1,2,200,0,0,81,1,6,2.8
0,18,160,6900,1,1,2,3,2,200,0,1,0,1,5,2.7
0,18,155,5500,0,1,2,3,2,200,0,2,0,2,1,2.29
0,17,169,6799,1,1,2,2,2,200,0,0,81,2,6,2.38
0,35,169,8398,1,1,3,2,2,174,0,1,0,2,6,2.94
1,22,171,8998,1,1,2,3,2,200,0,2,115,1,6,3.08
0,30,165,7899,1,1,2,3,2,100,0,1,0,1,6,2.9
1,30,191,12923,1,1,2,3,2,180,0,0,0,1,3,3.54
1,24,175,11789,1,1,2,3,2,200,0,0,58,1,3,3.85
0,17,175,5700,0,1,3,3,2,200,0,2,60,1,1,1.86
0,26,165,10475,1,1,3,3,2,132,0,0,46,1,4,3.85
0,19,152,4200,0,1,3,3,1,143,0,0,32,1,0,1.82
1,23,182,12089,1,1,2,3,2,274,0,0,116,2,3,3.65
0,26,164,11186,1,1,3,3,2,273,0,0,7,1,4,4.16
1,18,178,10900,1,0,2,3,2,200,0,1,120,1,2,3.44
1,33,185,8300,1,1,2,3,2,200,0,1,0,1,6,2.43
1,25,176,11732,1,1,2,3,2,203,0,1,22,1,3,3.79
1,22,162,6900,0,0,2,3,2,200,0,1,0,2,5,2.63
0,22,163,8203,1,1,1,1,2,200,0,0,60,1,2,3.09
0,28,175,7954,1,1,2,1,2,226,0,1,0,0,5,2.6
1,23,165,10596,1,1,2,3,2,286,0,0,0,1,2,3.89
0,21,174,13374,1,1,3,3,2,261,0,1,54,1,4,4.42
1,28,177,11344,1,1,2,3,2,211,0,0,0,1,3,3.62
0,21,174,13484,1,1,3,3,2,161,0,1,52,1,4,4.45
0,20,171,12999,1,1,3,3,2,117,0,0,55,1,4,4.45
1,19,180,8531,1,1,2,3,2,213,0,2,4,1,5,2.63
1,30,187,12826,1,1,2,3,2,197,0,0,67,1,3,3.67
1,25,175,11833,1,1,2,3,2,211,0,1,0,1,3,3.86
1,23,179,10500,1,1,2,3,2,200,0,1,0,2,2,3.28
0,21,173,7530,1,1,3,3,2,162,0,0,21,1,5,2.52
0,17,175,5000,0,1,1,4,1,200,0,2,60,1,0,1.63
0,16,159,4458,0,1,2,1,2,245,1,0,0,1,0,1.76
0,26,164,11153,1,1,3,3,2,263,0,0,56,1,4,4.15
1,33,168,8398,1,1,2,3,2,113,0,0,0,1,6,2.98
1,19,179,8000,0,1,1,4,2,200,1,2,60,1,5,2.5
0,26,162,11188,1,1,3,3,2,261,0,0,16,1,4,4.26
1,21,180,7500,1,1,2,3,2,300,0,3,60,1,5,2.31
0,21,150,6300,0,0,2,1,2,200,0,0,0,1,1,2.8
1,22,174,9630,1,1,2,3,2,200,0,2,60,2,2,3.18
1,20,175,6800,0,1,2,3,2,200,0,1,60,1,1,2.22
0,18,173,11296,1,1,3,3,2,142,0,1,43,1,4,3.77
1,25,178,10483,1,1,2,1,2,240,0,0,45,2,3,3.31
1,27,180,11944,1,1,2,2,2,282,0,1,28,1,3,3.69
0,25,161,10287,1,1,3,3,2,105,0,0,32,1,4,3.97
0,21,166,5800,0,1,1,1,0,100,0,2,60,2,1,2.1
0,23,161,6600,0,1,2,3,1,200,0,3,60,2,1,2.55
1,19,180,8500,1,1,2,1,2,300,0,2,0,1,5,2.62
1,21,165,9500,1,1,2,3,2,300,0,3,120,2,2,3.49
0,26,172,11194,1,1,3,3,2,261,0,0,12,1,4,3.78
1,26,190,7000,0,1,3,4,0,200,0,2,0,1,1,1.94
0,45,170,7900,1,1,3,3,2,100,0,0,0,2,6,2.73
0,25,162,10483,1,1,3,3,2,241,0,0,51,1,4,3.99
1,22,172,9479,1,1,2,3,2,200,0,0,116,2,2,3.2
1,33,172,8300,1,1,2,3,2,200,1,2,0,1,6,2.81
1,27,186,12183,1,1,2,2,2,216,0,1,0,1,3,3.52
1,20,193,9000,1,0,2,3,1,200,0,1,60,1,1,2.42
0,25,162,10998,1,1,3,3,2,268,0,0,27,1,4,4.19
1,18,175,5200,0,0,2,3,2,200,0,2,0,1,0,1.7
0,19,170,5000,1,0,3,3,1,100,0,0,60,2,1,1.73
0,26,162,11193,1,1,3,3,2,277,0,0,5,1,4,4.26
1,21,184,8519,1,1,2,3,2,279,0,2,16,1,5,2.52
0,18,156,5100,0,1,2,3,2,100,0,1,0,1,1,2.1
1,22,178,7500,0,1,2,3,2,300,0,1,60,1,5,2.37
0,26,162,11077,1,1,3,3,2,261,0,0,22,1,4,4.22
1,17,176,5500,0,1,3,3,2,200,0,2,60,1,0,1.78
1,32,169,10325,1,1,2,2,2,100,0,0,0,2,3,3.62
0,22,174,13348,1,1,3,3,2,270,0,1,54,1,4,4.41
0,20,174,12870,1,1,3,3,2,241,0,1,55,1,4,4.25
1,31,175,11908,1,1,2,3,2,229,0,0,69,1,3,3.89
1,18,178,10801,1,1,2,1,2,214,0,1,92,2,2,3.41
1,17,179,5900,0,0,3,3,2,200,0,2,0,1,1,1.84
1,30,182,12033,1,1,2,2,2,292,0,1,44,1,3,3.63
1,23,176,9687,1,1,2,3,2,300,0,3,0,2,2,3.13
0,17,151,5700,1,1,2,3,1,100,0,2,0,2,1,2.5
0,20,167,5000,0,1,3,3,2,100,0,2,0,2,0,1.79
0,19,159,3959,0,1,2,1,2,254,0,1,113,2,0,1.57
1,18,180,10481,1,1,2,3,2,235,0,0,34,1,2,3.23
1,23,176,7200,1,0,3,1,2,200,0,0,60,2,1,2.32
0,23,165,6200,1,0,3,3,2,200,0,0,0,2,1,2.28
0,26,165,11194,1,1,3,3,2,288,0,0,6,1,4,4.11
1,22,179,8990,1,1,2,1,2,200,0,0,23,1,6,2.81
0,26,163,11194,1,1,3,3,2,247,0,0,9,1,4,4.21
0,21,158,4700,0,1,2,3,1,200,0,1,0,1,1,1.88
1,25,171,11553,1,1,2,3,2,216,0,1,19,1,3,3.95
0,18,160,5500,1,0,3,3,1,200,0,1,60,2,1,2.15
0,25,160,10571,1,1,3,3,2,243,0,1,26,1,4,4.13
1,21,170,7500,0,1,2,3,2,300,1,3,0,1,5,2.6
1,36,167,9000,1,1,2,1,2,200,0,1,0,1,2,3.23
0,17,163,5500,1,1,2,3,2,100,0,1,60,1,1,2.07
0,24,172,11400,1,1,3,3,2,268,0,0,42,1,4,3.85
1,24,182,12086,1,1,2,3,2,201,0,0,28,1,3,3.65
1,18,170,5015,1,1,1,3,2,114,0,0,96,1,0,1.74
0,19,170,7726,1,0,2,2,2,281,0,0,60,0,6,2.67
1,30,167,10162,1,1,2,2,2,100,0,0,0,1,3,3.64
1,31,182,12541,1,1,2,3,2,195,0,0,0,1,3,3.79
1,24,176,11327,1,1,1,3,2,100,0,1,33,1,3,3.66
0,19,152,4200,0,1,2,1,1,100,0,0,0,1,0,1.82
0,21,171,13104,1,1,3,3,2,171,0,1,55,1,4,4.48
1,19,182,7200,1,1,2,3,2,200,0,1,60,2,1,2.17
1,21,173,7505,1,1,2,3,2,262,1,0,23,1,5,2.51
0,25,159,10483,1,1,3,3,2,244,0,0,24,1,4,4.15
0,22,164,9400,1,1,2,3,0,300,0,0,120,1,2,3.49
0,26,164,11195,1,1,3,3,2,295,0,0,6,1,4,4.16
0,26,162,11067,1,1,3,3,2,247,0,0,27,1,4,4.22
0,39,150,7612,1,1,2,2,2,172,0,0,0,1,2,3.38
0,25,162,10487,1,1,3,3,2,209,0,0,35,1,4,4.0
0,22,162,8200,1,1,2,3,2,196,0,0,95,1,2,3.12
1,18,170,7500,1,1,2,4,1,200,0,3,60,1,1,2.6
0,21,172,13152,1,1,3,3,1,143,0,1,49,1,4,4.45
0,25,161,10484,1,1,3,3,2,148,0,0,17,1,4,4.04
0,18,170,5000,1,1,3,3,1,100,0,2,60,1,0,1.73
1,36,165,9000,1,1,2,1,2,300,0,1,60,1,2,3.31
1,21,160,6600,1,1,2,3,2,300,0,2,0,1,5,2.58
1,20,184,12260,1,1,2,3,2,141,0,0,42,1,3,3.62
0,25,160,8200,1,1,2,1,2,200,0,1,0,1,2,3.2
1,30,180,12500,1,1,2,1,2,300,0,1,0,1,3,3.86
1,23,171,8395,1,1,2,2,2,243,0,0,86,1,6,2.87
0,26,165,11194,1,1,3,3,2,263,0,0,7,1,4,4.11
1,30,170,10064,1,1,2,3,2,100,0,0,93,1,3,3.48
0,26,162,11021,1,1,3,3,2,270,0,0,49,1,4,4.2
1,33,165,10300,1,1,3,3,2,100,0,0,0,2,3,3.78
1,21,175,7500,0,1,3,3,2,200,0,1,60,1,5,2.45
0,26,164,11103,1,1,3,3,2,270,0,0,13,1,4,4.13
0,18,157,7000,1,0,2,3,2,101,0,1,60,1,6,2.84
0,17,151,5500,0,1,1,1,1,200,0,0,60,1,6,2.41
1,30,170,8400,1,0,3,3,2,300,1,3,0,0,6,2.91
1,25,182,12099,1,1,2,3,2,300,0,1,23,1,3,3.65
1,45,172,8000,1,1,3,3,1,200,0,0,0,2,6,2.7
1,21,175,7000,0,1,2,3,2,300,0,2,0,1,1,2.29
0,26,164,11184,1,1,3,3,2,270,0,0,13,1,4,4.16
0,18,163,4912,0,1,2,3,2,100,0,0,60,1,0,1.85
0,18,160,5700,1,0,2,3,2,200,0,3,0,2,1,2.23
0,26,162,11193,1,1,3,3,2,247,0,0,9,1,4,4.26
1,21,170,6500,0,1,2,3,0,200,0,0,60,2,1,2.25
0,33,164,8400,1,1,3,1,1,100,0,0,0,1,2,3.12
0,22,159,4459,0,0,2,1,1,191,0,1,0,2,0,1.76
1,26,184,11911,1,1,2,2,2,200,0,0,0,2,3,3.52
0,26,163,11182,1,1,3,3,2,255,0,0,11,1,4,4.21
1,20,188,6600,0,0,2,3,2,300,0,1,60,1,1,1.87
0,19,184,16093,1,1,3,3,2,253,0,1,53,1,4,4.75
0,21,161,10454,1,1,3,3,2,132,0,0,32,1,4,4.03
1,25,177,11416,1,1,1,3,2,208,0,1,16,1,3,3.64
0,21,165,6000,0,1,2,3,2,300,0,2,0,1,1,2.2
1,55,170,8000,0,0,3,3,2,100,0,0,0,2,6,2.77
1,23,170,6500,0,1,2,3,2,200,0,0,60,1,1,2.25
1,23,183,8800,1,0,2,3,1,200,0,1,120,1,6,2.63
0,20,180,5483,1,1,3,3,2,218,0,2,60,2,0,1.69
1,19,180,6500,0,1,2,3,2,300,0,3,0,2,1,2.01
0,18,178,14029,1,1,3,3,2,283,0,1,47,1,4,4.43
1,23,182,12120,1,1,2,2,2,243,0,0,19,1,3,3.66
0,24,173,9120,1,1,2,3,2,277,0,1,0,1,2,3.05
1,25,177,11615,1,1,1,3,2,200,0,1,25,1,3,3.71
1,22,172,9479,1,1,2,3,2,203,0,0,0,2,2,3.2
1,26,170,11240,1,1,1,3,2,197,0,0,24,1,3,3.89
0,35,175,7393,1,0,2,2,2,150,0,0,0,1,5,2.41
1,22,187,12131,1,1,2,2,2,173,0,1,0,1,3,3.47
1,25,166,11320,1,1,3,3,2,283,0,0,10,1,3,4.11
0,26,162,11183,1,1,3,3,2,261,0,0,9,1,4,4.26
1,25,175,11763,1,1,2,3,2,215,0,1,4,1,3,3.84
0,25,172,10499,1,1,3,3,2,165,0,0,48,1,4,3.55
0,40,158,8000,1,1,2,1,2,200,0,0,0,2,2,3.2
0,26,176,11193,1,1,3,3,2,277,0,0,55,1,4,3.61
1,24,170,10494,1,1,2,1,2,100,0,0,92,2,3,3.63
1,24,194,12165,1,1,2,2,2,290,0,1,0,1,3,3.23
0,18,174,13374,1,1,3,3,2,286,0,1,42,1,4,4.42
1,45,170,8000,0,1,3,3,2,200,0,0,0,2,6,2.77
1,33,170,10325,1,1,2,2,2,100,0,1,0,2,3,3.57
0,21,173,13388,1,1,3,3,2,187,0,1,48,1,4,4.47
0,16,160,6500,1,1,3,3,2,200,0,1,60,1,5,2.54
0,18,167,5000,0,1,3,1,2,100,0,1,120,1,0,1.79
1,22,170,5149,1,1,2,4,1,200,0,2,120,2,0,1.78
0,18,180,14179,1,1,3,3,2,238,0,1,50,1,4,4.38
1,23,178,9500,1,1,3,3,1,300,0,3,120,0,2,3.0
0,22,171,8200,1,1,2,2,2,161,0,0,82,1,6,2.8
0,26,163,11181,1,1,3,3,2,255,0,0,13,1,4,4.21
1,19,180,8700,0,1,2,3,1,300,0,3,60,1,5,2.69
1,21,170,7000,1,0,2,4,2,300,0,2,0,2,1,2.42
1,19,181,8500,1,1,2,3,2,281,0,1,57,1,5,2.59
1,23,171,9474,1,1,2,3,2,200,0,0,0,2,2,3.24
1,22,187,12145,1,1,2,3,2,185,0,1,0,1,3,3.47
0,16,154,4700,1,1,2,1,2,200,0,1,60,2,1,1.98
0,21,173,5143,1,1,3,3,1,114,0,0,55,2,0,1.72
0,21,164,7500,0,1,2,1,2,200,0,1,0,1,5,2.79
0,19,167,4500,1,0,3,3,1,100,0,1,0,2,0,1.61
0,23,170,7800,1,1,2,1,2,200,0,2,60,1,6,2.7
0,18,171,12876,1,1,3,3,2,132,0,0,28,1,4,4.4
0,26,163,10604,1,1,3,3,2,265,0,0,33,1,4,3.99
0,19,153,4200,0,1,2,1,1,100,0,0,0,1,0,1.79
1,25,161,6600,1,1,2,4,1,200,0,3,0,0,5,2.55
0,19,157,4900,0,1,2,3,3,200,0,1,60,1,1,1.99
1,21,162,7000,0,1,2,3,3,200,1,2,0,1,5,2.67
0,26,164,11182,1,1,3,3,2,255,0,0,5,1,4,4.16
0,18,174,13366,1,1,3,3,2,284,0,1,54,1,4,4.41
0,26,157,6000,0,1,3,3,2,200,0,0,0,1,1,2.43
0,37,156,6285,1,1,2,3,2,100,0,2,39,2,5,2.58
1,33,169,8398,1,1,2,2,2,181,0,0,0,1,6,2.94
0,21,171,13104,1,1,3,3,2,165,0,1,51,1,4,4.48
0,26,164,11186,1,1,3,3,2,243,0,0,16,1,4,4.16
0,23,159,4466,0,1,2,3,1,281,0,0,0,2,0,1.77
0,18,170,8000,1,1,3,3,1,200,0,2,60,1,6,2.77
1,23,176,12042,1,1,2,3,2,205,0,1,23,1,3,3.89
0,26,162,11160,1,1,3,3,2,265,0,0,16,1,4,4.25
1,26,181,10525,1,1,2,3,2,235,0,1,95,1,2,3.21
1,30,175,11811,1,1,2,3,2,215,0,1,0,2,3,3.86
1,25,176,11409,1,1,1,3,2,200,0,1,0,1,3,3.68
0,21,166,5600,0,0,2,3,2,300,0,2,0,1,1,2.03
1,17,190,6500,0,0,2,3,2,100,0,1,0,1,1,1.8
1,23,178,7000,1,0,2,3,1,200,0,2,60,2,1,2.21
0,26,164,11194,1,1,3,3,2,262,0,0,5,1,4,4.16
0,18,162,6800,0,1,2,3,2,200,0,1,60,1,5,2.59
1,55,178,8700,1,0,3,3,2,300,0,1,60,1,5,2.75
0,34,167,7726,1,1,2,1,2,264,0,0,0,2,6,2.77
0,16,160,4500,0,1,2,3,2,236,0,1,60,1,0,1.76
0,18,184,10642,1,1,2,3,2,187,0,1,0,2,2,3.14
1,33,169,8300,1,1,3,3,2,300,0,2,0,2,6,2.91
1,21,178,10500,1,1,2,3,2,285,0,1,0,1,2,3.31
1,29,184,12426,1,1,2,3,2,253,0,1,0,1,3,3.67
0,21,150,5700,1,1,2,3,0,100,0,0,0,1,1,2.53
0,19,156,4500,0,0,3,3,2,200,0,0,60,1,1,1.85
0,18,168,9000,1,1,2,3,2,245,0,1,0,1,2,3.19
0,21,152,4200,1,1,3,1,1,100,0,0,0,1,0,1.82
0,41,165,8700,0,1,2,3,2,100,0,2,0,2,2,3.2
0,25,164,11021,1,1,3,3,2,255,0,0,26,1,4,4.1
1,22,173,9636,1,1,2,2,2,277,0,0,120,2,2,3.22
0,18,160,8200,1,1,3,1,2,100,0,1,0,1,2,3.2
0,24,152,8079,1,1,2,1,2,200,0,0,21,1,2,3.5
0,19,160,4500,0,1,2,3,1,200,1,2,0,2,1,1.76
1,22,184,12206,1,1,3,2,2,159,0,1,0,1,3,3.61
1,20,175,10370,1,1,2,1,2,226,0,2,0,2,2,3.39
0,22,155,6221,0,1,2,2,2,265,0,0,0,1,5,2.59
0,22,165,5600,1,1,3,3,2,200,0,3,0,2,1,2.06
1,20,178,10500,1,0,2,3,2,300,0,1,0,2,2,3.31
0,21,174,13345,1,1,3,3,2,287,0,1,54,1,4,4.41
1,19,170,7800,0,1,2,3,2,300,0,1,60,0,6,2.7
1,24,179,12061,1,1,2,2,2,286,0,1,0,1,3,3.76
0,25,162,10542,1,1,3,3,2,235,0,0,32,1,4,4.02
1,17,185,9900,1,1,2,3,1,200,0,1,60,1,2,2.89
0,39,155,6221,1,1,2,2,2,200,0,0,6,1,5,2.59
1,22,174,8000,1,1,2,3,2,200,0,0,120,1,6,2.64
0,21,172,13133,1,1,3,3,2,130,0,1,56,1,4,4.44
1,18,180,8600,0,1,2,3,2,200,0,2,60,1,5,2.65
0,26,162,11153,1,1,3,3,2,278,0,0,9,1,4,4.25
0,21,174,13366,1,1,3,3,2,286,0,1,55,1,4,4.41
1,21,172,6500,1,0,2,3,2,200,0,2,60,2,1,2.2
0,19,160,6500,0,1,2,3,2,200,0,2,0,1,5,2.54
0,25,168,10475,1,1,3,3,2,138,0,0,54,1,4,3.71
1,19,172,8500,0,1,3,3,2,200,0,2,120,2,6,2.87
1,23,168,6800,0,1,2,4,1,100,0,0,0,2,1,2.41
0,18,158,4000,0,1,2,3,2,100,0,1,60,1,0,1.6
0,26,161,10492,1,1,3,3,2,261,0,0,27,1,4,4.05
0,23,160,4500,1,1,3,3,2,200,0,3,0,1,1,1.76
0,26,163,11194,1,1,3,3,2,261,0,0,2,1,4,4.21
0,26,164,10525,1,1,3,3,2,285,0,0,6,1,4,3.91
0,26,164,11193,1,1,3,3,2,272,0,0,5,1,4,4.16
0,38,163,7700,1,1,3,1,2,200,0,0,0,1,5,2.9
0,21,164,8803,1,1,2,1,2,300,0,1,0,2,2,3.27
1,32,170,10163,1,1,2,3,2,191,0,0,33,1,3,3.52
1,18,170,8000,0,0,2,3,2,200,0,1,60,1,6,2.77
0,21,162,6800,1,0,2,1,2,100,0,0,60,2,6,2.59
0,21,174,14729,1,1,3,3,2,270,0,1,55,1,4,4.86
0,34,165,7700,1,1,2,3,2,200,0,0,60,2,6,2.83
1,21,175,7800,1,0,3,3,2,200,0,2,0,1,6,2.55
1,19,171,7986,1,0,1,2,2,200,0,1,60,2,6,2.73
1,18,172,5143,1,1,2,3,2,195,0,0,56,1,0,1.74
0,18,160,5500,1,1,1,3,2,100,0,1,60,2,1,2.15
1,19,181,8766,1,1,2,3,2,300,0,2,46,1,5,2.68
0,18,174,13395,1,1,3,3,2,262,0,1,50,1,4,4.42
1,18,178,9526,1,1,2,3,2,200,0,2,80,1,2,3.01
1,30,184,12495,1,1,2,3,2,235,0,0,11,1,3,3.69
0,20,164,5000,1,1,3,4,2,100,0,1,60,2,1,1.86
1,16,182,7100,0,1,2,4,1,200,0,3,60,1,1,2.14
1,17,183,8400,0,1,2,3,2,200,0,1,120,1,6,2.51
0,21,170,5000,0,1,2,3,2,100,0,2,0,2,0,1.73
0,19,155,4500,0,1,3,3,2,100,0,2,60,1,0,1.87
1,16,175,4500,0,1,2,3,2,251,1,1,59,1,0,1.47
0,25,171,10981,1,1,3,3,2,252,0,0,54,1,4,3.76
0,28,170,7800,1,1,2,1,2,200,0,0,120,0,6,2.7
1,17,178,5000,1,1,1,3,2,100,0,2,60,2,0,1.58
0,19,162,5800,1,1,3,4,2,200,0,1,60,1,1,2.21
0,25,160,10485,1,1,3,3,2,270,0,0,31,1,4,4.1
1,29,190,12901,1,1,2,3,2,116,0,0,86,1,3,3.57
1,21,178,10649,1,1,2,3,2,206,0,0,43,1,2,3.36
0,18,177,13779,1,1,3,3,2,282,0,1,49,1,4,4.4
1,25,181,11775,1,1,2,3,2,253,0,1,38,1,3,3.59
0,25,166,10223,1,1,3,3,2,106,0,0,6,1,4,3.71
0,21,179,13704,1,1,3,3,2,286,0,1,39,1,4,4.28
0,21,172,13396,1,1,3,3,2,282,0,1,53,1,4,4.53
0,26,162,11021,1,1,3,3,2,100,0,0,27,1,4,4.2
1,28,186,10163,1,1,2,1,2,199,0,1,0,2,3,2.94
0,19,173,4983,0,1,2,3,1,243,0,2,46,2,0,1.66
0,25,161,10483,1,1,3,3,2,102,0,0,5,1,4,4.04
0,19,176,13301,1,1,3,3,2,286,0,1,46,1,4,4.29
1,41,180,11659,1,1,2,3,2,200,0,0,0,1,3,3.6
0,22,161,6300,1,1,3,3,2,200,0,1,0,1,5,2.43
1,30,178,12034,1,1,2,3,2,215,0,1,37,1,3,3.8
0,23,153,4500,0,1,3,3,2,200,1,2,0,1,1,1.92
1,18,179,10860,1,1,2,1,2,262,0,1,80,2,2,3.39
1,21,185,6400,1,1,2,3,2,100,0,2,0,1,1,1.87
0,26,162,11195,1,1,3,3,2,263,0,0,13,1,4,4.27
0,39,163,8008,1,1,2,3,2,288,0,0,0,1,2,3.01
1,18,180,6800,1,1,2,3,2,200,0,1,60,1,1,2.1
0,32,170,7910,1,1,2,1,2,145,0,0,0,2,6,2.74
0,26,163,11182,1,1,3,3,2,264,0,0,14,1,4,4.21
0,37,156,7664,1,1,2,3,2,160,0,0,0,1,2,3.15
1,25,180,9741,1,1,2,2,2,300,0,2,60,2,2,3.01
1,21,170,8000,1,1,2,2,2,200,0,2,0,2,6,2.77
0,26,164,11195,1,1,3,3,2,285,0,1,15,1,4,4.16
0,16,161,6500,1,1,2,3,2,215,0,0,90,1,5,2.51
0,19,153,6287,1,0,2,1,2,127,0,1,60,2,6,2.69
1,20,170,9500,1,1,2,3,1,200,0,2,60,0,6,3.29
1,19,168,9400,1,0,3,3,0,300,0,3,60,0,2,3.33
1,23,166,10252,1,1,2,2,2,200,0,1,0,2,3,3.72
1,18,178,5200,1,1,3,3,2,200,0,1,120,2,0,1.64
0,19,172,5000,0,0,1,4,1,142,0,0,60,1,0,1.69
1,23,180,10535,1,1,2,3,2,209,0,0,35,1,2,3.25
0,19,166,4983,0,1,1,3,2,284,0,2,60,1,0,1.81
0,23,165,7800,1,1,2,1,2,200,0,1,60,2,6,2.87
1,18,179,6000,1,1,3,3,2,200,0,2,0,2,0,1.87
0,18,165,9100,1,1,2,3,2,100,0,1,0,2,2,3.34
1,26,179,12020,1,1,2,3,2,273,0,0,22,1,3,3.75
0,26,164,11193,1,1,3,3,2,263,0,0,8,1,4,4.16
0,17,173,8419,1,1,2,2,2,200,1,0,110,2,5,2.81
0,23,170,7800,1,1,3,3,1,200,0,0,60,0,6,2.7
0,19,173,13348,1,1,3,3,2,283,0,1,46,1,4,4.46
0,19,155,6389,0,1,2,1,2,237,1,1,60,1,5,2.66
0,26,162,11067,1,1,3,3,2,268,0,0,17,1,4,4.22
1,25,165,10200,1,1,2,3,2,100,0,0,60,1,2,3.75
0,25,164,10483,1,1,3,3,2,103,0,0,55,1,4,3.9
1,23,180,7500,1,1,2,3,2,300,0,1,60,1,1,2.31
1,18,172,5300,1,1,3,3,1,200,0,1,60,1,0,1.79
0,25,162,10503,1,1,3,3,2,265,0,0,24,1,4,4.0
0,26,166,10998,1,1,3,3,2,270,0,0,17,1,4,3.99
0,19,164,4903,0,0,2,3,2,100,0,2,60,1,0,1.82
1,24,183,11833,1,1,2,2,2,200,0,0,0,1,3,3.53
1,27,162,6952,1,0,2,3,2,252,0,1,77,2,6,2.65
1,31,190,12541,1,1,2,1,2,100,0,0,13,1,3,3.47
0,21,165,8812,1,1,2,1,2,211,0,1,87,2,2,3.24
1,38,175,11840,1,1,2,3,2,217,0,0,0,1,3,3.87
1,33,181,9179,1,1,2,2,2,200,0,1,0,1,6,2.8
0,17,160,6500,1,0,2,1,2,200,0,0,92,2,6,2.54
1,23,165,9500,1,1,2,3,0,300,0,3,120,2,5,3.49
1,19,180,8500,1,1,2,3,2,300,0,2,60,1,5,2.62
0,18,163,5000,0,1,2,3,2,100,0,1,120,1,0,1.88
1,20,169,10477,1,1,2,1,2,155,0,0,60,2,3,3.67
1,33,174,8400,0,0,3,1,1,300,0,3,0,0,6,2.77
1,40,179,10998,1,1,2,3,2,233,0,1,28,1,2,3.43
0,43,158,8000,1,1,2,3,2,200,0,0,0,1,6,3.2
1,23,170,9500,1,1,2,3,1,200,0,0,60,0,6,3.29
0,26,165,9000,1,1,2,3,2,200,0,0,120,1,2,3.31
1,16,165,6000,0,0,2,3,2,100,0,0,0,1,1,2.2
1,21,170,9479,1,1,2,2,2,229,0,0,0,2,2,3.28
0,25,162,10481,1,1,3,3,2,143,0,0,35,1,4,3.99
0,25,163,11081,1,1,3,3,2,281,0,0,46,1,4,4.17
1,24,182,12077,1,1,2,3,2,293,0,1,0,1,3,3.65
0,21,176,13384,1,1,3,3,2,160,0,1,54,1,4,4.32
0,21,161,6880,1,1,1,3,3,200,0,0,3,1,5,2.65
1,39,183,9636,1,1,2,3,2,300,0,2,0,0,2,2.88
0,30,168,7984,1,1,2,3,2,100,0,0,59,2,6,2.83
1,18,174,6400,1,0,3,3,2,200,0,2,60,2,1,2.11
1,21,162,7000,1,1,2,1,2,300,0,1,120,1,5,2.67
0,19,154,4800,1,1,3,3,1,200,0,2,60,1,1,2.02
0,26,163,11195,1,1,3,3,2,262,0,0,15,1,4,4.21
1,18,163,5200,1,1,3,3,2,100,0,1,0,1,1,1.96
0,20,152,4139,0,1,2,1,1,103,0,0,0,1,0,1.79
0,21,177,13395,1,1,3,3,2,282,0,1,50,1,4,4.28
1,19,180,8500,0,1,3,3,2,200,0,0,60,1,5,2.62
0,19,184,4960,0,0,3,3,2,143,0,2,60,1,0,1.47
0,18,177,13783,1,1,3,3,2,286,0,1,55,1,4,4.4
0,26,162,11067,1,1,3,3,2,269,0,0,26,1,4,4.22
0,21,175,7800,1,1,2,3,2,200,0,0,120,2,6,2.55
0,25,162,11062,1,1,3,3,2,170,0,0,26,1,4,4.22
0,22,167,6319,1,0,2,1,2,200,0,2,82,2,6,2.27
0,21,175,13384,1,1,3,3,2,295,0,1,55,1,4,4.37
0,22,175,8000,1,1,2,2,2,237,0,0,0,1,5,2.61
0,26,164,11194,1,1,3,3,2,277,0,0,5,1,4,4.16
0,21,174,13364,1,1,3,3,2,241,0,1,41,1,4,4.41
1,22,171,8000,1,1,2,3,1,200,0,2,0,2,5,2.74
0,26,163,11080,1,1,3,3,2,270,0,0,23,1,4,4.17
1,21,176,6600,1,1,2,3,0,100,0,1,60,2,1,2.13
1,21,176,7000,1,1,2,4,2,200,0,2,60,1,1,2.26
0,21,154,6400,1,1,3,3,2,300,0,2,0,1,4,2.7
1,17,175,6000,1,1,2,4,2,200,0,2,38,2,0,1.96
0,26,161,10542,1,1,3,3,2,132,0,0,32,1,4,4.07
1,26,182,11919,1,1,2,3,2,231,0,1,17,1,3,3.6
1,24,160,10020,1,1,2,1,2,100,0,1,102,1,3,3.91
1,23,170,6800,0,1,2,3,1,200,0,1,60,1,1,2.35
1,29,180,10874,1,1,2,3,2,209,0,1,0,1,2,3.36
1,21,165,8500,1,1,2,3,2,300,0,1,60,1,6,3.12
0,22,167,12142,1,1,3,3,2,134,0,0,50,1,4,4.35
0,27,168,6800,1,0,3,1,2,200,0,1,0,1,1,2.41
1,23,183,12165,1,1,2,2,2,281,0,1,0,2,3,3.63
1,32,176,10377,1,1,2,1,2,207,0,1,0,2,3,3.35
1,20,179,10544,1,1,2,3,2,179,0,0,22,1,2,3.29
1,23,184,12124,1,1,3,3,2,262,0,0,0,1,3,3.58
1,24,191,12164,1,1,2,3,2,100,0,0,0,1,3,3.33
0,21,155,4800,0,1,2,3,2,100,0,1,0,1,1,2.0
1,27,182,12099,1,1,2,3,2,134,0,0,86,1,3,3.65
1,31,183,12495,1,1,2,2,2,215,0,0,0,1,3,3.73
0,43,155,7612,1,1,2,1,2,200,0,0,0,2,2,3.17
0,16,158,5800,0,1,1,3,2,100,0,0,60,1,1,2.32
1,41,168,9900,1,1,2,3,2,100,0,1,0,2,2,3.51
0,19,159,4900,0,1,2,4,2,200,0,2,60,1,0,1.94
0,19,156,5500,1,1,3,3,0,100,0,1,0,1,1,2.26
1,32,169,10259,1,1,2,2,2,100,0,1,0,2,3,3.59
1,23,175,5233,1,1,2,3,2,200,0,0,75,2,0,1.71
0,23,184,12124,1,1,3,3,1,263,0,0,0,1,4,3.58
1,20,176,6600,1,1,3,4,2,200,0,1,0,1,1,2.13
1,30,179,12039,1,1,2,3,2,217,0,0,0,1,2,3.76
1,22,190,6000,0,0,2,3,1,100,1,2,0,2,0,1.66
1,24,178,12064,1,1,2,3,2,216,0,1,40,1,3,3.81
1,20,179,10500,1,0,2,3,2,300,0,2,0,1,2,3.28
0,26,165,11194,1,1,3,3,2,298,0,0,24,1,4,4.11
1,21,176,11659,1,1,2,3,2,300,0,3,0,1,2,3.76
0,26,164,11153,1,1,3,3,2,262,0,0,5,1,4,4.15
0,26,173,11185,1,1,3,3,2,263,0,0,7,1,4,3.74
1,34,170,9000,0,1,2,3,2,200,0,1,0,1,6,3.11
0,21,155,6300,0,0,2,1,2,100,0,2,0,1,5,2.62
1,27,184,12002,1,1,2,2,2,200,0,1,0,1,3,3.55
1,21,162,7000,0,1,2,1,3,200,0,0,0,1,5,2.67
0,26,162,11121,1,1,3,3,2,263,0,0,7,1,4,4.24
1,21,178,10500,1,1,2,3,2,210,0,0,0,1,2,3.31
0,21,175,13569,1,1,3,3,2,165,0,1,45,1,4,4.43
1,22,175,9500,1,1,2,3,2,200,0,1,60,2,2,3.1
0,34,163,7300,1,1,2,1,2,300,0,2,0,2,5,2.75
1,23,182,11919,1,1,2,3,2,250,0,0,10,1,3,3.6
0,21,173,13257,1,1,3,3,2,197,0,1,54,1,4,4.43
1,25,189,12098,1,1,2,3,2,300,0,1,0,1,3,3.39
0,21,160,6000,0,0,2,3,2,100,0,0,0,1,1,2.34
1,17,184,8568,1,1,2,2,2,276,1,1,51,1,5,2.53
1,55,175,8000,1,1,3,3,2,200,0,0,0,1,5,2.61
0,21,178,13387,1,1,3,3,2,284,0,1,40,1,4,4.23
1,24,170,8000,0,1,2,3,2,200,0,1,120,1,6,2.77
0,40,150,8000,1,1,2,3,2,200,0,0,0,2,6,3.56
0,23,160,6100,0,1,3,3,1,200,1,2,0,2,1,2.38
0,20,174,5063,0,1,3,3,2,183,0,1,36,1,0,1.67
0,18,160,7000,1,1,3,1,2,100,0,0,120,2,5,2.73
0,26,163,10558,1,1,3,3,2,247,0,0,26,1,4,3.97
0,34,167,7700,1,1,2,1,2,280,0,0,0,2,6,2.76
1,24,171,12020,1,1,2,2,2,231,0,1,0,1,3,4.11
1,20,184,8500,1,1,2,3,2,200,0,2,7,1,5,2.51
0,19,156,4500,1,0,2,3,2,100,0,1,0,1,1,1.85
0,21,167,8843,1,1,2,1,2,179,0,0,47,1,6,3.17
1,17,170,8500,0,0,2,2,2,100,0,1,60,1,6,2.94
0,39,168,7943,1,1,2,3,2,144,0,0,0,1,5,2.81
1,23,185,7200,1,1,1,3,2,100,0,1,0,1,1,2.1
0,21,165,8000,1,1,2,1,2,200,0,0,120,1,5,2.94
0,18,175,12470,1,1,3,3,2,243,0,1,55,1,4,4.07
1,18,175,11200,1,1,1,3,2,200,0,1,43,1,3,3.66
0,26,164,11071,1,1,3,3,2,270,0,0,27,1,4,4.12
0,25,160,10489,1,1,3,3,2,220,0,0,41,1,4,4.1
0,21,175,5700,1,1,2,3,1,200,1,1,60,1,0,1.86
1,23,170,6000,1,1,2,3,2,100,0,0,60,2,1,2.08
0,18,169,5200,0,1,3,3,1,200,0,0,60,1,0,1.82
1,30,176,12034,1,1,2,3,2,219,0,0,59,1,3,3.88
1,23,168,8000,1,1,2,3,2,200,0,1,60,1,6,2.83
0,23,162,8000,1,1,3,1,2,300,0,1,0,2,2,3.05
1,23,165,9500,1,1,2,3,2,200,0,0,120,2,2,3.49
1,17,180,9700,1,1,2,3,2,200,0,1,60,1,6,2.99
1,20,170,6000,1,1,3,1,2,300,0,0,120,1,1,2.08
1,32,169,10302,1,1,2,3,2,100,0,1,0,2,3,3.61
1,21,165,8000,1,1,2,1,2,192,0,0,0,1,6,2.94
0,26,162,11080,1,1,3,3,2,261,0,0,19,1,4,4.22
1,31,184,11838,1,1,2,3,2,206,0,0,95,1,3,3.5
0,23,172,8300,1,1,2,1,2,100,0,1,60,2,6,2.81
1,20,170,8500,1,0,3,3,2,200,0,1,60,1,6,2.94
1,29,179,8965,1,1,1,1,2,102,0,1,0,1,6,2.8
0,21,180,16093,1,1,3,3,2,247,0,0,44,1,4,4.97
0,25,164,10499,1,1,3,3,2,268,0,0,51,1,4,3.9
0,21,174,13364,1,1,3,3,2,284,0,1,32,1,4,4.41
1,24,177,11616,1,1,1,3,2,200,0,0,60,1,3,3.71
0,26,164,11193,1,1,3,3,2,166,0,0,12,1,4,4.16
1,21,171,8058,1,1,1,3,2,200,0,0,108,2,6,2.76
0,17,170,5000,0,1,2,4,1,200,0,2,60,1,0,1.73
0,26,162,10701,1,1,3,3,2,268,0,0,26,1,4,4.08
0,26,164,11193,1,1,3,3,2,263,0,0,10,1,4,4.16
1,22,185,7500,1,1,3,3,1,200,0,1,60,0,1,2.19
1,38,175,7800,1,1,2,1,2,300,0,3,0,1,5,2.55
0,23,159,5300,1,1,3,1,2,200,0,0,60,1,1,2.1
1,39,176,8694,1,1,2,3,2,298,0,2,0,2,6,2.81
1,35,170,7900,0,0,3,3,2,300,0,3,0,1,6,2.73
0,23,174,13364,1,1,3,3,2,283,0,1,50,1,4,4.41
1,18,175,8500,1,0,2,3,2,200,0,1,60,1,6,2.78
1,17,175,5999,1,1,2,4,2,200,0,2,113,2,0,1.96
0,23,163,8000,1,1,2,1,2,200,0,0,106,2,2,3.01
0,23,165,5100,1,1,2,3,1,200,0,1,60,2,0,1.87
0,17,165,6000,1,1,3,1,2,200,0,2,60,2,1,2.2
0,36,150,6000,1,1,2,3,2,200,0,0,0,1,6,2.67
0,26,164,11194,1,1,3,3,2,274,0,0,9,1,4,4.16
1,32,177,12099,1,1,2,3,2,273,0,1,0,1,3,3.86
0,17,155,5900,0,1,1,1,2,300,1,1,120,1,5,2.46
1,30,166,10061,1,1,2,1,2,133,0,1,0,2,3,3.65
1,36,169,9630,1,0,2,2,2,200,0,2,60,2,2,3.37
1,18,182,5173,1,1,2,3,2,122,0,0,60,1,0,1.56
1,25,175,11732,1,1,2,3,2,235,0,1,0,1,3,3.83
0,20,157,5000,0,1,2,4,0,200,0,2,0,2,1,2.03
0,25,161,10496,1,1,3,3,2,269,0,0,55,1,4,4.05
1,21,186,6600,0,1,3,3,0,200,1,1,60,1,1,1.91
1,30,177,11833,1,1,2,3,2,215,0,0,62,1,3,3.78
0,26,161,11196,1,1,3,3,2,262,0,0,17,1,4,4.32
0,26,162,11082,1,1,3,3,2,270,0,0,40,1,4,4.22
1,23,170,9500,1,1,2,3,2,300,0,3,120,2,2,3.29
1,20,168,7958,1,1,2,2,2,200,0,1,53,1,5,2.82
1,18,170,7000,1,1,2,3,1,200,0,0,60,1,1,2.42
0,19,174,13395,1,1,3,3,2,247,0,1,51,1,4,4.42
0,23,159,4500,1,0,2,3,1,200,0,0,120,2,0,1.78
0,25,175,13347,1,1,3,3,2,285,0,1,37,1,4,4.36
0,21,154,6300,0,1,2,1,2,100,0,1,0,1,5,2.66
0,39,157,6233,1,1,2,2,2,146,0,0,0,1,5,2.53
1,29,168,9000,1,1,2,1,2,279,0,0,0,1,2,3.19
1,18,185,8800,1,1,3,4,1,300,0,3,60,0,5,2.57
1,25,177,11416,1,1,2,3,2,211,0,1,3,1,3,3.64
1,25,180,10503,1,1,3,3,2,249,0,0,25,1,2,3.24
0,20,156,5000,1,1,3,3,2,200,0,2,120,1,1,2.05
0,18,162,6900,1,0,3,3,2,200,0,0,60,1,6,2.63
1,21,175,9601,1,1,2,1,2,200,0,2,66,1,2,3.14
0,19,152,4200,0,1,2,1,1,132,0,0,22,1,0,1.82
1,23,170,7000,0,1,2,3,2,200,0,1,60,1,1,2.42
0,21,165,6000,1,0,2,4,1,200,0,0,0,2,1,2.2
0,24,170,8300,1,1,3,3,2,200,0,3,0,1,6,2.87
0,20,152,6500,1,0,2,3,2,100,0,0,0,2,6,2.81
0,18,173,13378,1,1,3,3,2,282,0,1,56,1,4,4.47
0,26,166,11067,1,1,3,3,2,270,0,0,24,1,4,4.02
0,26,162,11077,1,1,3,3,2,260,0,0,24,1,4,4.22
0,18,162,5000,1,1,3,4,2,200,0,2,60,1,1,1.91
0,20,174,13152,1,1,3,3,2,143,0,1,46,1,4,4.34
0,26,162,10702,1,1,3,3,2,247,0,0,39,1,4,4.08
0,16,161,6719,1,1,1,1,2,200,0,0,113,2,5,2.59
1,36,175,11948,1,1,2,3,2,284,0,0,0,1,3,3.9
0,26,164,11185,1,1,3,3,2,277,0,0,5,1,4,4.16
1,23,187,12124,1,1,3,2,2,269,0,0,0,1,3,3.47
0,21,175,13152,1,1,3,3,2,130,0,1,56,1,4,4.29
0,26,165,11191,1,1,3,3,2,277,0,0,9,1,4,4.11
1,20,175,8500,0,1,2,4,1,200,0,3,0,1,5,2.78
0,18,178,13785,1,1,3,3,2,285,0,1,39,1,4,4.35
1,25,165,11616,1,1,2,3,2,100,0,1,0,1,3,4.27
0,26,163,11172,1,1,3,3,2,263,0,0,8,1,4,4.2
0,26,166,10505,1,1,3,3,2,268,0,0,56,1,4,3.81
0,19,160,4200,0,1,3,1,1,100,0,0,60,1,0,1.64
1,17,170,8500,0,1,2,3,1,300,0,2,60,1,6,2.94
1,19,167,8999,1,0,1,2,2,200,0,1,44,1,6,3.23
1,38,175,11779,1,1,2,3,2,200,0,0,4,1,3,3.85
1,25,178,11510,1,1,3,3,2,210,0,1,0,1,3,3.63
1,30,176,11838,1,1,2,3,2,235,0,0,104,1,3,3.82
1,36,178,9849,1,1,2,2,2,200,0,1,0,2,2,3.11
1,21,168,6800,1,1,2,3,2,200,0,1,0,1,1,2.41
1,21,170,7500,1,1,2,3,2,300,0,1,0,1,5,2.6
1,23,178,9000,1,1,2,3,2,300,0,0,60,1,2,2.84
1,18,174,5500,1,1,2,4,2,200,0,2,60,1,0,1.82
0,19,152,4200,0,1,3,1,2,100,1,1,0,2,0,1.82
0,18,169,9000,1,1,3,3,0,100,0,1,0,1,6,3.15
0,21,152,4200,1,1,3,1,1,100,0,1,0,1,0,1.82
0,26,162,11080,1,1,3,3,2,270,0,0,16,1,4,4.22
1,32,171,8500,1,1,2,1,2,163,0,0,0,2,6,2.91
1,17,180,9700,1,1,2,3,2,200,0,2,60,0,6,2.99
0,21,162,6924,1,1,1,1,3,200,0,1,0,1,5,2.64
0,22,171,8200,1,1,1,3,2,249,0,2,83,2,2,2.8
1,21,175,6000,0,1,3,3,2,300,0,2,60,1,1,1.96
1,18,176,6900,0,1,2,3,2,200,0,1,60,1,1,2.23
1,31,176,11833,1,1,2,3,2,201,0,0,0,1,3,3.82
0,19,166,4983,1,1,1,3,2,104,0,0,60,1,0,1.81
0,22,151,4466,0,1,2,3,1,200,0,0,0,2,0,1.96
0,21,180,15037,1,1,3,3,2,231,0,1,40,1,4,4.64
0,19,161,8260,1,1,2,3,2,103,0,0,0,2,2,3.19
0,25,174,10493,1,1,3,3,2,132,0,0,48,1,4,3.47
0,29,163,6900,1,1,3,3,2,200,0,0,0,1,5,2.6
1,21,176,7500,1,1,3,4,1,200,0,1,0,1,5,2.42
1,25,183,11327,1,1,1,3,2,297,0,1,3,1,3,3.38
0,22,162,8252,1,1,2,3,2,163,0,0,120,2,2,3.14
1,30,175,12098,1,1,2,3,2,252,0,1,0,1,3,3.95
1,37,175,11842,1,1,2,3,2,216,0,0,0,1,3,3.87
1,22,191,12124,1,1,2,2,2,100,0,0,0,1,3,3.32
1,22,165,7000,0,1,2,3,2,300,0,2,120,2,5,2.57
0,37,166,8000,1,1,2,1,2,175,0,1,0,2,6,2.9
0,25,170,10292,1,1,3,3,2,104,0,0,54,1,4,3.56
0,26,163,11188,1,1,3,3,2,274,0,0,5,1,4,4.21
1,30,182,12086,1,1,2,3,2,300,0,1,59,1,3,3.65
1,19,172,7000,0,1,3,3,2,200,0,0,60,1,1,2.37
1,30,169,10278,1,1,2,2,2,145,0,0,0,2,3,3.6
1,27,180,7600,0,1,3,3,1,100,0,3,0,2,1,2.35
0,22,161,8258,1,1,2,1,2,237,0,1,80,1,2,3.19
1,32,165,9000,1,1,2,1,2,300,0,1,0,1,2,3.31
1,18,175,11253,1,1,2,3,2,200,0,2,103,1,2,3.67
1,18,171,7100,0,1,2,3,1,200,0,1,60,1,1,2.43
1,22,161,9418,1,1,2,3,2,200,0,2,115,2,2,3.63
0,23,163,8200,1,1,1,1,2,200,0,0,60,1,2,3.09
0,16,160,6500,1,1,2,4,2,200,1,2,54,1,5,2.54
1,25,177,11508,1,1,2,3,2,216,0,0,67,1,3,3.67
0,21,161,6898,1,1,2,3,2,286,0,0,0,1,5,2.66
1,25,177,11448,1,1,1,3,2,200,0,0,0,1,3,3.65
0,23,160,10503,1,1,2,3,2,280,0,0,27,1,2,4.1
1,30,178,12080,1,1,2,3,2,292,0,0,77,1,3,3.81
1,22,174,9400,1,1,2,3,2,200,0,0,60,2,2,3.1
1,25,170,6800,1,1,2,3,1,200,0,0,60,1,1,2.35
1,18,170,5160,1,1,2,3,2,100,0,0,60,2,0,1.79
0,16,170,4500,0,1,3,3,2,200,0,2,60,2,1,1.56
1,22,165,8000,1,1,2,1,2,200,0,2,0,2,5,2.94
0,26,163,11193,1,1,3,3,2,262,0,0,10,1,4,4.21
0,18,166,6000,0,0,3,3,2,200,1,0,60,2,1,2.18
1,18,182,5114,0,1,1,3,2,154,0,0,60,1,0,1.54
1,23,169,9986,1,1,2,2,2,100,0,1,0,2,3,3.5
1,33,170,8300,1,1,2,3,2,300,0,3,0,2,6,2.87
1,32,167,10281,1,1,2,1,2,100,0,0,0,2,3,3.69
1,22,162,8200,1,1,2,1,2,200,0,0,60,2,2,3.12
1,18,178,10804,1,1,2,2,2,200,0,1,13,2,2,3.41
1,34,170,8000,1,1,3,3,1,200,0,0,0,1,6,2.77
1,23,167,11542,1,1,2,3,2,100,0,0,99,1,3,4.14
0,25,161,10481,1,1,3,3,2,165,0,0,31,1,4,4.04
0,19,163,6400,1,0,3,3,2,100,0,1,60,2,1,2.41
1,32,176,8200,1,1,2,1,2,134,0,0,0,1,6,2.65
1,24,160,9844,1,1,2,2,2,196,0,1,49,2,3,3.85
1,25,178,10485,1,1,2,3,2,211,0,0,49,1,2,3.31
1,24,172,9825,1,1,2,2,2,100,0,0,103,1,3,3.32
0,18,170,5000,0,0,1,4,1,100,1,1,60,1,0,1.73
0,45,165,9000,1,0,3,3,2,300,0,0,0,1,2,3.31
1,18,171,5200,1,1,2,3,2,200,0,0,79,1,0,1.78
0,21,156,4900,1,1,3,3,1,200,0,2,60,1,0,2.01
1,21,172,7000,1,1,2,3,1,300,0,2,60,0,1,2.37
1,31,176,12009,1,1,2,3,2,253,0,0,80,1,3,3.88
0,26,160,5900,1,0,2,4,1,200,0,1,0,2,1,2.3
1,24,174,11320,1,1,1,3,2,200,0,1,56,2,3,3.74
1,22,170,8300,1,1,3,3,1,200,1,1,120,0,6,2.87
1,19,174,7899,1,0,2,2,2,200,0,1,0,1,6,2.61
0,21,174,13376,1,1,3,3,2,141,0,1,55,1,4,4.42
1,31,174,7400,1,0,2,1,0,200,0,1,60,1,1,2.44
0,26,162,10755,1,1,3,3,2,270,0,0,23,1,4,4.1
1,23,165,9300,1,1,1,3,2,200,0,0,60,2,2,3.42
1,33,174,8333,1,1,2,1,2,200,0,0,16,2,6,2.75
1,24,163,9908,1,1,2,1,2,200,0,0,66,2,3,3.73
1,18,179,10839,1,1,2,2,2,220,0,1,0,2,3,3.38
1,26,170,8000,1,1,2,3,1,100,0,2,0,2,5,2.77
0,21,165,7000,1,1,2,3,2,200,0,0,120,1,5,2.57
1,30,172,11191,1,1,2,3,2,282,0,0,18,1,3,3.78
0,26,162,11155,1,1,3,3,2,282,0,0,56,1,4,4.25
1,33,175,8300,1,1,2,1,2,240,0,2,0,2,6,2.71
1,17,170,8398,1,0,2,2,2,200,0,0,0,2,6,2.91
0,22,166,8785,1,1,2,1,2,300,0,2,64,2,2,3.19
1,20,178,10475,1,1,2,1,2,200,0,0,87,2,2,3.31
0,20,173,4965,0,1,2,3,1,200,0,2,60,1,0,1.66
0,23,170,7800,1,1,2,3,2,144,0,0,60,0,6,2.7
0,20,164,5700,1,1,2,3,1,200,0,0,0,0,1,2.12
0,21,160,6954,1,1,2,3,2,293,0,2,0,1,5,2.72
1,25,175,11208,1,1,1,3,2,200,0,1,37,1,3,3.66
1,29,178,7800,0,1,2,3,2,200,0,1,60,1,1,2.46
1,28,170,7800,1,0,3,3,2,200,0,1,0,0,6,2.7
0,25,166,10498,1,1,3,3,2,103,0,0,49,1,4,3.81
0,20,153,4200,0,1,3,3,1,100,0,0,0,1,0,1.79
1,18,180,8500,1,1,2,3,2,200,0,1,60,1,5,2.62
1,21,170,7000,1,1,3,3,1,200,0,1,60,2,1,2.42
0,18,156,3985,1,1,2,3,2,184,0,2,60,1,0,1.64
1,25,166,11298,1,1,1,3,2,207,0,1,22,1,3,4.1
1,22,171,7568,1,1,2,3,2,200,0,0,120,1,5,2.59
1,21,181,8942,1,1,1,2,2,200,0,0,16,1,5,2.73
0,24,174,13380,1,1,3,3,2,272,0,1,34,1,4,4.42
1,18,164,8341,1,1,2,1,2,265,0,1,120,2,2,3.1
0,18,170,5008,0,1,1,3,2,103,0,0,4,1,0,1.73
0,20,174,12876,1,1,3,3,2,244,0,0,46,1,4,4.25
1,35,178,10000,0,1,3,3,2,200,0,0,0,1,2,3.16
1,30,175,11853,1,1,2,2,2,217,0,0,0,1,3,3.87
1,29,176,11853,1,1,1,3,2,219,0,0,13,1,3,3.83
0,21,172,13152,1,1,3,3,2,130,0,1,56,1,4,4.45
1,21,184,12281,1,1,3,2,2,159,0,0,0,1,3,3.63
0,18,173,5000,1,1,1,3,2,100,0,0,37,1,2,1.67
0,39,156,7620,1,1,2,2,2,247,0,0,0,1,2,3.13
1,22,183,9791,1,1,2,1,2,200,0,2,80,1,2,2.92
1,21,179,10565,1,1,2,3,2,211,0,0,0,1,2,3.3
0,19,164,12764,1,1,3,3,2,115,0,0,6,1,4,4.75
1,20,175,12100,1,1,3,3,2,300,0,1,60,1,3,3.95
1,23,165,8000,0,1,2,3,2,200,0,1,60,1,6,2.94
0,18,164,6100,0,1,2,3,2,200,0,1,0,1,1,2.27
1,21,169,7500,1,1,2,1,2,276,1,0,45,1,5,2.63
0,20,160,4500,0,1,2,3,1,300,0,1,0,1,0,1.76
0,22,165,8200,1,1,1,1,2,200,0,0,75,2,2,3.01
0,19,174,13304,1,1,3,3,2,283,0,1,53,1,4,4.39
0,21,174,13327,1,1,3,3,2,284,0,1,46,1,4,4.4
0,34,158,6400,1,0,3,1,2,100,0,0,0,2,6,2.56
1,22,184,12141,1,1,2,2,2,183,0,1,56,1,3,3.59
1,19,172,7200,1,1,3,3,2,200,0,1,0,1,1,2.43
1,30,169,10017,1,1,2,2,2,100,0,1,0,2,3,3.51
0,20,176,13785,1,1,3,3,2,281,0,1,55,1,4,4.45
1,24,170,8352,1,1,2,3,2,296,0,1,50,1,6,2.89
0,25,162,10799,1,1,3,3,2,247,0,0,22,1,4,4.11
1,26,181,11944,1,1,3,3,2,262,0,0,26,1,3,3.65
1,25,181,11443,1,1,2,3,2,217,0,1,7,1,3,3.49
0,19,160,4500,0,0,3,3,1,206,1,1,0,1,0,1.76
0,40,156,7500,1,1,2,3,2,100,0,0,0,1,2,3.08
0,19,159,4500,0,1,3,3,1,200,0,2,0,2,1,1.78
1,23,165,9500,1,1,2,3,2,300,0,3,120,2,2,3.49
1,30,165,10154,1,1,2,3,2,100,0,1,0,2,3,3.73
1,26,184,11729,1,1,2,3,2,254,0,0,0,1,3,3.46
0,21,160,6600,1,1,2,3,2,200,0,1,60,1,5,2.58
0,23,167,7500,0,1,3,3,1,200,0,1,120,0,5,2.69
1,30,181,10301,1,1,2,3,2,100,0,1,0,2,3,3.14
0,25,160,10278,1,1,3,3,2,107,0,1,60,1,4,4.01
1,25,175,11307,1,1,1,3,2,204,0,1,0,1,3,3.69
0,29,164,8913,1,1,1,1,2,120,0,1,111,1,2,3.31
1,33,167,8301,1,1,2,2,2,204,0,0,118,1,6,2.98
0,20,174,13366,1,1,3,3,2,179,0,1,55,1,4,4.41
1,23,189,7500,0,1,3,3,1,200,0,2,60,1,1,2.1
0,19,164,4965,0,1,2,3,1,200,0,2,60,2,0,1.85
1,22,183,9250,1,1,1,3,2,138,0,1,1,1,6,2.76
1,18,179,10896,1,1,3,1,2,227,0,1,6,2,2,3.4
1,19,182,8700,1,1,3,3,2,300,0,3,60,0,6,2.63
1,18,170,8500,1,1,2,3,1,200,0,2,60,1,6,2.94
1,25,190,11414,1,1,1,3,2,201,0,1,4,1,3,3.16
0,22,153,4200,0,1,3,1,1,100,0,0,60,1,0,1.79
0,16,174,5000,0,1,3,4,2,200,0,1,60,1,0,1.65
1,23,165,8400,1,1,2,3,2,300,0,1,60,1,2,3.09
1,26,182,12009,1,1,2,3,2,281,0,1,55,1,3,3.63
0,19,169,6500,1,1,3,1,2,100,0,1,60,1,1,2.28
1,27,183,9954,1,1,2,1,2,100,0,1,0,2,3,2.97
1,25,173,11228,1,1,1,3,2,216,0,1,0,1,3,3.75
0,18,180,13814,1,1,3,3,2,281,0,1,55,1,4,4.26
0,18,174,5155,1,1,2,3,1,295,0,1,42,2,0,1.7
1,21,180,8700,0,1,2,3,2,300,0,3,0,1,5,2.69
1,40,175,7900,1,1,3,3,2,200,0,1,120,0,2,2.58
0,26,167,11182,1,1,3,3,2,272,0,0,10,1,4,4.01
0,17,169,4967,0,1,2,3,2,200,0,2,86,1,0,1.74
0,37,179,9236,1,1,2,2,2,188,0,1,0,1,2,2.88
1,21,180,7200,1,1,2,3,2,200,0,3,0,1,1,2.22
1,17,170,9700,1,0,2,1,2,200,0,1,120,1,2,3.36
1,34,167,9000,1,1,2,2,2,200,0,0,0,2,3,3.23
0,25,162,10493,1,1,3,3,2,151,0,0,45,1,4,4.0
1,34,178,8580,1,1,2,3,2,219,0,0,67,1,6,2.71
1,23,174,5300,1,1,3,4,1,200,0,2,120,1,0,1.75
1,20,175,5800,0,1,2,3,2,100,0,1,60,2,1,1.89
0,22,174,13368,1,1,3,3,2,286,0,1,46,1,4,4.42
1,27,184,12099,1,1,2,3,2,243,0,1,28,1,3,3.57
0,26,165,6000,1,1,2,1,2,200,0,1,0,1,1,2.2
0,19,159,4900,1,0,2,4,1,200,0,2,120,2,0,1.94
0,21,172,13395,1,1,3,3,2,182,0,1,54,1,4,4.53
0,38,156,8000,1,1,2,1,2,100,0,0,0,1,2,3.29
0,18,173,5016,1,1,1,3,2,172,0,0,60,1,0,1.68
0,37,176,7954,1,1,3,1,2,239,0,0,0,0,6,2.57
0,25,166,10498,1,1,3,3,2,101,0,0,37,1,4,3.81
1,21,180,10503,1,1,2,3,2,291,0,1,67,1,2,3.24
0,22,157,4700,1,1,3,1,2,200,0,1,0,1,1,1.91
0,23,157,5700,0,1,1,3,2,200,0,0,0,2,1,2.31
0,26,164,11193,1,1,3,3,2,272,0,0,8,1,4,4.16
0,19,167,4993,1,1,2,3,1,165,0,2,92,1,0,1.79
0,21,170,8000,1,0,2,3,2,300,0,2,60,1,6,2.77
1,19,185,5727,1,1,2,3,2,200,0,2,109,2,0,1.67
0,21,165,8694,1,1,2,2,2,187,0,0,0,2,2,3.19
0,26,165,11191,1,1,3,3,2,277,0,0,6,1,4,4.11
1,25,176,11542,1,1,1,3,2,211,0,1,37,1,3,3.73
0,18,175,5487,1,1,2,3,1,200,0,1,4,2,0,1.79
0,26,162,10493,1,1,3,3,2,161,0,0,11,1,4,4.0
0,20,155,6233,1,1,2,3,2,200,0,0,43,1,5,2.59
1,17,168,8331,1,1,2,2,2,238,0,1,41,2,6,2.95
0,17,165,5000,1,1,3,3,2,200,0,1,0,2,0,1.84
0,26,163,11071,1,1,3,3,2,257,0,0,13,1,4,4.17
0,20,171,13128,1,1,3,3,2,175,0,0,45,1,4,4.49
0,20,174,12814,1,1,3,3,2,262,0,1,55,1,4,4.23
0,41,155,7774,1,1,2,3,2,130,0,0,0,1,2,3.24
1,29,163,6650,0,0,3,3,1,200,0,2,60,1,5,2.5
1,20,169,6500,1,1,2,3,2,200,0,2,60,1,1,2.28
1,28,176,11228,1,1,1,3,2,200,0,0,6,1,3,3.62
1,25,178,11534,1,1,2,3,2,209,0,1,22,1,3,3.64
1,19,176,5500,0,1,2,4,2,200,0,2,0,1,1,1.78
1,18,184,5000,1,1,3,3,0,200,0,0,120,1,0,1.48
1,23,171,7100,1,1,3,3,1,200,0,0,60,1,1,2.43
0,22,170,5149,1,1,3,3,1,289,0,0,60,2,0,1.78
0,23,165,8412,1,1,2,1,2,200,0,2,0,2,2,3.09
0,26,162,10995,1,1,3,3,2,267,0,0,28,1,4,4.19
1,20,178,10500,1,1,2,3,2,235,0,1,0,1,2,3.31
1,27,185,12020,1,1,2,3,2,271,0,1,21,1,3,3.51
0,19,165,6100,0,1,3,3,2,100,1,1,0,1,0,2.24
1,25,175,11201,1,1,1,3,2,202,0,1,0,1,3,3.66
1,20,168,6800,1,1,3,3,2,300,0,2,60,1,1,2.41
0,24,158,8000,1,1,2,3,2,200,0,1,0,1,6,3.2
1,19,170,5000,0,1,3,3,2,100,0,2,0,1,0,1.73
1,22,170,7000,0,1,1,3,2,200,0,1,60,2,5,2.42
1,18,167,8095,1,1,2,2,2,100,0,1,0,2,6,2.9
0,21,165,13187,1,1,3,3,2,194,0,1,55,1,4,4.84
0,23,169,11423,1,1,3,3,2,298,0,0,4,1,4,4.0
0,21,153,4200,0,1,3,1,1,100,0,1,0,2,0,1.79
1,21,162,7000,1,1,2,1,3,100,0,1,0,1,5,2.67
1,33,175,10801,1,1,2,3,2,100,0,0,0,1,3,3.53
0,19,150,4800,0,1,3,3,2,100,0,0,120,2,1,2.13
1,33,170,8300,1,1,2,3,2,200,0,3,0,2,6,2.87
1,21,173,7500,1,1,2,1,2,300,0,1,67,1,5,2.51
0,22,173,5498,1,1,3,3,1,289,0,0,53,2,0,1.84
0,26,169,11194,1,1,3,3,2,262,0,0,7,1,4,3.92
0,19,168,7500,1,1,2,3,1,200,0,1,60,1,5,2.66
0,18,162,6812,1,1,2,1,2,127,0,0,3,1,5,2.6
0,18,156,6000,1,1,2,3,2,100,1,1,120,1,1,2.47
1,26,181,12098,1,1,2,3,2,292,0,0,10,1,3,3.69
1,32,175,12054,1,1,2,3,2,253,0,0,0,1,3,3.94
1,18,170,6800,0,1,2,3,2,200,0,1,120,2,1,2.35
0,19,160,4500,0,0,3,3,1,133,1,1,0,1,0,1.76
1,25,182,12099,1,1,2,3,2,300,0,1,0,1,3,3.65
0,26,162,11168,1,1,3,3,2,263,0,0,16,1,4,4.26
1,20,167,6000,1,0,2,1,2,200,0,2,0,1,1,2.15
0,20,171,12993,1,1,3,3,2,124,0,1,56,1,4,4.44
0,19,167,4983,0,1,3,3,2,247,0,2,0,1,0,1.79
1,36,179,10649,1,1,2,2,2,177,0,0,0,1,2,3.32
0,17,171,5000,0,0,3,4,2,200,0,2,60,1,0,1.71
0,26,162,10997,1,1,3,3,2,268,0,0,27,1,4,4.19
1,30,175,11228,1,1,1,3,2,218,0,0,88,1,3,3.67
1,22,175,10500,1,1,2,3,2,200,0,2,60,1,2,3.43
1,24,175,11815,1,1,1,2,2,201,0,0,0,1,3,3.86
0,21,156,6200,0,1,3,4,2,200,0,2,0,2,1,2.55
0,21,173,13187,1,1,3,3,2,270,0,1,48,1,4,4.41
1,37,176,11842,1,1,2,3,2,200,0,0,93,1,3,3.82
0,23,162,5300,1,1,2,3,1,200,0,0,120,1,1,2.02
1,55,167,8000,1,1,2,3,2,200,0,1,0,1,6,2.87
0,21,169,6900,1,1,3,3,1,200,0,1,0,1,1,2.42
1,24,170,9919,1,1,2,1,2,100,0,0,100,1,3,3.43
1,19,170,9760,1,1,1,3,2,200,0,0,92,1,2,3.38
1,27,171,7200,1,0,2,3,2,300,0,3,60,1,6,2.46
0,18,170,5000,0,1,1,3,2,101,0,2,0,1,0,1.73
0,20,174,13187,1,1,3,3,2,110,0,1,55,1,4,4.36
0,23,166,6000,1,1,1,3,0,200,0,1,0,2,1,2.18
1,23,165,6800,1,0,2,3,0,200,0,3,0,2,1,2.5
0,25,160,10498,1,1,3,3,2,166,0,0,54,1,4,4.1
0,21,174,13364,1,1,3,3,2,267,0,1,48,1,4,4.41
1,31,191,10281,1,1,2,3,2,205,0,1,0,1,3,2.82
1,22,179,8955,1,1,2,2,2,269,0,0,101,1,6,2.79
0,25,162,10475,1,1,3,3,2,120,0,0,46,1,4,3.99
0,19,175,8853,1,1,2,3,2,133,0,0,20,1,5,2.89
1,21,166,9409,1,1,2,2,2,200,0,0,90,2,2,3.41
0,18,173,13364,1,1,3,3,2,282,0,1,52,1,4,4.47
1,37,178,9900,1,1,3,3,1,200,0,0,60,1,2,3.12
1,21,165,8000,1,1,2,3,2,200,0,0,120,2,6,2.94
1,23,183,10500,1,1,3,3,2,297,0,3,120,1,2,3.14
1,25,180,11738,1,1,1,3,2,200,0,1,0,1,3,3.62
0,25,172,10497,1,1,3,3,2,148,0,0,44,1,4,3.55
1,21,165,8867,1,1,2,1,2,300,0,1,60,2,6,3.26
0,49,166,8508,1,1,2,3,2,189,0,0,0,1,5,3.09
0,26,160,10565,1,1,3,3,2,124,0,0,4,1,4,4.13
0,19,162,5300,0,1,3,3,1,200,0,2,60,2,1,2.02
0,24,164,11127,1,1,3,3,2,261,0,0,4,1,4,4.14
1,29,175,11228,1,1,1,3,2,213,0,0,83,1,3,3.67
0,16,160,6791,1,1,1,1,3,200,1,0,72,1,5,2.65
1,26,182,12097,1,1,2,3,2,213,0,0,0,1,3,3.65
1,21,170,9500,1,1,2,3,2,300,0,3,0,2,2,3.29
0,24,175,7842,1,1,2,2,2,200,0,1,0,1,5,2.56
1,23,181,11908,1,1,2,2,2,215,0,0,0,1,3,3.63
1,19,167,6000,0,1,2,3,2,200,0,0,0,2,1,2.15
0,21,160,5600,1,1,3,3,1,300,1,1,0,1,1,2.19
0,26,163,11194,1,1,3,3,2,298,0,0,37,1,4,4.21
1,18,171,5251,0,1,3,3,2,240,0,1,54,1,0,1.8
1,20,180,8526,1,1,1,3,2,200,0,0,22,1,6,2.63
1,19,180,8700,0,1,2,3,2,200,0,3,60,1,6,2.69
1,18,182,7200,1,1,2,3,2,200,0,1,0,1,1,2.17
1,21,176,8000,1,1,2,3,2,200,0,1,60,1,6,2.58
1,30,175,12009,1,1,2,3,2,253,0,0,80,1,3,3.92
0,21,176,13327,1,1,3,3,2,286,0,1,37,1,4,4.3
0,22,165,8421,1,1,3,1,2,300,0,0,120,1,2,3.09
1,26,185,9000,1,1,2,1,2,231,0,0,0,1,6,2.63
0,21,164,5100,0,1,3,4,1,200,0,1,60,2,0,1.9
1,29,175,11295,1,1,2,3,2,204,0,0,10,1,3,3.69
1,24,176,11390,1,1,1,3,2,201,0,1,0,1,3,3.68
0,23,174,13374,1,1,3,3,2,286,0,1,37,1,4,4.42
0,25,170,12125,1,1,3,3,2,148,0,0,55,1,4,4.2
0,26,164,11188,1,1,3,3,2,260,0,0,22,1,4,4.16
1,19,180,8500,1,1,2,3,2,200,0,3,60,1,5,2.62
0,22,162,8228,1,1,1,1,2,257,0,0,32,1,2,3.14
0,22,160,8245,1,1,1,1,2,200,0,0,71,1,2,3.22
0,22,169,5113,1,1,3,3,1,282,0,0,33,1,0,1.79
0,20,150,6500,1,0,2,3,2,200,0,3,0,2,6,2.89
0,35,164,7391,1,1,2,1,2,214,0,2,0,1,5,2.75
1,26,182,12099,1,1,2,3,2,282,0,1,33,1,3,3.65
1,23,173,8198,1,1,2,3,2,115,0,0,64,2,6,2.74
0,16,167,4980,0,1,3,3,2,100,0,2,60,1,0,1.79
1,24,172,9797,1,1,2,2,2,100,0,1,55,2,3,3.31
1,24,188,9960,1,1,3,1,2,105,0,0,64,1,3,2.82
0,21,165,8800,1,1,2,1,2,200,0,0,120,1,2,3.23
1,30,186,12946,1,1,2,3,2,148,0,1,0,1,3,3.74
0,26,162,11188,1,1,3,3,2,261,0,0,8,1,4,4.26
0,22,165,5850,0,0,2,3,2,200,0,0,0,2,1,2.15
0,21,173,13252,1,1,3,3,2,182,0,1,53,1,4,4.43
1,21,178,10800,1,1,2,1,2,300,0,1,60,2,2,3.41
0,26,162,11080,1,1,3,3,2,270,0,0,16,1,4,4.22
1,17,185,6000,1,1,3,3,2,200,0,3,60,1,0,1.75
0,19,169,4998,1,1,3,3,1,295,0,1,47,2,0,1.75
1,32,175,12074,1,1,2,3,2,217,0,1,81,1,3,3.94
1,21,165,6700,0,1,2,3,1,200,0,1,60,1,1,2.46
1,38,177,11908,1,1,2,3,2,298,0,0,38,1,3,3.8
1,22,174,6600,0,1,3,3,2,200,0,1,60,1,1,2.18
1,23,172,7500,1,1,2,3,2,175,0,0,60,1,5,2.54
1,33,186,10327,1,1,2,2,2,281,0,1,0,2,3,2.99
0,32,165,7319,1,1,2,2,2,114,0,1,0,1,5,2.69
0,39,156,8000,1,1,2,1,2,181,0,0,0,1,2,3.29
1,21,164,6839,1,1,2,1,2,200,0,1,0,1,5,2.54
1,21,185,7500,1,1,3,1,1,200,0,1,60,1,1,2.19
1,23,175,11943,1,1,1,3,2,200,0,1,44,1,3,3.9
1,18,179,5000,0,1,1,3,2,102,0,1,60,1,0,1.56
0,25,163,10503,1,1,3,3,2,240,0,0,22,1,4,3.95
0,16,164,4900,0,1,2,3,2,200,0,2,60,2,0,1.82
0,23,165,8000,1,1,2,3,2,200,0,0,120,2,6,2.94
1,27,187,11948,1,1,1,3,2,207,0,0,26,1,3,3.42
1,31,170,8228,1,1,2,1,2,220,0,2,42,1,6,2.85
0,18,156,5500,0,1,3,3,2,200,0,1,60,2,1,2.26
0,25,164,10459,1,1,3,3,2,154,0,0,8,1,4,3.89
1,32,170,10302,1,1,2,2,2,100,0,1,0,2,3,3.56
1,55,170,8000,1,1,2,3,2,200,0,1,85,2,6,2.77
0,20,160,4500,1,1,2,3,1,100,0,1,60,1,1,1.76
0,18,159,5300,0,1,2,3,2,200,0,1,0,1,1,2.1
0,26,163,11186,1,1,3,3,2,260,0,0,9,1,4,4.21
0,33,165,7350,1,1,2,2,2,100,0,0,0,2,5,2.7
0,22,160,6200,0,1,2,3,2,200,0,1,60,1,5,2.42
0,23,163,8200,1,1,1,3,2,200,0,2,0,2,2,3.09
1,18,173,5145,0,1,2,3,2,184,0,0,60,1,0,1.72
0,19,159,4900,1,1,3,3,2,100,0,1,60,2,1,1.94
1,18,171,5000,1,1,2,3,2,111,0,0,113,1,0,1.71
0,18,160,6881,1,1,2,1,2,200,0,0,80,0,5,2.69
1,30,175,12077,1,1,2,3,2,214,0,0,86,1,3,3.94
1,18,187,5000,0,1,3,3,2,100,0,2,60,1,0,1.43
0,18,166,5000,1,1,2,4,1,100,0,1,60,1,1,1.81
0,21,174,7800,1,1,2,1,2,200,0,1,60,1,5,2.58
1,22,184,12260,1,1,3,2,2,117,0,1,0,1,3,3.62
0,26,164,11194,1,1,3,3,2,277,0,0,12,1,4,4.16
0,18,170,5000,0,1,1,4,1,100,0,2,60,1,0,1.73
1,18,178,5200,1,1,2,3,1,200,0,0,120,2,0,1.64
1,23,172,5114,1,1,3,3,2,297,0,1,0,1,0,1.73
0,21,150,4900,1,0,2,3,2,200,0,0,0,2,1,2.18
0,26,162,11100,1,1,3,3,2,262,0,0,19,1,4,4.23
1,33,171,8441,1,1,2,3,2,280,0,2,0,2,6,2.89
1,23,177,11616,1,1,1,3,2,200,0,1,44,1,3,3.71
0,21,172,13133,1,1,3,3,2,172,0,1,55,1,4,4.44
0,21,160,6812,1,1,1,1,3,272,0,0,0,1,5,2.66
0,21,174,5487,1,1,2,3,1,200,0,0,0,2,0,1.81
0,25,162,10481,1,1,3,3,2,148,0,0,55,1,4,3.99
1,18,179,8983,1,1,1,2,2,200,0,0,42,1,6,2.8
0,18,160,9001,1,1,2,3,2,200,0,0,60,1,2,3.52
1,24,184,8400,1,1,3,3,1,200,0,0,0,2,1,2.48
1,23,177,12120,1,1,2,3,2,300,0,0,120,1,3,3.87
0,22,162,8204,1,1,1,1,2,200,0,0,24,1,2,3.13
1,21,186,9694,1,1,1,2,2,200,0,2,81,1,6,2.8
0,19,166,4981,0,1,2,3,2,100,0,2,60,1,0,1.81
1,22,181,9758,1,1,1,3,2,281,0,3,84,2,2,2.98
1,23,170,8531,1,1,2,3,2,170,0,0,60,1,6,2.95
0,19,166,12742,1,1,3,3,2,241,0,1,45,1,4,4.62
1,17,170,9900,1,1,2,3,2,200,0,1,60,0,6,3.43
1,23,170,5000,0,1,2,3,1,200,0,2,60,1,1,1.73
1,19,175,8727,1,0,2,2,2,200,0,1,8,1,6,2.85
1,25,184,11763,1,1,1,3,2,253,0,1,1,1,3,3.47
1,21,174,7200,1,1,3,3,0,200,0,2,60,1,1,2.38
0,22,175,7500,1,1,2,3,1,100,0,1,120,1,5,2.45
0,22,171,13257,1,1,3,3,2,288,0,1,55,1,4,4.53
0,23,170,5000,1,1,2,3,2,100,0,1,0,1,1,1.73
1,24,187,12182,1,1,2,2,2,237,0,1,0,1,3,3.48
1,30,185,12015,1,1,2,3,2,300,0,1,0,1,3,3.51
0,21,155,4475,0,1,2,3,1,100,1,0,0,2,0,1.86
0,41,150,8000,1,1,2,3,1,100,0,0,0,1,2,3.56
0,20,163,10481,1,1,3,3,2,148,0,0,33,1,4,3.94
0,17,160,6500,1,1,3,1,2,200,1,1,60,1,5,2.54
0,38,156,7500,1,1,2,3,2,100,0,0,0,1,2,3.08
1,17,170,5000,1,1,2,3,1,200,0,2,60,2,0,1.73
0,20,175,7800,1,1,2,1,2,300,0,1,0,2,2,2.55
1,25,165,8600,0,1,2,3,2,300,0,1,60,2,6,3.16
1,18,174,10801,1,1,2,2,2,284,0,1,40,2,2,3.57
0,26,159,11040,1,1,3,3,2,269,0,0,31,1,4,4.37
1,37,175,11840,1,1,2,3,2,210,0,0,0,1,3,3.87
0,18,160,6881,1,0,2,3,2,100,0,0,78,2,6,2.69
1,33,180,8500,0,0,2,3,2,200,0,2,0,1,5,2.62
1,24,175,12009,1,1,2,3,2,272,0,1,95,1,3,3.92
0,29,156,8000,1,1,2,3,2,100,0,0,0,2,2,3.29
1,26,181,10604,1,1,2,3,2,262,0,0,8,1,3,3.24
1,26,187,12002,1,1,2,3,2,293,0,1,23,1,3,3.43
1,31,175,12000,1,1,2,3,2,248,0,0,80,1,3,3.92
0,21,174,13396,1,1,3,3,2,122,0,1,54,1,4,4.42
0,25,162,10998,1,1,3,3,2,124,0,0,37,1,4,4.19
0,25,162,10998,1,1,3,3,2,157,0,0,26,1,4,4.19
1,18,170,8698,1,1,2,2,2,200,0,1,108,2,6,3.01
1,24,165,10062,1,1,2,1,2,100,0,0,37,2,3,3.7
0,23,170,8000,1,1,2,3,2,200,0,1,60,1,6,2.77
0,21,174,13366,1,1,3,3,2,244,0,1,37,1,4,4.41
1,18,170,6400,0,1,3,3,2,100,0,1,0,1,1,2.21
1,23,180,11659,1,1,2,3,2,200,0,0,60,1,3,3.6
1,25,182,12099,1,1,3,3,2,300,0,1,34,1,3,3.65
0,25,161,10513,1,1,3,3,2,263,0,0,43,1,4,4.06
0,21,170,6000,1,1,3,3,2,100,0,1,60,1,1,2.08
0,26,181,10687,1,1,3,3,2,262,0,0,27,1,4,3.26
0,16,170,5000,0,1,1,3,2,101,0,0,60,1,0,1.73
0,21,184,13785,1,1,3,3,2,246,0,1,55,1,4,4.07
0,25,162,10278,1,1,3,3,2,106,0,0,27,1,4,3.92
1,27,182,12099,1,1,2,3,2,300,0,1,0,1,3,3.65
1,38,175,11811,1,1,2,2,2,200,0,0,0,1,3,3.86
1,18,180,8000,1,1,2,3,2,200,0,2,60,0,5,2.47
1,21,175,9529,1,1,2,3,2,228,0,2,116,2,2,3.11
0,21,180,15237,1,1,3,3,2,241,0,0,55,1,4,4.7
0,18,168,7804,1,0,2,2,2,170,0,2,60,0,6,2.77
0,21,165,6300,1,1,3,3,1,200,0,1,60,2,1,2.31
1,25,176,11446,1,1,2,3,2,210,0,0,60,1,3,3.7
0,37,168,8328,1,1,2,3,2,100,0,1,60,1,6,2.95
1,17,180,5700,1,1,2,4,2,200,0,2,60,2,0,1.76
1,23,176,12124,1,1,2,2,2,235,0,0,87,1,3,3.91
1,20,170,5000,0,1,2,3,0,100,0,0,120,2,0,1.73
1,18,164,6000,1,1,2,3,1,200,0,0,0,1,1,2.23
1,33,176,8475,1,1,2,3,2,300,0,1,0,2,6,2.74
1,19,178,6900,1,1,2,3,2,200,0,2,120,1,1,2.18
0,31,164,7351,1,1,2,2,2,153,0,0,0,1,5,2.73
1,18,169,5015,1,1,1,3,2,200,0,0,75,1,0,1.76
0,21,170,5000,1,1,2,4,1,200,0,0,120,2,1,1.73
0,26,162,11160,1,1,3,3,2,267,0,0,14,1,4,4.25
1,30,178,11298,1,1,1,3,2,211,0,0,1,1,3,3.57
0,21,156,4900,1,1,2,3,0,200,0,3,60,1,1,2.01
1,26,175,11287,1,1,2,3,2,200,0,1,4,1,3,3.69
1,23,179,10501,1,1,2,2,2,200,0,1,0,1,2,3.28
1,25,170,10358,1,1,2,1,2,102,0,1,60,2,6,3.58
0,21,160,4900,0,1,2,1,3,200,0,1,60,1,1,1.91
1,23,186,12108,1,1,3,2,2,100,0,1,0,1,3,3.5
1,30,176,11844,1,1,2,3,2,212,0,0,118,1,3,3.82
0,16,170,5000,0,1,3,3,2,200,0,1,60,2,0,1.73
0,25,162,10209,1,1,3,3,2,116,0,0,6,1,4,3.89
1,23,180,10503,1,1,2,3,2,300,0,0,8,2,2,3.24
1,30,177,12000,1,1,2,3,2,217,0,1,0,1,3,3.83
1,23,177,9781,1,1,2,3,2,277,0,2,80,2,2,3.12
0,18,178,13366,1,1,3,3,2,283,0,1,37,1,4,4.22
1,55,165,8000,1,1,2,3,2,200,0,1,0,2,6,2.94
1,23,178,5552,1,1,2,3,2,200,0,2,60,2,0,1.75
1,30,186,12077,1,1,2,3,2,274,0,1,27,1,3,3.49
0,26,164,11155,1,1,3,3,2,263,0,0,8,1,4,4.15
0,25,160,10502,1,1,3,3,2,247,0,0,32,1,4,4.1
0,16,156,5100,0,1,2,3,0,200,0,1,60,1,1,2.1
0,26,162,11081,1,1,3,3,2,270,0,0,16,1,4,4.22
1,21,170,7500,1,1,2,3,2,155,0,1,0,1,5,2.6
0,33,165,7700,0,1,3,3,2,200,0,0,60,1,6,2.83
0,18,168,13785,1,1,3,3,2,265,0,1,55,1,4,4.88
1,25,177,11784,1,1,2,3,2,209,0,0,31,1,3,3.76
1,23,176,11659,1,1,2,2,2,200,0,0,105,1,3,3.76
0,25,173,10498,1,1,3,3,2,148,0,0,26,1,4,3.51
0,19,150,4500,0,1,3,3,2,100,0,1,0,2,1,2.0
0,26,162,11064,1,1,3,3,2,260,0,0,56,1,4,4.22
1,20,184,12124,1,1,3,2,2,170,0,1,1,1,3,3.58
1,20,170,6500,1,1,2,3,1,200,0,2,60,1,1,2.25
1,21,166,9418,1,1,2,3,2,200,0,0,6,2,2,3.42
1,37,175,11840,1,1,2,2,2,117,0,0,0,1,3,3.87
1,21,186,10649,1,1,2,3,2,279,0,2,60,2,2,3.08
0,25,162,10484,1,1,3,3,2,100,0,1,33,1,4,3.99
0,21,158,5100,1,1,2,3,2,200,0,1,60,2,1,2.04
1,18,174,10919,1,1,2,1,2,214,0,2,66,2,2,3.61
0,21,173,13187,1,1,3,3,2,170,0,1,56,1,4,4.41
1,24,170,7500,0,1,3,3,2,200,1,2,60,2,5,2.6
1,30,190,12985,1,1,2,3,2,100,0,0,0,1,3,3.6
0,19,162,8200,1,1,1,3,2,175,0,0,30,1,2,3.12
0,18,170,5000,1,1,3,3,2,100,0,1,60,1,1,1.73
0,26,163,11188,1,1,3,3,2,264,0,0,5,1,4,4.21
1,19,172,8278,1,1,2,2,2,162,0,2,85,1,6,2.8
0,20,170,7500,1,1,3,3,2,200,0,1,0,2,6,2.6
1,30,179,12060,1,1,2,3,2,216,0,0,33,1,3,3.76
0,21,174,13387,1,1,3,3,2,286,0,1,46,1,4,4.42
0,37,161,8000,1,1,2,2,2,198,0,1,0,1,2,3.09
1,19,173,8765,1,1,2,3,2,127,0,0,44,2,6,2.93
0,26,162,11040,1,1,3,3,2,270,0,0,12,1,4,4.21
0,21,160,7000,0,1,2,1,2,300,0,1,0,1,5,2.73
1,22,171,6600,0,1,2,3,2,200,0,1,0,1,1,2.26
0,26,163,11194,1,1,3,3,2,263,0,0,0,1,4,4.21
1,21,167,6700,1,1,1,1,3,300,0,0,60,1,5,2.4
0,25,164,10483,1,1,3,3,2,131,0,0,27,1,4,3.9
0,19,160,4500,0,0,3,3,1,248,1,1,0,1,0,1.76
1,21,162,7000,0,1,2,3,3,300,0,1,0,2,5,2.67
1,20,171,7100,0,0,3,3,3,200,0,0,0,2,1,2.43
0,25,168,10503,1,1,3,3,2,255,0,0,46,1,4,3.72
1,17,173,5000,1,1,2,3,2,200,0,0,120,2,0,1.67
0,21,165,6700,0,1,2,3,2,200,0,1,0,1,1,2.46
0,18,155,4139,0,1,2,1,2,100,0,0,98,1,0,1.72
0,22,163,8227,1,1,2,3,2,102,0,0,120,2,2,3.1
0,26,164,11186,1,1,3,3,2,266,0,0,0,1,4,4.16
0,26,162,11158,1,1,3,3,2,261,0,0,15,1,4,4.25
1,18,162,5500,0,1,2,3,2,300,0,1,0,1,1,2.1
1,22,182,12182,1,1,2,2,2,200,0,1,80,1,3,3.68
0,22,175,5369,1,1,2,3,1,200,0,2,120,2,0,1.75
1,24,178,12054,1,1,2,3,2,253,0,0,62,1,3,3.8
0,26,164,11186,1,1,3,3,2,263,0,0,5,1,4,4.16
0,26,163,11181,1,1,3,3,2,255,0,0,13,1,4,4.21
1,33,175,8400,1,0,2,3,2,200,0,3,0,1,6,2.74
1,23,182,10552,1,1,2,3,2,218,0,0,8,1,2,3.19
1,18,182,10872,1,1,2,1,2,200,0,1,90,1,2,3.28
0,36,150,7805,1,1,2,1,2,130,0,0,0,2,2,3.47
0,38,150,7500,1,1,2,3,2,100,0,0,0,1,2,3.33
1,17,171,9795,1,1,2,2,2,167,0,2,73,2,2,3.35
1,21,171,7000,0,1,2,3,2,100,0,1,60,1,1,2.39
0,25,162,10457,1,1,3,3,2,179,0,1,51,1,4,3.98
0,21,165,8000,1,1,3,1,2,100,0,1,60,1,6,2.94
1,31,177,11908,1,1,2,3,2,201,0,0,4,1,3,3.8
1,26,182,12000,1,1,2,3,2,281,0,0,71,1,3,3.62
0,21,174,5159,1,1,3,3,2,235,0,1,33,1,0,1.7
0,21,164,8400,1,1,2,3,2,300,0,3,120,1,2,3.12
1,21,162,7000,0,0,2,1,3,100,0,1,0,1,5,2.67
0,23,165,8300,1,1,2,1,2,200,0,1,60,2,2,3.05
0,17,171,5000,1,1,2,4,1,138,0,2,60,1,0,1.71
1,30,191,12826,1,1,2,3,2,191,0,1,37,1,3,3.52
0,17,160,6500,1,1,3,3,2,200,0,1,0,2,5,2.54
0,23,165,8734,1,1,2,1,2,195,0,1,0,2,2,3.21
0,18,153,4100,0,1,2,3,1,100,0,0,60,1,0,1.75
0,40,154,7971,1,1,2,3,2,100,0,0,0,2,2,3.36
0,25,162,10252,1,1,3,3,2,103,0,0,24,1,4,3.91
1,19,176,6800,1,1,2,4,1,200,0,1,60,2,1,2.2
0,22,171,5114,1,1,3,3,1,165,0,0,120,1,0,1.75
1,23,174,9607,1,1,2,3,2,300,0,0,60,2,2,3.17
1,25,176,11843,1,1,2,3,2,206,0,1,28,1,3,3.82
0,26,164,11172,1,1,3,3,2,263,0,0,8,1,4,4.15
0,19,173,4983,1,1,3,3,2,200,0,1,60,1,0,1.66
0,29,153,7800,1,1,2,3,2,100,0,0,0,2,2,3.33
1,18,179,10900,1,1,3,1,2,200,0,1,120,2,2,3.4
0,26,164,11182,1,1,3,3,2,255,0,0,14,1,4,4.16
0,28,156,7800,1,1,2,1,2,200,0,0,0,1,2,3.21
0,20,174,13104,1,1,3,3,2,270,0,1,48,1,4,4.33
1,23,176,11666,1,1,2,3,2,200,0,1,41,1,3,3.77
1,25,177,11510,1,1,1,1,2,198,0,1,0,1,3,3.67
1,19,180,7000,1,1,3,3,1,300,0,2,0,1,1,2.16
0,19,152,4500,0,0,3,3,1,200,0,1,0,1,0,1.95
1,23,172,9782,1,1,2,3,2,300,0,2,72,1,2,3.31
1,28,179,9000,1,1,3,3,2,200,0,0,60,1,6,2.81
0,21,163,6800,1,1,2,3,2,300,0,2,60,1,5,2.56
1,19,183,8803,1,1,2,3,2,276,0,1,60,1,5,2.63
0,26,164,11103,1,1,3,3,2,266,0,0,9,1,4,4.13
1,31,160,10226,1,1,2,1,2,100,0,0,92,2,3,3.99
1,34,165,9000,1,1,2,1,2,300,0,1,0,1,2,3.31
0,21,168,6300,0,1,3,1,2,100,0,1,0,1,1,2.23
0,38,165,6000,1,0,2,3,2,200,0,0,0,2,5,2.2
0,26,163,11080,1,1,3,3,2,111,0,0,27,1,4,4.17
0,22,165,5300,1,1,2,3,0,200,0,2,120,1,1,1.95
1,30,168,8301,1,1,2,3,2,200,0,0,0,2,6,2.94
1,23,170,8300,1,1,3,3,1,300,1,1,0,1,6,2.87
0,26,164,11193,1,1,3,3,2,277,0,0,10,1,4,4.16
1,24,175,11789,1,1,1,1,2,283,0,1,0,1,3,3.85
0,20,150,6000,1,0,2,3,2,200,0,3,0,1,5,2.67
1,36,176,10000,1,1,2,1,2,245,0,2,0,1,2,3.23
0,18,160,4500,0,1,3,3,1,200,1,1,0,1,0,1.76
1,17,170,5100,0,1,2,3,1,100,0,2,60,1,0,1.76
1,23,170,8000,1,1,3,3,2,200,0,2,60,0,6,2.77
0,21,174,13316,1,1,3,3,2,282,0,1,43,1,4,4.4
1,19,176,8767,1,0,2,2,2,144,0,1,0,1,6,2.83
0,38,155,8000,1,1,2,3,2,163,0,0,0,1,2,3.33
0,21,172,13280,1,1,3,3,2,283,0,1,53,1,4,4.49
0,21,173,7872,1,1,2,1,2,200,0,2,0,1,5,2.63
1,31,187,12886,1,1,2,3,2,192,0,1,0,1,3,3.68
0,25,162,10498,1,1,3,3,2,277,0,0,29,1,4,4.0
1,19,180,7000,1,0,2,3,2,200,0,3,120,1,1,2.16
0,22,160,8200,1,1,2,1,2,200,0,0,120,2,2,3.2
1,38,169,8000,1,1,2,3,2,100,0,3,60,2,6,2.8
0,18,165,7000,1,1,2,3,2,100,0,0,120,2,2,2.57
1,25,167,6700,1,1,2,3,1,200,0,0,60,1,1,2.4
0,26,162,10748,1,1,3,3,2,268,0,0,25,1,4,4.1
1,30,177,12054,1,1,2,3,2,183,0,0,0,1,3,3.85
1,23,171,8009,1,1,3,2,2,200,0,1,113,1,6,2.74
1,23,185,12090,1,1,2,2,2,179,0,1,30,1,3,3.53
1,25,180,10645,1,1,2,3,2,100,0,1,0,1,3,3.29
1,20,171,8000,1,1,2,3,2,200,0,0,96,2,6,2.74
0,26,162,11188,1,1,3,3,2,263,0,0,22,1,4,4.26
1,23,170,8045,1,1,2,2,2,200,0,0,60,1,6,2.78
0,19,160,4500,0,1,2,3,2,200,1,1,0,2,0,1.76
0,40,153,7735,1,1,2,3,2,179,0,0,0,1,2,3.3
0,20,168,12923,1,1,3,3,2,199,0,1,50,1,4,4.58
1,31,188,12915,1,1,2,3,2,111,0,0,63,1,3,3.65
0,27,166,6200,0,1,2,1,3,100,0,1,0,1,5,2.25
1,18,171,8646,1,1,2,3,2,178,0,0,0,1,5,2.96
1,21,182,7200,1,1,2,3,2,300,0,3,60,1,1,2.17
1,21,170,7000,1,1,2,3,2,200,0,1,60,1,1,2.42
1,20,180,5800,0,1,2,3,1,200,0,2,60,1,0,1.79
0,22,165,6000,0,1,3,1,1,100,0,0,0,2,1,2.2
0,25,162,10287,1,1,3,3,2,144,0,0,35,1,4,3.92
1,21,179,8999,1,1,2,2,2,182,0,0,0,1,6,2.81
1,22,167,6800,1,0,2,3,2,200,0,0,120,2,1,2.44
0,18,166,5100,1,1,3,3,2,200,0,2,60,2,0,1.85
0,18,178,13820,1,1,3,3,2,283,0,0,40,1,4,4.36
1,18,167,6600,0,1,2,3,2,100,0,1,60,1,1,2.37
0,22,167,5000,1,1,3,4,1,200,0,2,0,1,0,1.79
0,25,162,10496,1,1,3,3,2,285,0,0,33,1,4,4.0
0,18,156,5000,0,1,2,3,1,100,0,1,60,1,1,2.05
0,19,174,13387,1,1,3,3,2,286,0,1,52,1,4,4.42
1,23,167,9000,1,1,1,1,2,300,0,1,60,2,2,3.23
0,25,164,10477,1,1,3,3,2,160,0,0,47,1,4,3.9
0,21,162,6100,1,0,3,3,2,100,0,2,0,2,1,2.32
1,22,172,6200,0,1,2,3,2,100,1,0,120,2,1,2.1
1,20,165,5800,1,1,2,3,2,200,0,1,0,2,1,2.13
1,21,186,12152,1,1,3,2,2,204,0,1,0,1,3,3.51
1,20,175,7500,1,1,2,3,0,300,0,1,60,1,5,2.45
1,25,171,7500,1,1,2,2,2,184,0,1,44,1,5,2.56
1,23,179,12147,1,1,2,2,2,112,0,0,0,1,3,3.79
0,26,164,11186,1,1,3,3,2,262,0,0,9,1,4,4.16
1,19,182,7000,1,1,3,1,2,200,0,3,60,1,1,2.11
0,18,163,8200,1,1,2,1,2,100,0,0,7,2,2,3.09
0,26,162,10998,1,1,3,3,2,268,0,0,27,1,4,4.19
0,25,179,10499,1,1,3,3,2,256,0,0,37,1,4,3.28
1,37,181,11818,1,1,2,3,2,202,0,0,0,1,3,3.61
1,17,190,6800,0,0,3,3,1,200,0,1,120,2,1,1.88
1,19,175,7600,0,1,3,3,0,200,0,1,0,2,1,2.48
0,26,162,11067,1,1,3,3,2,257,0,0,12,1,4,4.22
1,21,174,5600,0,0,3,3,2,200,0,2,0,2,1,1.85
1,24,171,8165,1,1,1,1,2,100,0,0,53,2,6,2.79
0,25,163,11080,1,1,3,3,2,123,0,0,39,1,4,4.17
1,26,186,12099,1,1,2,3,2,216,0,1,0,1,3,3.5
1,37,175,11770,1,1,2,3,2,215,0,0,0,1,3,3.84
1,24,181,8608,1,1,2,3,2,200,0,0,84,1,6,2.63
0,21,162,8200,1,1,1,1,2,200,0,0,0,1,2,3.12
0,25,162,10542,1,1,3,3,2,232,0,0,32,1,4,4.02
1,22,187,12127,1,1,2,2,2,283,0,1,52,1,3,3.47
1,31,177,12000,1,1,2,3,2,204,0,1,71,1,3,3.83
0,22,159,4441,0,0,3,1,1,282,0,0,0,1,0,1.76
0,21,164,4200,0,1,3,1,2,100,1,0,0,1,0,1.56
1,28,177,11371,1,1,2,3,2,200,0,0,100,1,3,3.63
1,23,181,9526,1,1,2,2,2,200,0,1,60,1,6,2.91
1,21,175,11833,1,1,2,3,2,200,0,0,104,1,3,3.86
1,22,169,9532,1,1,2,3,2,200,0,0,60,2,2,3.34
1,18,172,5205,1,1,2,3,2,264,0,0,77,1,0,1.76
1,25,176,11447,1,1,1,3,2,200,0,1,51,1,3,3.7
1,19,165,4500,1,1,2,4,2,200,0,1,60,1,1,1.65
1,17,185,5940,1,1,2,3,2,200,0,2,0,1,0,1.74
1,17,180,9741,1,1,3,3,2,200,0,2,60,1,6,3.01
0,26,164,11188,1,1,3,3,2,274,0,0,14,1,4,4.16
1,21,176,8000,0,1,3,3,3,300,0,1,0,2,6,2.58
0,26,162,11188,1,1,3,3,2,244,0,0,11,1,4,4.26
0,26,164,11194,1,1,3,3,2,247,0,0,23,1,4,4.16
1,27,190,9900,1,1,3,3,0,200,0,1,0,1,6,2.74
1,25,177,6500,1,0,2,3,1,100,0,1,0,1,1,2.07
1,24,188,12125,1,1,1,3,2,204,0,0,37,1,3,3.43
1,30,165,9000,1,1,1,3,2,200,0,0,0,2,2,3.31
0,38,168,7982,1,1,2,1,2,281,0,3,0,2,5,2.83
0,23,165,6800,0,1,3,3,0,200,0,1,0,2,1,2.5
1,21,172,7500,1,1,2,3,2,200,0,1,60,1,5,2.54
0,25,169,10484,1,1,3,3,2,241,0,0,33,1,4,3.67
0,18,154,6714,1,0,2,2,2,162,0,0,99,1,6,2.83
0,19,160,8400,1,1,3,3,2,200,0,1,0,2,2,3.28
1,28,176,11390,1,1,2,3,2,206,0,0,68,1,3,3.68
0,22,160,8200,1,1,2,3,2,200,0,2,120,1,2,3.2
0,34,169,7743,1,0,2,1,2,134,0,0,40,2,6,2.71
1,22,172,6800,0,1,2,3,2,200,0,1,60,1,1,2.3
0,18,170,6500,1,1,3,3,2,100,1,1,0,1,1,2.25
0,21,152,4200,0,1,2,1,1,100,0,0,53,1,0,1.82
1,34,174,8400,1,1,2,3,2,200,0,3,60,1,6,2.77
0,21,166,6886,1,1,2,3,3,282,0,0,1,1,5,2.5
1,21,171,7500,1,1,2,3,3,197,0,0,0,1,5,2.56
0,18,162,10278,1,1,3,3,2,282,0,0,49,1,4,3.92
0,16,155,5000,1,1,2,3,2,200,0,0,0,1,1,2.08
1,21,175,10568,1,1,2,3,2,300,0,3,99,1,2,3.45
1,21,175,5500,1,1,2,3,2,200,0,3,120,2,0,1.8
0,20,174,13395,1,1,3,3,2,284,0,1,54,1,4,4.42
0,21,155,5500,0,1,2,3,2,300,0,2,60,1,1,2.29
1,22,171,9286,1,1,1,3,2,200,0,0,43,1,2,3.18
1,15,174,7500,0,1,1,3,0,300,0,2,0,1,5,2.48
0,20,173,12649,1,1,3,3,2,243,0,0,52,1,4,4.23
0,23,166,8421,1,1,2,3,2,178,0,0,60,2,2,3.06
0,25,163,10213,1,1,3,3,2,148,0,0,49,1,4,3.84
0,18,163,8525,1,1,2,3,2,163,0,1,44,2,2,3.21
0,18,170,7800,1,0,3,3,2,200,0,1,60,0,6,2.7
0,19,175,7797,1,1,2,2,2,232,0,0,48,1,5,2.55
0,19,150,6100,0,1,2,1,2,100,0,0,0,2,5,2.71
0,16,169,5700,1,1,2,3,2,200,0,2,60,2,1,2.0
0,43,164,8132,1,1,2,2,2,129,0,0,0,2,2,3.02
0,17,160,5800,0,1,3,3,2,200,0,0,60,2,1,2.27
0,26,164,10427,1,1,3,3,2,253,0,0,32,1,4,3.88
0,21,180,15141,1,1,3,3,2,260,0,0,55,1,4,4.67
1,22,184,12128,1,1,2,2,2,200,0,1,0,1,3,3.58
0,42,157,8110,1,1,2,3,2,200,0,0,0,2,2,3.29
1,21,170,7500,0,1,2,3,2,300,0,2,120,1,5,2.6
1,31,170,8259,1,1,2,1,2,162,0,0,11,1,6,2.86
1,22,177,11659,1,1,1,2,2,200,0,0,0,1,3,3.72
0,25,163,10998,1,1,3,3,2,144,0,0,42,1,4,4.14
1,29,181,10991,1,1,2,2,2,140,0,1,0,1,2,3.35
1,21,179,7500,0,1,2,3,2,300,1,3,0,1,5,2.34
0,22,168,9361,1,1,1,3,2,136,0,0,0,2,2,3.32
1,19,188,7900,1,1,3,3,0,200,0,1,0,1,1,2.24
1,25,175,7000,1,1,2,3,2,200,0,0,0,2,1,2.29
1,18,170,7000,1,1,3,3,1,100,0,1,60,1,1,2.42
0,17,160,6500,1,1,2,1,2,200,1,1,60,2,5,2.54
1,29,175,11201,1,1,1,3,2,203,0,0,0,1,3,3.66
1,23,175,6600,1,1,3,3,2,200,0,0,0,1,1,2.16
1,31,175,11984,1,1,2,3,2,300,0,0,60,1,3,3.91
0,26,166,11186,1,1,3,3,2,262,0,0,8,1,4,4.06
0,22,165,8000,1,1,2,3,2,200,0,0,120,2,6,2.94
1,18,173,10893,1,1,2,3,2,204,0,1,93,2,2,3.64
0,18,180,14179,1,1,3,3,2,247,0,1,50,1,4,4.38
1,17,179,5714,1,1,2,4,2,200,0,2,8,2,0,1.78
0,22,159,8204,1,1,2,2,2,200,0,0,120,2,2,3.25
0,21,174,13387,1,1,3,3,2,195,0,1,55,1,4,4.42
0,22,161,8226,1,1,1,1,2,243,0,0,0,2,2,3.17
0,21,172,6800,1,1,2,3,2,200,0,1,60,2,6,2.3
1,18,162,6900,0,0,3,3,3,200,0,2,60,1,5,2.63
0,20,156,8867,1,1,2,1,2,300,0,0,33,2,2,3.64
0,26,164,11182,1,1,3,3,2,262,0,0,8,1,4,4.16
1,25,177,11534,1,1,2,3,2,210,0,1,73,1,3,3.68
0,23,164,5900,0,1,2,3,2,200,0,2,0,2,1,2.19
1,31,176,11842,1,1,2,3,2,196,0,0,46,1,2,3.82
1,33,173,8315,1,1,2,2,2,187,0,1,23,2,6,2.78
0,26,162,10642,1,1,3,3,2,265,0,0,44,1,4,4.06
1,26,170,10300,1,1,2,3,2,200,0,3,0,0,2,3.56
1,20,180,5000,0,1,2,3,1,100,0,2,60,1,0,1.54
0,23,167,8331,1,1,2,3,2,193,0,0,80,2,2,2.99
1,31,176,12811,1,1,2,3,2,159,0,0,0,1,3,4.14
1,21,165,8000,1,1,2,3,2,200,0,0,0,2,6,2.94
1,18,172,5200,0,1,3,3,1,200,0,1,60,1,0,1.76
1,28,178,11377,1,1,1,3,2,202,0,0,86,1,3,3.59
0,39,150,7958,1,1,2,3,2,213,0,0,0,1,2,3.54
1,24,176,11308,1,1,2,2,2,287,0,0,7,2,3,3.65
0,22,156,5100,0,1,3,3,2,100,0,1,60,2,0,2.1
0,26,162,10701,1,1,3,3,2,270,0,0,6,1,4,4.08
1,18,170,7500,0,1,2,3,0,300,0,1,60,1,5,2.6
1,41,175,11500,1,0,2,3,2,200,0,2,0,2,3,3.76
0,18,160,4500,0,1,3,3,2,200,0,1,120,1,0,1.76
0,26,164,11192,1,1,3,3,2,278,0,0,5,1,4,4.16
0,20,156,5800,0,1,3,1,2,200,0,1,0,1,1,2.38
1,26,184,12064,1,1,2,3,2,300,0,0,0,1,3,3.56
1,22,171,7000,0,1,3,4,2,100,0,2,0,1,1,2.39
1,18,177,5000,0,1,3,3,2,100,0,1,60,1,0,1.6
1,25,178,11377,1,1,1,3,2,207,0,1,52,1,3,3.59
0,26,162,11186,1,1,3,3,2,260,0,0,15,1,4,4.26
0,25,162,10477,1,1,3,3,2,277,0,0,9,1,4,3.99
1,24,160,9998,1,1,2,1,2,100,0,1,0,2,3,3.91
0,26,162,11194,1,1,3,3,2,241,0,0,10,1,4,4.27
0,19,174,13364,1,1,3,3,2,286,0,1,42,1,4,4.41
1,22,170,6000,1,1,3,3,1,200,0,3,0,2,1,2.08
0,21,167,7300,1,1,3,1,2,200,0,1,0,1,5,2.62
0,25,162,10503,1,1,3,3,2,273,0,0,27,1,4,4.0
1,20,175,7500,0,0,3,3,1,100,1,1,0,1,1,2.45
1,21,172,7500,0,1,3,3,2,100,0,1,0,1,5,2.54
1,21,175,5145,1,1,3,3,1,200,0,0,0,2,0,1.68
1,17,176,8500,0,1,3,3,1,200,0,2,0,1,5,2.74
1,28,182,12099,1,1,2,3,2,235,0,0,75,1,3,3.65
1,33,189,9105,1,1,2,2,2,276,0,2,49,1,6,2.55
1,21,169,7500,0,1,3,3,1,100,0,0,0,1,5,2.63
1,23,170,8378,1,1,2,2,2,197,0,0,1,1,6,2.9
0,24,160,6800,1,1,3,3,2,300,0,3,0,2,5,2.66
1,18,156,5000,1,0,2,3,3,100,0,1,0,1,1,2.05
0,25,166,10475,1,1,3,3,2,143,0,0,43,1,4,3.8
0,22,165,8000,1,1,2,3,2,100,0,0,120,1,6,2.94
1,17,165,8301,1,1,2,3,2,200,0,0,55,1,6,3.05
1,22,175,7900,0,1,2,1,0,200,1,2,60,1,5,2.58
0,21,160,4800,0,1,2,3,2,200,0,0,60,1,1,1.87
0,19,150,6110,0,1,3,3,2,169,0,0,52,1,0,2.72
1,21,185,11666,1,1,2,3,2,117,0,0,120,1,2,3.41
1,26,176,11984,1,1,2,3,2,282,0,0,42,1,3,3.87
0,19,152,6943,0,1,1,3,2,207,1,2,60,1,5,3.01
1,18,179,10882,1,1,2,1,2,270,0,1,0,2,2,3.4
1,30,176,11227,1,1,1,3,2,204,0,0,37,1,3,3.62
1,26,184,10999,1,1,2,3,2,100,0,0,84,1,3,3.25
0,22,172,8200,1,1,2,1,2,200,0,2,0,1,2,2.77
1,21,180,10370,1,1,2,3,2,262,0,1,118,2,2,3.2
1,37,175,11820,1,1,2,2,2,197,0,0,0,1,3,3.86
0,18,156,8000,0,1,2,3,2,200,0,2,120,2,1,3.29
1,21,181,10503,1,1,2,3,2,152,0,0,80,1,2,3.21
0,38,150,8000,1,1,2,3,2,100,0,0,0,2,2,3.56
0,25,161,10483,1,1,3,3,2,261,0,0,55,1,4,4.04
1,23,182,9300,1,1,2,3,2,100,0,1,60,1,2,2.81
1,18,170,5017,1,1,1,3,2,245,0,0,119,1,0,1.74
0,19,169,4960,0,0,2,3,1,200,0,2,60,1,0,1.74
1,23,179,10565,1,1,2,3,2,221,0,0,30,1,2,3.3
0,26,165,11193,1,1,3,3,2,300,0,0,5,1,2,4.11
0,20,171,12870,1,1,3,3,2,241,0,1,46,1,4,4.4
1,27,168,8999,1,1,1,3,2,265,0,0,0,2,2,3.19
1,18,180,9000,1,1,2,3,2,300,0,2,60,1,2,2.78
0,20,160,6500,1,0,2,3,2,200,0,2,0,1,1,2.54
0,21,173,13366,1,1,3,3,2,284,0,1,57,1,4,4.47
0,25,165,10496,1,1,3,3,2,104,0,0,37,1,4,3.86
0,26,163,11193,1,1,3,3,2,270,0,0,7,1,4,4.21
1,26,175,11784,1,1,2,2,2,249,0,1,1,1,3,3.85
0,19,160,4900,1,1,2,3,2,200,0,1,60,2,0,1.91
1,39,178,10106,1,1,2,3,2,211,0,2,0,1,2,3.19
1,23,177,11616,1,1,1,3,2,200,0,1,4,1,3,3.71
0,24,170,12123,1,1,3,3,2,253,0,0,34,1,4,4.19
0,17,176,5000,1,1,2,3,2,143,0,1,55,2,0,1.61
0,25,162,10432,1,1,3,3,2,123,0,0,39,1,4,3.98
0,26,162,10503,1,1,3,3,2,270,0,0,30,1,4,4.0
1,20,176,5369,1,1,2,3,1,226,0,0,7,2,0,1.73
1,23,175,9792,1,1,2,3,2,200,0,0,118,2,2,3.2
1,20,185,8500,0,1,2,1,0,200,0,0,120,1,6,2.48
0,25,162,10494,1,1,3,3,2,129,0,0,53,1,4,4.0
0,23,158,8056,1,1,2,1,2,249,0,0,120,1,5,3.23
0,21,180,15524,1,1,3,3,2,100,0,1,55,1,4,4.79
1,25,177,11307,1,1,1,3,2,200,0,1,50,1,3,3.61
0,21,181,15206,1,1,3,3,2,251,0,0,15,1,4,4.64
1,30,175,12091,1,1,2,3,2,298,0,0,77,1,3,3.95
1,20,179,10513,1,1,2,3,2,203,0,0,30,1,2,3.28
0,23,163,8300,1,1,2,1,2,300,0,1,0,2,2,3.12
0,26,160,6600,0,1,3,3,2,200,0,2,0,1,5,2.58
1,19,180,8500,0,1,2,4,1,300,1,2,60,2,5,2.62
1,23,168,8191,1,1,2,1,2,191,0,1,60,1,6,2.9
1,23,171,8441,1,1,2,2,2,295,0,2,0,2,2,2.89
1,24,160,10094,1,1,2,2,2,112,0,1,0,1,3,3.94
0,18,165,5800,0,1,3,3,2,200,0,2,0,2,1,2.13
0,26,164,11186,1,1,3,3,2,262,0,0,10,1,4,4.16
1,29,184,8728,1,1,3,3,2,200,0,0,60,1,5,2.58
1,21,170,6600,1,1,3,3,0,200,0,1,60,1,1,2.28
0,39,155,8000,1,1,2,3,2,100,0,0,0,1,2,3.33
0,19,153,6200,0,0,2,1,2,200,0,1,0,1,6,2.65
0,26,164,11192,1,1,3,3,2,261,0,0,14,1,4,4.16
1,26,185,12015,1,1,2,3,2,300,0,0,1,1,3,3.51
0,22,158,4400,0,0,3,3,1,268,0,2,0,2,0,1.76
0,25,173,10990,1,1,3,3,2,261,0,0,80,1,4,3.67
0,25,171,10496,1,1,3,3,2,165,0,0,24,1,4,3.59
0,21,168,7500,0,1,3,3,1,200,0,1,0,1,5,2.66
0,21,178,13783,1,1,3,3,2,248,0,1,37,1,4,4.35
0,18,158,5300,0,1,1,3,2,200,0,1,120,1,1,2.12
1,29,175,8609,1,1,2,2,2,127,0,1,0,2,6,2.81
1,18,174,7600,1,0,3,3,2,200,0,1,60,0,6,2.51
1,23,186,12124,1,1,3,2,2,262,0,0,0,1,3,3.5
0,24,169,11307,1,1,3,3,2,272,0,0,55,1,4,3.96
0,25,168,10487,1,1,3,3,2,144,0,0,39,1,4,3.72
1,23,170,8203,1,1,2,3,2,200,0,0,97,1,6,2.84
0,26,164,11192,1,1,3,3,2,268,0,0,9,1,4,4.16
0,21,172,13396,1,1,3,3,2,256,0,1,53,1,4,4.53
1,27,165,6300,0,1,1,3,2,200,0,0,0,1,1,2.31
0,26,163,10701,1,1,3,3,2,252,0,0,24,1,4,4.03
1,21,160,7000,0,1,2,3,2,300,0,1,0,1,5,2.73
0,23,164,8413,1,1,2,1,2,277,0,2,9,2,2,3.13
0,26,163,11194,1,1,3,3,2,278,0,0,2,1,4,4.21
1,23,175,11789,1,1,1,1,2,200,0,1,0,1,3,3.85
0,26,163,11182,1,1,3,3,2,263,0,0,27,1,4,4.21
1,29,172,11287,1,1,1,3,2,209,0,0,42,1,3,3.82
1,29,180,8400,1,1,3,3,2,300,0,1,0,1,6,2.59
1,18,176,7950,1,1,1,3,2,200,1,3,0,2,5,2.57
1,25,190,8000,1,1,2,3,0,100,0,0,120,1,1,2.22
0,38,156,7800,1,1,2,1,2,200,0,0,0,1,2,3.21
1,18,180,5600,1,1,2,4,1,200,0,2,60,2,0,1.73
0,21,170,13348,1,1,3,3,2,286,0,1,57,1,4,4.62
0,26,163,11194,1,1,3,3,2,278,0,0,5,1,4,4.21
0,26,164,11193,1,1,3,3,2,262,0,0,5,1,4,4.16
1,27,185,11943,1,1,2,2,2,217,0,1,27,1,3,3.49
1,30,175,11220,1,1,1,3,2,200,0,0,104,1,3,3.66
0,23,160,6100,0,1,2,3,2,100,0,0,60,1,1,2.38
1,23,184,6263,1,1,2,3,2,200,0,2,26,2,0,1.85
0,25,162,10268,1,1,3,3,2,106,0,0,60,1,4,3.91
1,18,179,10860,1,1,2,3,2,277,0,0,96,2,2,3.39
1,18,175,5233,1,1,2,3,2,200,0,0,89,1,0,1.71
1,23,165,9900,1,1,2,1,0,100,0,1,120,2,3,3.64
0,19,167,8061,1,1,2,3,2,243,0,1,42,1,5,2.89
1,18,168,7966,1,1,3,2,2,100,0,0,60,2,6,2.82
1,25,184,11400,1,1,2,1,2,200,0,1,0,1,3,3.37
0,19,165,5800,0,1,2,1,3,100,0,1,0,1,1,2.13
0,18,160,5100,1,1,3,3,1,100,0,0,60,1,1,1.99
0,18,165,9000,1,1,2,3,2,300,0,1,0,1,2,3.31
1,24,170,8400,1,1,2,3,2,200,0,1,60,1,6,2.91
0,18,174,13290,1,1,3,3,2,289,0,1,48,1,4,4.39
0,26,162,11168,1,1,3,3,2,269,0,0,14,1,4,4.26
1,21,177,9781,1,1,2,1,2,297,0,0,100,2,2,3.12
0,19,177,13378,1,1,3,3,2,295,0,1,39,1,4,4.27
0,18,161,6500,1,1,2,3,1,300,0,3,120,2,1,2.51
1,25,176,12090,1,1,2,3,2,229,0,0,81,1,3,3.9
1,26,175,8000,0,1,2,1,2,200,0,1,0,1,5,2.61
0,19,160,4500,1,1,3,3,2,200,0,0,60,1,1,1.76
1,17,172,9797,1,1,2,3,2,300,0,1,120,2,2,3.31
0,25,167,10479,1,1,3,3,2,165,0,0,40,1,4,3.76
0,40,155,6263,0,1,2,3,2,100,0,0,43,1,5,2.61
0,25,163,10479,1,1,3,3,2,123,0,0,39,1,4,3.94
1,31,173,8227,1,1,2,3,2,163,0,0,0,1,6,2.75
0,20,160,6500,1,1,2,3,2,200,0,1,60,1,5,2.54
1,33,170,10213,1,1,2,2,2,100,0,1,0,2,3,3.53
0,19,153,4200,0,1,3,1,2,100,0,0,0,2,0,1.79
1,24,175,11732,1,1,1,3,2,200,0,1,37,1,3,3.83
1,25,175,11400,1,1,3,3,2,200,0,2,0,1,3,3.72
0,20,154,4200,0,1,3,1,1,100,0,0,0,1,0,1.77
0,38,175,6285,0,1,2,3,2,155,0,0,38,1,5,2.05
0,18,153,4166,1,1,2,1,2,125,0,0,100,1,0,1.78
0,18,172,5000,1,0,3,3,0,200,1,3,120,1,0,1.69
1,19,177,4193,0,1,2,1,2,124,0,0,91,1,0,1.34
0,21,181,5000,1,1,3,3,1,143,0,0,60,1,0,1.53
1,18,171,10889,1,1,2,1,2,200,0,0,118,1,2,3.72
0,21,152,4200,0,1,2,1,1,100,0,0,0,1,0,1.82
0,18,165,5600,0,1,3,3,2,200,0,1,60,2,1,2.06
0,19,170,4980,0,0,2,4,1,200,0,2,60,1,0,1.72
0,25,162,10503,1,1,3,3,2,103,0,0,39,1,4,4.0
0,38,156,8000,1,1,2,2,2,183,0,0,0,2,6,3.29
0,21,153,4200,0,1,2,3,1,179,0,0,5,1,0,1.79
1,33,174,8472,1,1,2,3,2,134,0,2,0,2,6,2.8
0,17,170,5000,0,1,1,3,1,100,0,2,0,1,0,1.73
1,21,172,9844,1,1,2,2,2,237,0,2,120,2,2,3.33
1,19,180,8500,1,0,3,3,2,300,0,2,60,1,5,2.62
1,20,165,8000,1,0,3,3,1,200,0,1,120,0,6,2.94
0,35,164,7984,1,1,2,3,2,100,0,0,3,2,6,2.97
0,26,162,10503,1,1,3,3,2,247,0,0,26,1,4,4.0
1,24,176,11738,1,1,2,2,2,202,0,1,26,1,3,3.79
1,21,179,8980,1,0,2,3,2,200,0,1,0,1,5,2.8
1,21,162,7000,1,1,3,1,2,300,0,1,0,1,5,2.67
0,25,163,10498,1,1,3,3,2,132,0,0,43,1,4,3.95
1,23,171,8213,1,1,2,2,2,122,0,0,58,1,6,2.81
1,40,161,10998,1,1,2,2,2,100,0,1,28,1,3,4.24
0,20,159,4900,0,0,2,3,2,200,0,2,0,1,1,1.94
1,22,179,10503,1,1,2,3,2,203,0,2,30,1,2,3.28
0,19,171,5114,1,1,3,3,1,122,0,1,48,2,0,1.75
0,19,174,7800,1,1,3,1,2,200,0,1,0,1,5,2.58
0,26,163,11194,1,1,3,3,2,239,0,0,2,1,4,4.21
0,19,174,4993,0,1,2,3,1,272,0,2,60,1,0,1.65
0,18,161,6400,1,1,3,3,2,200,0,1,60,1,1,2.47
1,33,172,9900,0,1,2,1,2,200,0,2,0,0,6,3.35
1,21,175,8904,1,1,1,3,2,200,0,0,60,2,6,2.91
0,25,164,10483,1,1,3,3,2,153,0,0,26,1,4,3.9
1,18,175,8000,1,1,2,2,2,213,0,0,3,2,5,2.61
0,21,160,13346,1,1,3,3,2,283,0,1,8,1,4,5.21
0,40,155,7756,1,1,2,3,2,113,0,0,31,1,2,3.23
1,25,176,11418,1,1,2,3,2,215,0,1,11,1,3,3.69
1,18,171,5000,0,1,3,4,1,100,0,2,60,1,0,1.71
1,20,181,10558,1,1,2,3,2,200,0,1,71,2,3,3.22
1,33,170,8352,1,1,2,1,2,214,0,0,58,2,6,2.89
1,26,181,11813,1,1,3,3,2,200,0,0,42,1,3,3.61
